Line	 z_cosmo	 z_doppler	 z_effective	 wavelength [A]	delta wavelength [A]	 optical depth	column density [cm^-2]	 thermal broadening [km/s]	equivalent width [A]	 velocity_los [km/s]	temperature [K]	 density [g/cm^3]	 pressure [dyne/cm^2]	dl [kpccm/h]	 cell_volume [kpccm/h^3]	 x [kpccm/h]	y [kpccm/h]	 z [kpccm/h]	 v_x [km/s]	 v_y [km/s]	v_z [km/s]	 
Line,z_cosmo,z_dopp,z_eff,lambda,delta_lamdba,tau,N,thermal_b,EW,v_los,T,rho,p,dl,cell_volume,x,y,z,vx,vy,vz
C II 1335,8.454645e-06,2.931416e-04,3.015987e-04,1334.934493,0.402493,8.704902e+00,4.278642e+13,1.003480e-05,8.709690e-01,8.775844e+01,4.379989e+06,2.859447e-27,2.584729e-12,3.326223e-01,7.450581e+00,2.180762e+04,3.272754e+04,3.291895e+04,-2.666163e+02,3.296753e+01,-4.093574e+01
C II 1335,8.343694e-06,3.411721e-04,3.495186e-04,1334.998444,0.466444,1.133195e+01,5.569623e+13,9.714853e-06,8.709690e-01,1.021619e+02,4.105136e+06,2.458380e-27,2.085668e-12,5.897816e-01,7.450581e+00,2.180957e+04,3.272754e+04,3.291895e+04,-2.625189e+02,4.209969e+01,-2.437176e+01
C II 1335,8.146962e-06,3.917965e-04,3.999466e-04,1335.065742,0.533742,1.753571e+01,8.618325e+13,1.004839e-05,8.709690e-01,1.173084e+02,4.391854e+06,3.623021e-27,3.294343e-12,6.783852e-01,7.450581e+00,2.180957e+04,3.272559e+04,3.291895e+04,-2.938651e+02,5.003175e+01,-2.452765e+01
C II 1335,7.920675e-06,3.404032e-04,3.483266e-04,1334.996853,0.464853,2.679899e+01,1.317165e+14,1.019142e-05,8.709690e-01,1.019423e+02,4.517773e+06,2.286147e-27,2.137403e-12,2.222932e+00,7.450581e+00,2.180957e+04,3.272559e+04,3.291699e+04,-2.525249e+02,2.618971e+01,-1.630859e+01
C II 1335,7.179179e-06,2.307195e-04,2.379004e-04,1334.849486,0.317486,4.030346e+00,1.986697e+13,8.761531e-06,8.709690e-01,6.908309e+01,3.338990e+06,2.769819e-27,1.918432e-12,9.318235e-01,7.450581e+00,2.180957e+04,3.272559e+04,3.291504e+04,-2.229987e+02,2.215736e+00,-3.390959e+01
C II 1335,6.868354e-06,2.636996e-04,2.705697e-04,1334.893084,0.361084,1.440297e+01,7.079578e+13,8.363439e-06,8.709690e-01,7.902775e+01,3.042460e+06,1.736335e-27,1.093709e-12,1.291109e+00,7.450581e+00,2.181152e+04,3.272559e+04,3.291504e+04,-1.253432e+02,8.520026e+00,2.518612e+01
C II 1335,6.437683e-06,2.013245e-04,2.077635e-04,1334.809267,0.277267,8.454835e-01,4.156201e+12,6.025304e-06,8.709690e-01,6.032429e+01,1.579112e+06,3.097941e-27,1.016986e-12,2.504052e-01,9.313226e-01,2.181104e+04,3.272607e+04,3.291357e+04,-1.366259e+02,-8.983248e+00,1.847997e+00
C II 1335,6.354156e-06,2.296052e-04,2.359608e-04,1334.846897,0.314897,6.166671e+00,3.031457e+13,6.547414e-06,8.709690e-01,6.877055e+01,1.864639e+06,6.676625e-27,2.587422e-12,6.699474e-01,9.313226e-01,2.181104e+04,3.272510e+04,3.291357e+04,-1.938244e+02,-1.102496e+01,-1.686436e+01
C II 1335,6.130684e-06,3.171855e-04,3.233181e-04,1334.963478,0.431478,1.249696e+01,6.142524e+13,6.074699e-06,8.709690e-01,9.500803e+01,1.605109e+06,1.250973e-26,4.170540e-12,1.911135e-01,9.313226e-01,2.181201e+04,3.272510e+04,3.291357e+04,-2.211959e+02,8.349475e+00,-4.765735e+00
C II 1335,6.066935e-06,1.727187e-04,1.787867e-04,1334.770597,0.238597,2.738085e+01,1.346111e+14,4.999801e-07,8.709690e-01,5.171368e+01,1.087328e+04,1.949723e-26,3.974983e-14,1.111466e+00,9.313226e-01,2.181201e+04,3.272510e+04,3.291260e+04,-1.945054e+02,1.019994e+01,-4.100900e+01
C II 1335,5.696187e-06,1.551451e-04,1.608422e-04,1334.746649,0.214649,9.146995e+01,4.496602e+14,5.242788e-06,8.709690e-01,4.648560e+01,1.195583e+06,7.843349e-27,1.952482e-12,9.088817e-01,9.313226e-01,2.181201e+04,3.272510e+04,3.291162e+04,-1.232936e+02,1.006000e+01,-1.113974e+01
C II 1335,5.393015e-06,2.488527e-04,2.542471e-04,1334.871301,0.339301,1.140753e+02,5.607348e+14,5.434194e-06,8.709690e-01,7.453524e+01,1.284474e+06,2.897998e-26,7.745979e-12,2.025844e-01,9.313226e-01,2.181299e+04,3.272510e+04,3.291162e+04,-2.021532e+02,9.864798e+00,-1.880925e+01
C II 1335,5.325439e-06,1.694222e-04,1.747485e-04,1334.765208,0.233208,1.054043e+02,5.181551e+14,5.675516e-06,8.709690e-01,5.076711e+01,1.401089e+06,9.533942e-27,2.781376e-12,1.111466e+00,9.313226e-01,2.181299e+04,3.272510e+04,3.291064e+04,-1.205564e+02,8.208171e+00,-4.508157e+00
C II 1335,4.954691e-06,1.075816e-04,1.125368e-04,1334.682184,0.150184,2.839262e-01,1.441493e+12,6.096374e-06,8.709690e-01,3.224960e+01,1.616584e+06,4.770043e-28,1.608287e-13,8.974108e-01,9.313226e-01,2.181299e+04,3.272510e+04,3.290967e+04,-3.353906e+01,8.665027e+00,1.805618e+01
C II 1335,4.655345e-06,1.048997e-04,1.095556e-04,1334.678205,0.146205,3.794067e-01,1.865277e+12,6.194394e-06,8.709690e-01,3.144575e+01,1.668986e+06,2.017160e-28,7.026406e-14,2.140553e-01,9.313226e-01,2.181396e+04,3.272510e+04,3.290967e+04,-3.267946e+01,7.376084e+00,1.783986e+01
C II 1335,4.583943e-06,1.095952e-04,1.141796e-04,1334.684376,0.152376,0.000000e+00,0.000000e+00,6.422185e-06,8.709690e-01,3.285243e+01,1.793993e+06,2.491373e-28,9.343518e-14,6.772964e-02,9.313226e-01,2.181396e+04,3.272510e+04,3.290869e+04,-4.155563e+01,-2.708600e+00,1.706525e+01
C II 1335,4.561351e-06,6.236761e-05,6.692924e-05,1334.621319,0.089319,5.559452e-01,2.739301e+12,4.276681e-06,8.709690e-01,1.869596e+01,7.955526e+05,3.872845e-28,6.457473e-14,1.043736e+00,9.313226e-01,2.181396e+04,3.272412e+04,3.290869e+04,-2.639556e+01,-6.632619e+00,9.384015e+00
C II 1335,4.213195e-06,1.161260e-04,1.203397e-04,1334.692597,0.160597,1.418678e+00,6.974408e+12,5.141271e-06,8.709690e-01,3.480654e+01,1.149730e+06,9.476541e-28,2.285845e-13,8.859399e-01,9.313226e-01,2.181396e+04,3.272412e+04,3.290771e+04,-6.185646e+01,-1.784044e+01,1.221546e+01
C II 1335,3.917675e-06,2.068571e-04,2.107756e-04,1334.813287,0.281287,1.489907e-01,8.036692e+11,7.694028e-06,8.709690e-01,6.199732e+01,2.574913e+06,9.899961e-28,5.344322e-13,2.255262e-01,9.313226e-01,2.181494e+04,3.272412e+04,3.290771e+04,-9.339357e+01,-2.418944e+01,2.862502e+01
C II 1335,3.842447e-06,1.555975e-04,1.594406e-04,1334.744779,0.212779,1.171104e-01,5.899351e+11,5.808358e-06,8.709690e-01,4.663675e+01,1.467445e+06,6.051654e-28,1.864625e-13,1.111466e+00,9.313226e-01,2.181494e+04,3.272412e+04,3.290674e+04,-7.296672e+01,-1.959486e+01,2.045878e+01
C II 1335,3.471699e-06,1.794917e-04,1.829640e-04,1334.776171,0.244171,0.000000e+00,0.000000e+00,5.851490e-06,8.709690e-01,5.379612e+01,1.489320e+06,6.017741e-28,1.884095e-13,8.744690e-01,9.313226e-01,2.181494e+04,3.272412e+04,3.290576e+04,-8.667142e+01,-2.172534e+01,2.215984e+01
C II 1335,3.180005e-06,2.188901e-04,2.220708e-04,1334.828361,0.296361,1.244291e-04,1.137421e+10,6.067576e-06,8.709690e-01,6.560550e+01,1.601347e+06,5.309733e-28,1.786955e-13,2.369971e-01,9.313226e-01,2.181592e+04,3.272412e+04,3.290576e+04,-9.096239e+01,-1.775811e+01,3.262355e+01
C II 1335,3.100951e-06,2.238502e-04,2.269518e-04,1334.834874,0.302874,1.475260e+00,7.252270e+12,6.559622e-06,8.709690e-01,6.708697e+01,1.871599e+06,6.160115e-28,2.423441e-13,9.965201e-01,9.313226e-01,2.181592e+04,3.272412e+04,3.290479e+04,-1.044412e+02,-3.326786e+01,3.074271e+01
C II 1335,2.768545e-06,2.161714e-04,2.189406e-04,1334.824183,0.292183,8.235353e-02,4.204307e+11,6.284162e-06,8.709690e-01,6.478508e+01,1.717710e+06,8.167048e-28,2.949734e-13,1.149460e-01,9.313226e-01,2.181592e+04,3.272314e+04,3.290479e+04,-1.049268e+02,-3.313927e+01,2.785217e+01
C II 1335,2.730203e-06,2.244851e-04,2.272159e-04,1334.835227,0.303227,3.065882e+00,1.507277e+13,6.876652e-06,8.709690e-01,6.726674e+01,2.056881e+06,8.947370e-28,3.870657e-13,8.629981e-01,9.313226e-01,2.181592e+04,3.272314e+04,3.290381e+04,-1.247824e+02,-5.561248e+01,2.534478e+01
C II 1335,2.442335e-06,2.825341e-04,2.849771e-04,1334.912311,0.380311,1.834177e+00,9.016831e+12,6.877662e-06,8.709690e-01,8.465279e+01,2.057486e+06,1.614422e-27,6.983622e-13,2.484680e-01,9.313226e-01,2.181689e+04,3.272314e+04,3.290381e+04,-1.499646e+02,-7.377120e+01,3.623134e+01
C II 1335,2.359455e-06,2.770122e-04,2.793724e-04,1334.904831,0.372831,1.282677e+01,6.306361e+13,7.146324e-06,8.709690e-01,8.298834e+01,2.221368e+06,1.446802e-27,6.758281e-13,1.111466e+00,9.313226e-01,2.181689e+04,3.272314e+04,3.290283e+04,-1.570708e+02,-9.371273e+01,3.488924e+01
C II 1335,1.988707e-06,2.831240e-04,2.851133e-04,1334.912493,0.380493,5.162693e+00,2.538384e+13,7.240086e-06,8.709690e-01,8.481928e+01,2.280040e+06,1.108393e-27,5.312483e-13,3.494493e-01,1.164153e-01,2.181714e+04,3.272339e+04,3.290210e+04,-1.547923e+02,-9.976802e+01,3.937052e+01
C II 1335,1.872142e-06,2.500641e-04,2.519367e-04,1334.868218,0.336218,1.987023e+00,9.768644e+12,6.908369e-06,8.709690e-01,7.491356e+01,2.075899e+06,1.414936e-27,6.175097e-13,2.062838e-01,1.164153e-01,2.181714e+04,3.272290e+04,3.290210e+04,-1.511229e+02,-9.266229e+01,2.847117e+01
C II 1335,1.803333e-06,2.386035e-04,2.404073e-04,1334.852831,0.320831,2.375113e+00,1.167677e+13,6.922671e-06,8.709690e-01,7.148161e+01,2.084503e+06,1.332836e-27,5.838646e-13,2.957941e-01,1.164153e-01,2.181714e+04,3.272290e+04,3.290161e+04,-1.458055e+02,-8.923880e+01,2.652965e+01
C II 1335,1.704666e-06,2.364531e-04,2.381582e-04,1334.849830,0.317830,2.055451e+00,1.010466e+13,6.719173e-06,8.709690e-01,7.084417e+01,1.963753e+06,1.190665e-27,4.912890e-13,2.599389e-01,1.164153e-01,2.181763e+04,3.272290e+04,3.290161e+04,-1.380871e+02,-7.610999e+01,2.696838e+01
C II 1335,1.617959e-06,2.205042e-04,2.221225e-04,1334.828430,0.296430,3.337254e+00,1.640660e+13,6.792472e-06,8.709690e-01,6.606732e+01,2.006831e+06,1.130281e-27,4.763470e-13,5.557330e-01,1.164153e-01,2.181763e+04,3.272290e+04,3.290112e+04,-1.329485e+02,-6.849563e+01,2.253962e+01
C II 1335,1.432585e-06,2.065519e-04,2.079847e-04,1334.809562,0.277562,1.371933e+00,6.744882e+12,6.841079e-06,8.709690e-01,6.188819e+01,2.035656e+06,1.103848e-27,4.716528e-13,2.900587e-01,1.164153e-01,2.181763e+04,3.272290e+04,3.290063e+04,-1.291524e+02,-6.063038e+01,1.806456e+01
C II 1335,1.335831e-06,2.183703e-04,2.197064e-04,1334.825205,0.293205,1.154062e+00,5.673538e+12,6.745157e-06,8.709690e-01,6.543229e+01,1.978970e+06,1.137076e-27,4.721876e-13,2.656744e-01,1.164153e-01,2.181812e+04,3.272290e+04,3.290063e+04,-1.305632e+02,-5.138418e+01,1.947710e+01
C II 1335,1.247211e-06,1.912442e-04,1.924916e-04,1334.788886,0.256886,1.976190e+00,9.715390e+12,6.691252e-06,8.709690e-01,5.730459e+01,1.947466e+06,1.146218e-27,4.681630e-13,5.557330e-01,1.164153e-01,2.181812e+04,3.272290e+04,3.290015e+04,-1.237575e+02,-4.367925e+01,1.205378e+01
C II 1335,1.061837e-06,1.599671e-04,1.610292e-04,1334.746899,0.214899,5.735564e-01,2.819802e+12,6.663998e-06,8.709690e-01,4.793228e+01,1.931634e+06,1.083714e-27,4.388947e-13,2.581115e-01,1.164153e-01,2.181812e+04,3.272290e+04,3.289966e+04,-1.155581e+02,-3.757128e+01,4.244601e+00
C II 1335,9.757391e-07,1.570302e-04,1.580061e-04,1334.742864,0.210864,1.745213e-01,8.960756e+11,6.458717e-06,8.709690e-01,4.704696e+01,1.814461e+06,1.594692e-27,6.070502e-13,2.621175e-02,1.164153e-01,2.181812e+04,3.272241e+04,3.289966e+04,-1.299530e+02,-2.782611e+01,-6.013077e+00
C II 1335,9.669958e-07,1.849858e-04,1.859529e-04,1334.780160,0.248160,1.258786e+00,6.188219e+12,6.402801e-06,8.709690e-01,5.542773e+01,1.783180e+06,1.481196e-27,5.541206e-13,2.714098e-01,1.164153e-01,2.181860e+04,3.272241e+04,3.289966e+04,-1.317644e+02,-1.975012e+01,9.449411e-01
C II 1335,8.764625e-07,1.404574e-04,1.413340e-04,1334.720615,0.188615,1.200269e+00,5.900807e+12,6.400416e-06,8.709690e-01,4.208492e+01,1.781851e+06,1.217928e-27,4.551893e-13,5.557330e-01,1.164153e-01,2.181860e+04,3.272241e+04,3.289917e+04,-1.168286e+02,-1.291314e+01,-8.148315e+00
C II 1335,6.910885e-07,1.025071e-04,1.031982e-04,1334.669721,0.137721,1.337359e-01,6.852996e+11,6.394855e-06,8.709690e-01,3.071224e+01,1.778757e+06,1.022659e-27,3.815234e-13,2.785878e-01,1.164153e-01,2.181860e+04,3.272241e+04,3.289868e+04,-1.041699e+02,-7.561845e+00,-1.583651e+01
C II 1335,5.981609e-07,1.401575e-04,1.407558e-04,1334.719843,0.187843,9.034106e-02,4.639475e+11,6.461742e-06,8.709690e-01,4.199640e+01,1.816161e+06,1.041373e-27,3.967237e-13,2.771453e-01,1.164153e-01,2.181909e+04,3.272241e+04,3.289868e+04,-1.138076e+02,1.564590e+00,-9.724681e+00
C II 1335,5.057144e-07,1.176988e-04,1.182046e-04,1334.689748,0.157748,7.197941e-02,3.707697e+11,6.550094e-06,8.709690e-01,3.526479e+01,1.866165e+06,9.846727e-28,3.854557e-13,5.557330e-01,1.164153e-01,2.181909e+04,3.272241e+04,3.289819e+04,-1.093719e+02,5.138453e+00,-1.589592e+01
C II 1335,3.203404e-07,1.069018e-04,1.072221e-04,1334.675091,0.143091,5.672108e-04,5.635791e+10,6.597475e-06,8.709690e-01,3.202905e+01,1.893262e+06,9.464199e-28,3.758007e-13,2.728523e-01,1.164153e-01,2.181909e+04,3.272241e+04,3.289771e+04,-1.057206e+02,7.596868e+00,-1.825193e+01
C II 1335,2.293260e-07,1.433025e-04,1.435319e-04,1334.723548,0.191548,1.123816e-03,1.133438e+11,6.696679e-06,8.709690e-01,4.293732e+01,1.950627e+06,9.827184e-28,4.019899e-13,2.828807e-01,1.164153e-01,2.181958e+04,3.272241e+04,3.289771e+04,-1.170580e+02,1.772709e+01,-1.362977e+01
C II 1335,1.349664e-07,1.454536e-04,1.455886e-04,1334.726293,0.194293,1.191977e-04,1.202659e+10,6.699387e-06,8.709690e-01,4.358308e+01,1.952204e+06,9.587603e-28,3.924058e-13,1.667737e-01,1.164153e-01,2.181958e+04,3.272241e+04,3.289722e+04,-1.149359e+02,1.810710e+01,-1.190686e+01
C II 1335,7.933624e-08,1.536087e-04,1.536880e-04,1334.737102,0.205102,8.854069e-05,8.946981e+09,6.709230e-06,8.709690e-01,4.602455e+01,1.957945e+06,1.050875e-27,4.316253e-13,2.403215e-01,1.164153e-01,2.181958e+04,3.272192e+04,3.289722e+04,-1.225077e+02,2.227624e+01,-1.379580e+01
C IV 1548,8.454645e-06,2.931416e-04,3.015987e-04,1548.653931,0.466931,3.222792e-02,1.874941e+11,1.003480e-05,7.661237e-02,8.775844e+01,4.379989e+06,2.859447e-27,2.584729e-12,3.326223e-01,7.450581e+00,2.180762e+04,3.272754e+04,3.291895e+04,-2.666163e+02,3.296753e+01,-4.093574e+01
C IV 1548,8.343694e-06,3.411721e-04,3.495186e-04,1548.728120,0.541120,1.513835e-01,3.830765e+11,9.714853e-06,7.661237e-02,1.021619e+02,4.105136e+06,2.458380e-27,2.085668e-12,5.897816e-01,7.450581e+00,2.180957e+04,3.272754e+04,3.291895e+04,-2.625189e+02,4.209969e+01,-2.437176e+01
C IV 1548,8.146962e-06,3.917965e-04,3.999466e-04,1548.806192,0.619192,2.177740e-01,5.536056e+11,1.004839e-05,7.661237e-02,1.173084e+02,4.391854e+06,3.623021e-27,3.294343e-12,6.783852e-01,7.450581e+00,2.180957e+04,3.272559e+04,3.291895e+04,-2.938651e+02,5.003175e+01,-2.452765e+01
C IV 1548,7.920675e-06,3.404032e-04,3.483266e-04,1548.726275,0.539275,4.823649e-01,1.228911e+12,1.019142e-05,7.661237e-02,1.019423e+02,4.517773e+06,2.286147e-27,2.137403e-12,2.222932e+00,7.450581e+00,2.180957e+04,3.272559e+04,3.291699e+04,-2.525249e+02,2.618971e+01,-1.630859e+01
C IV 1548,7.179179e-06,2.307195e-04,2.379004e-04,1548.555314,0.368314,7.792784e-02,2.408197e+11,8.761531e-06,7.661237e-02,6.908309e+01,3.338990e+06,2.769819e-27,1.918432e-12,9.318235e-01,7.450581e+00,2.180957e+04,3.272559e+04,3.291504e+04,-2.229987e+02,2.215736e+00,-3.390959e+01
C IV 1548,6.868354e-06,2.636996e-04,2.705697e-04,1548.605893,0.418893,6.461090e-02,1.946901e+11,8.363439e-06,7.661237e-02,7.902775e+01,3.042460e+06,1.736335e-27,1.093709e-12,1.291109e+00,7.450581e+00,2.181152e+04,3.272559e+04,3.291504e+04,-1.253432e+02,8.520026e+00,2.518612e+01
C IV 1548,6.437683e-06,2.013245e-04,2.077635e-04,1548.508657,0.321657,1.209455e-04,6.424354e+09,6.025304e-06,7.661237e-02,6.032429e+01,1.579112e+06,3.097941e-27,1.016986e-12,2.504052e-01,9.313226e-01,2.181104e+04,3.272607e+04,3.291357e+04,-1.366259e+02,-8.983248e+00,1.847997e+00
C IV 1548,6.354156e-06,2.296052e-04,2.359608e-04,1548.552311,0.365311,4.011341e-04,2.314914e+10,6.547414e-06,7.661237e-02,6.877055e+01,1.864639e+06,6.676625e-27,2.587422e-12,6.699474e-01,9.313226e-01,2.181104e+04,3.272510e+04,3.291357e+04,-1.938244e+02,-1.102496e+01,-1.686436e+01
C IV 1548,6.130684e-06,3.171855e-04,3.233181e-04,1548.687557,0.500557,3.370779e-04,1.804931e+10,6.074699e-06,7.661237e-02,9.500803e+01,1.605109e+06,1.250973e-26,4.170540e-12,1.911135e-01,9.313226e-01,2.181201e+04,3.272510e+04,3.291357e+04,-2.211959e+02,8.349475e+00,-4.765735e+00
C IV 1548,6.066935e-06,1.727187e-04,1.787867e-04,1548.463795,0.276795,6.961343e-03,1.741529e+10,4.999801e-07,7.661237e-02,5.171368e+01,1.087328e+04,1.949723e-26,3.974983e-14,1.111466e+00,9.313226e-01,2.181201e+04,3.272510e+04,3.291260e+04,-1.945054e+02,1.019994e+01,-4.100900e+01
C IV 1548,5.696187e-06,1.551451e-04,1.608422e-04,1548.436014,0.249014,6.602496e-04,3.051452e+10,5.242788e-06,7.661237e-02,4.648560e+01,1.195583e+06,7.843349e-27,1.952482e-12,9.088817e-01,9.313226e-01,2.181201e+04,3.272510e+04,3.291162e+04,-1.232936e+02,1.006000e+01,-1.113974e+01
C IV 1548,5.393015e-06,2.488527e-04,2.542471e-04,1548.580622,0.393622,2.143220e-04,1.027033e+10,5.434194e-06,7.661237e-02,7.453524e+01,1.284474e+06,2.897998e-26,7.745979e-12,2.025844e-01,9.313226e-01,2.181299e+04,3.272510e+04,3.291162e+04,-2.021532e+02,9.864798e+00,-1.880925e+01
C IV 1548,5.325439e-06,1.694222e-04,1.747485e-04,1548.457543,0.270543,4.054549e-04,2.028566e+10,5.675516e-06,7.661237e-02,5.076711e+01,1.401089e+06,9.533942e-27,2.781376e-12,1.111466e+00,9.313226e-01,2.181299e+04,3.272510e+04,3.291064e+04,-1.205564e+02,8.208171e+00,-4.508157e+00
C IV 1548,4.954691e-06,1.075816e-04,1.125368e-04,1548.361228,0.174228,3.308523e-06,1.778139e+08,6.096374e-06,7.661237e-02,3.224960e+01,1.616584e+06,4.770043e-28,1.608287e-13,8.974108e-01,9.313226e-01,2.181299e+04,3.272510e+04,3.290967e+04,-3.353906e+01,8.665027e+00,1.805618e+01
C IV 1548,4.655345e-06,1.048997e-04,1.095556e-04,1548.356613,0.169613,1.066757e-06,5.824156e+07,6.194394e-06,7.661237e-02,3.144575e+01,1.668986e+06,2.017160e-28,7.026406e-14,2.140553e-01,9.313226e-01,2.181396e+04,3.272510e+04,3.290967e+04,-3.267946e+01,7.376084e+00,1.783986e+01
C IV 1548,4.583943e-06,1.095952e-04,1.141796e-04,1548.363771,0.176771,4.006136e-08,2.267541e+06,6.422185e-06,7.661237e-02,3.285243e+01,1.793993e+06,2.491373e-28,9.343518e-14,6.772964e-02,9.313226e-01,2.181396e+04,3.272510e+04,3.290869e+04,-4.155563e+01,-2.708600e+00,1.706525e+01
C IV 1548,4.561351e-06,6.236761e-05,6.692924e-05,1548.290619,0.103619,1.791584e-05,6.760611e+08,4.276681e-06,7.661237e-02,1.869596e+01,7.955526e+05,3.872845e-28,6.457473e-14,1.043736e+00,9.313226e-01,2.181396e+04,3.272412e+04,3.290869e+04,-2.639556e+01,-6.632619e+00,9.384015e+00
C IV 1548,4.213195e-06,1.161260e-04,1.203397e-04,1548.373308,0.186308,7.033290e-05,3.187827e+09,5.141271e-06,7.661237e-02,3.480654e+01,1.149730e+06,9.476541e-28,2.285845e-13,8.859399e-01,9.313226e-01,2.181396e+04,3.272412e+04,3.290771e+04,-6.185646e+01,-1.784044e+01,1.221546e+01
C IV 1548,3.917675e-06,2.068571e-04,2.107756e-04,1548.513320,0.326320,3.997194e-06,2.710214e+08,7.694028e-06,7.661237e-02,6.199732e+01,2.574913e+06,9.899961e-28,5.344322e-13,2.255262e-01,9.313226e-01,2.181494e+04,3.272412e+04,3.290771e+04,-9.339357e+01,-2.418944e+01,2.862502e+01
C IV 1548,3.842447e-06,1.555975e-04,1.594406e-04,1548.433844,0.246844,8.089065e-06,4.141322e+08,5.808358e-06,7.661237e-02,4.663675e+01,1.467445e+06,6.051654e-28,1.864625e-13,1.111466e+00,9.313226e-01,2.181494e+04,3.272412e+04,3.290674e+04,-7.296672e+01,-1.959486e+01,2.045878e+01
C IV 1548,3.471699e-06,1.794917e-04,1.829640e-04,1548.470263,0.283263,2.543520e-06,1.312357e+08,5.851490e-06,7.661237e-02,5.379612e+01,1.489320e+06,6.017741e-28,1.884095e-13,8.744690e-01,9.313226e-01,2.181494e+04,3.272412e+04,3.290576e+04,-8.667142e+01,-2.172534e+01,2.215984e+01
C IV 1548,3.180005e-06,2.188901e-04,2.220708e-04,1548.530807,0.343807,2.298004e-06,1.229287e+08,6.067576e-06,7.661237e-02,6.560550e+01,1.601347e+06,5.309733e-28,1.786955e-13,2.369971e-01,9.313226e-01,2.181592e+04,3.272412e+04,3.290576e+04,-9.096239e+01,-1.775811e+01,3.262355e+01
C IV 1548,3.100951e-06,2.238502e-04,2.269518e-04,1548.538364,0.351364,2.889507e-01,7.169716e+11,6.559622e-06,7.661237e-02,6.708697e+01,1.871599e+06,6.160115e-28,2.423441e-13,9.965201e-01,9.313226e-01,2.181592e+04,3.272412e+04,3.290479e+04,-1.044412e+02,-3.326786e+01,3.074271e+01
C IV 1548,2.768545e-06,2.161714e-04,2.189406e-04,1548.525961,0.338961,7.143094e-04,3.956260e+10,6.284162e-06,7.661237e-02,6.478508e+01,1.717710e+06,8.167048e-28,2.949734e-13,1.149460e-01,9.313226e-01,2.181592e+04,3.272314e+04,3.290479e+04,-1.049268e+02,-3.313927e+01,2.785217e+01
C IV 1548,2.730203e-06,2.244851e-04,2.272159e-04,1548.538773,0.351773,5.534653e-01,1.373927e+12,6.876652e-06,7.661237e-02,6.726674e+01,2.056881e+06,8.947370e-28,3.870657e-13,8.629981e-01,9.313226e-01,2.181592e+04,3.272314e+04,3.290381e+04,-1.247824e+02,-5.561248e+01,2.534478e+01
C IV 1548,2.442335e-06,2.825341e-04,2.849771e-04,1548.628198,0.441198,3.043752e-01,7.555414e+11,6.877662e-06,7.661237e-02,8.465279e+01,2.057486e+06,1.614422e-27,6.983622e-13,2.484680e-01,9.313226e-01,2.181689e+04,3.272314e+04,3.290381e+04,-1.499646e+02,-7.377120e+01,3.623134e+01
C IV 1548,2.359455e-06,2.770122e-04,2.793724e-04,1548.619521,0.432521,2.514046e+00,6.244049e+12,7.146324e-06,7.661237e-02,8.298834e+01,2.221368e+06,1.446802e-27,6.758281e-13,1.111466e+00,9.313226e-01,2.181689e+04,3.272314e+04,3.290283e+04,-1.570708e+02,-9.371273e+01,3.488924e+01
C IV 1548,1.988707e-06,2.831240e-04,2.851133e-04,1548.628409,0.441409,1.037190e+00,2.576625e+12,7.240086e-06,7.661237e-02,8.481928e+01,2.280040e+06,1.108393e-27,5.312483e-13,3.494493e-01,1.164153e-01,2.181714e+04,3.272339e+04,3.290210e+04,-1.547923e+02,-9.976802e+01,3.937052e+01
C IV 1548,1.872142e-06,2.500641e-04,2.519367e-04,1548.577045,0.390045,3.985717e-01,9.894478e+11,6.908369e-06,7.661237e-02,7.491356e+01,2.075899e+06,1.414936e-27,6.175097e-13,2.062838e-01,1.164153e-01,2.181714e+04,3.272290e+04,3.290210e+04,-1.511229e+02,-9.266229e+01,2.847117e+01
C IV 1548,1.803333e-06,2.386035e-04,2.404073e-04,1548.559195,0.372195,4.781451e-01,1.187035e+12,6.922671e-06,7.661237e-02,7.148161e+01,2.084503e+06,1.332836e-27,5.838646e-13,2.957941e-01,1.164153e-01,2.181714e+04,3.272290e+04,3.290161e+04,-1.458055e+02,-8.923880e+01,2.652965e+01
C IV 1548,1.704666e-06,2.364531e-04,2.381582e-04,1548.555713,0.368713,4.080657e-01,1.012722e+12,6.719173e-06,7.661237e-02,7.084417e+01,1.963753e+06,1.190665e-27,4.912890e-13,2.599389e-01,1.164153e-01,2.181763e+04,3.272290e+04,3.290161e+04,-1.380871e+02,-7.610999e+01,2.696838e+01
C IV 1548,1.617959e-06,2.205042e-04,2.221225e-04,1548.530887,0.343887,6.129349e-01,1.521351e+12,6.792472e-06,7.661237e-02,6.606732e+01,2.006831e+06,1.130281e-27,4.763470e-13,5.557330e-01,1.164153e-01,2.181763e+04,3.272290e+04,3.290112e+04,-1.329485e+02,-6.849563e+01,2.253962e+01
C IV 1548,1.432585e-06,2.065519e-04,2.079847e-04,1548.508999,0.321999,1.885533e-01,4.680471e+11,6.841079e-06,7.661237e-02,6.188819e+01,2.035656e+06,1.103848e-27,4.716528e-13,2.900587e-01,1.164153e-01,2.181763e+04,3.272290e+04,3.290063e+04,-1.291524e+02,-6.063038e+01,1.806456e+01
C IV 1548,1.335831e-06,2.183703e-04,2.197064e-04,1548.527147,0.340147,1.286470e-01,3.521996e+11,6.745157e-06,7.661237e-02,6.543229e+01,1.978970e+06,1.137076e-27,4.721876e-13,2.656744e-01,1.164153e-01,2.181812e+04,3.272290e+04,3.290063e+04,-1.305632e+02,-5.138418e+01,1.947710e+01
C IV 1548,1.247211e-06,1.912442e-04,1.924916e-04,1548.485013,0.298013,1.281975e-01,3.499540e+11,6.691252e-06,7.661237e-02,5.730459e+01,1.947466e+06,1.146218e-27,4.681630e-13,5.557330e-01,1.164153e-01,2.181812e+04,3.272290e+04,3.290015e+04,-1.237575e+02,-4.367925e+01,1.205378e+01
C IV 1548,1.061837e-06,1.599671e-04,1.610292e-04,1548.436303,0.249303,9.470677e-04,5.562245e+10,6.663998e-06,7.661237e-02,4.793228e+01,1.931634e+06,1.083714e-27,4.388947e-13,2.581115e-01,1.164153e-01,2.181812e+04,3.272290e+04,3.289966e+04,-1.155581e+02,-3.757128e+01,4.244601e+00
C IV 1548,9.757391e-07,1.570302e-04,1.580061e-04,1548.431623,0.244623,2.669482e-05,1.519784e+09,6.458717e-06,7.661237e-02,4.704696e+01,1.814461e+06,1.594692e-27,6.070502e-13,2.621175e-02,1.164153e-01,2.181812e+04,3.272241e+04,3.289966e+04,-1.299530e+02,-2.782611e+01,-6.013077e+00
C IV 1548,9.669958e-07,1.849858e-04,1.859529e-04,1548.474890,0.287890,3.744408e-04,2.112959e+10,6.402801e-06,7.661237e-02,5.542773e+01,1.783180e+06,1.481196e-27,5.541206e-13,2.714098e-01,1.164153e-01,2.181860e+04,3.272241e+04,3.289966e+04,-1.317644e+02,-1.975012e+01,9.449411e-01
C IV 1548,8.764625e-07,1.404574e-04,1.413340e-04,1548.405811,0.218811,5.222734e-04,2.946107e+10,6.400416e-06,7.661237e-02,4.208492e+01,1.781851e+06,1.217928e-27,4.551893e-13,5.557330e-01,1.164153e-01,2.181860e+04,3.272241e+04,3.289917e+04,-1.168286e+02,-1.291314e+01,-8.148315e+00
C IV 1548,6.910885e-07,1.025071e-04,1.031982e-04,1548.346770,0.159770,1.412206e-04,7.959535e+09,6.394855e-06,7.661237e-02,3.071224e+01,1.778757e+06,1.022659e-27,3.815234e-13,2.785878e-01,1.164153e-01,2.181860e+04,3.272241e+04,3.289868e+04,-1.041699e+02,-7.561845e+00,-1.583651e+01
C IV 1548,5.981609e-07,1.401575e-04,1.407558e-04,1548.404916,0.217916,2.533628e-04,1.442870e+10,6.461742e-06,7.661237e-02,4.199640e+01,1.816161e+06,1.041373e-27,3.967237e-13,2.771453e-01,1.164153e-01,2.181909e+04,3.272241e+04,3.289868e+04,-1.138076e+02,1.564590e+00,-9.724681e+00
C IV 1548,5.057144e-07,1.176988e-04,1.182046e-04,1548.370003,0.183003,2.423189e-04,1.399336e+10,6.550094e-06,7.661237e-02,3.526479e+01,1.866165e+06,9.846727e-28,3.854557e-13,5.557330e-01,1.164153e-01,2.181909e+04,3.272241e+04,3.289819e+04,-1.093719e+02,5.138453e+00,-1.589592e+01
C IV 1548,3.203404e-07,1.069018e-04,1.072221e-04,1548.353000,0.166000,4.426144e-05,2.573686e+09,6.597475e-06,7.661237e-02,3.202905e+01,1.893262e+06,9.464199e-28,3.758007e-13,2.728523e-01,1.164153e-01,2.181909e+04,3.272241e+04,3.289771e+04,-1.057206e+02,7.596868e+00,-1.825193e+01
C IV 1548,2.293260e-07,1.433025e-04,1.435319e-04,1548.409214,0.222214,7.592887e-05,4.482247e+09,6.696679e-06,7.661237e-02,4.293732e+01,1.950627e+06,9.827184e-28,4.019899e-13,2.828807e-01,1.164153e-01,2.181958e+04,3.272241e+04,3.289771e+04,-1.170580e+02,1.772709e+01,-1.362977e+01
C IV 1548,1.349664e-07,1.454536e-04,1.455886e-04,1548.412398,0.225398,1.606007e-05,9.482991e+08,6.699387e-06,7.661237e-02,4.358308e+01,1.952204e+06,9.587603e-28,3.924058e-13,1.667737e-01,1.164153e-01,2.181958e+04,3.272241e+04,3.289722e+04,-1.149359e+02,1.810710e+01,-1.190686e+01
C IV 1548,7.933624e-08,1.536087e-04,1.536880e-04,1548.424938,0.237938,2.140008e-05,1.265348e+09,6.709230e-06,7.661237e-02,4.602455e+01,1.957945e+06,1.050875e-27,4.316253e-13,2.403215e-01,1.164153e-01,2.181958e+04,3.272192e+04,3.289722e+04,-1.225077e+02,2.227624e+01,-1.379580e+01
Ly a,8.454645e-06,2.931416e-04,3.015987e-04,1216.036645,0.366645,3.492691e+04,6.415391e+16,3.463983e-05,6.374435e+00,8.775844e+01,4.379989e+06,2.859447e-27,2.584729e-12,3.326223e-01,7.450581e+00,2.180762e+04,3.272754e+04,3.291895e+04,-2.666163e+02,3.296753e+01,-4.093574e+01
Ly a,8.343694e-06,3.411721e-04,3.495186e-04,1216.094899,0.424899,4.324151e+04,7.942241e+16,3.353537e-05,6.374435e+00,1.021619e+02,4.105136e+06,2.458380e-27,2.085668e-12,5.897816e-01,7.450581e+00,2.180957e+04,3.272754e+04,3.291895e+04,-2.625189e+02,4.209969e+01,-2.437176e+01
Ly a,8.146962e-06,3.917965e-04,3.999466e-04,1216.156203,0.486203,8.523906e+04,1.565521e+17,3.468672e-05,6.374435e+00,1.173084e+02,4.391854e+06,3.623021e-27,3.294343e-12,6.783852e-01,7.450581e+00,2.180957e+04,3.272559e+04,3.291895e+04,-2.938651e+02,5.003175e+01,-2.452765e+01
Ly a,7.920675e-06,3.404032e-04,3.483266e-04,1216.093450,0.423450,1.221195e+05,2.242991e+17,3.518046e-05,6.374435e+00,1.019423e+02,4.517773e+06,2.286147e-27,2.137403e-12,2.222932e+00,7.450581e+00,2.180957e+04,3.272559e+04,3.291699e+04,-2.525249e+02,2.618971e+01,-1.630859e+01
Ly a,7.179179e-06,2.307195e-04,2.379004e-04,1215.959208,0.289208,7.237378e+04,1.329450e+17,3.024453e-05,6.374435e+00,6.908309e+01,3.338990e+06,2.769819e-27,1.918432e-12,9.318235e-01,7.450581e+00,2.180957e+04,3.272559e+04,3.291504e+04,-2.229987e+02,2.215736e+00,-3.390959e+01
Ly a,6.868354e-06,2.636996e-04,2.705697e-04,1215.998923,0.328923,1.040348e+05,1.910975e+17,2.887033e-05,6.374435e+00,7.902775e+01,3.042460e+06,1.736335e-27,1.093709e-12,1.291109e+00,7.450581e+00,2.181152e+04,3.272559e+04,3.291504e+04,-1.253432e+02,8.520026e+00,2.518612e+01
Ly a,6.437683e-06,2.013245e-04,2.077635e-04,1215.922572,0.252572,4.784986e+04,8.789937e+16,2.079916e-05,6.374435e+00,6.032429e+01,1.579112e+06,3.097941e-27,1.016986e-12,2.504052e-01,9.313226e-01,2.181104e+04,3.272607e+04,3.291357e+04,-1.366259e+02,-8.983248e+00,1.847997e+00
Ly a,6.354156e-06,2.296052e-04,2.359608e-04,1215.956850,0.286850,3.490919e+05,6.412562e+17,2.260147e-05,6.374435e+00,6.877055e+01,1.864639e+06,6.676625e-27,2.587422e-12,6.699474e-01,9.313226e-01,2.181104e+04,3.272510e+04,3.291357e+04,-1.938244e+02,-1.102496e+01,-1.686436e+01
Ly a,6.130684e-06,3.171855e-04,3.233181e-04,1216.063048,0.393048,2.690518e+05,4.941853e+17,2.096967e-05,6.374435e+00,9.500803e+01,1.605109e+06,1.250973e-26,4.170540e-12,1.911135e-01,9.313226e-01,2.181201e+04,3.272510e+04,3.291357e+04,-2.211959e+02,8.349475e+00,-4.765735e+00
Ly a,6.066935e-06,1.727187e-04,1.787867e-04,1215.887346,0.217346,3.225550e+06,5.925429e+18,1.725915e-06,6.374435e+00,5.171368e+01,1.087328e+04,1.949723e-26,3.974983e-14,1.111466e+00,9.313226e-01,2.181201e+04,3.272510e+04,3.291260e+04,-1.945054e+02,1.019994e+01,-4.100900e+01
Ly a,5.696187e-06,1.551451e-04,1.608422e-04,1215.865531,0.195531,8.713751e+05,1.600770e+18,1.809794e-05,6.374435e+00,4.648560e+01,1.195583e+06,7.843349e-27,1.952482e-12,9.088817e-01,9.313226e-01,2.181201e+04,3.272510e+04,3.291162e+04,-1.232936e+02,1.006000e+01,-1.113974e+01
Ly a,5.393015e-06,2.488527e-04,2.542471e-04,1215.979081,0.309081,1.287453e+06,2.364911e+18,1.875866e-05,6.374435e+00,7.453524e+01,1.284474e+06,2.897998e-26,7.745979e-12,2.025844e-01,9.313226e-01,2.181299e+04,3.272510e+04,3.291162e+04,-2.021532e+02,9.864798e+00,-1.880925e+01
Ly a,5.325439e-06,1.694222e-04,1.747485e-04,1215.882437,0.212437,1.537422e+06,2.824301e+18,1.959170e-05,6.374435e+00,5.076711e+01,1.401089e+06,9.533942e-27,2.781376e-12,1.111466e+00,9.313226e-01,2.181299e+04,3.272510e+04,3.291064e+04,-1.205564e+02,8.208171e+00,-4.508157e+00
Ly a,4.954691e-06,1.075816e-04,1.125368e-04,1215.806808,0.136808,4.022296e+04,7.389593e+16,2.104449e-05,6.374435e+00,3.224960e+01,1.616584e+06,4.770043e-28,1.608287e-13,8.974108e-01,9.313226e-01,2.181299e+04,3.272510e+04,3.290967e+04,-3.353906e+01,8.665027e+00,1.805618e+01
Ly a,4.655345e-06,1.048997e-04,1.095556e-04,1215.803183,0.133183,2.832509e+03,5.203780e+15,2.138285e-05,6.374435e+00,3.144575e+01,1.668986e+06,2.017160e-28,7.026406e-14,2.140553e-01,9.313226e-01,2.181396e+04,3.272510e+04,3.290967e+04,-3.267946e+01,7.376084e+00,1.783986e+01
Ly a,4.583943e-06,1.095952e-04,1.141796e-04,1215.808805,0.138805,1.792248e-05,2.036126e+09,2.216918e-05,6.374435e+00,3.285243e+01,1.793993e+06,2.491373e-28,9.343518e-14,6.772964e-02,9.313226e-01,2.181396e+04,3.272510e+04,3.290869e+04,-4.155563e+01,-2.708600e+00,1.706525e+01
Ly a,4.561351e-06,6.236761e-05,6.692924e-05,1215.751364,0.081364,1.722636e+04,3.164899e+16,1.476297e-05,6.374435e+00,1.869596e+01,7.955526e+05,3.872845e-28,6.457473e-14,1.043736e+00,9.313226e-01,2.181396e+04,3.272412e+04,3.290869e+04,-2.639556e+01,-6.632619e+00,9.384015e+00
Ly a,4.213195e-06,1.161260e-04,1.203397e-04,1215.816293,0.146293,3.352959e+04,6.159866e+16,1.774750e-05,6.374435e+00,3.480654e+01,1.149730e+06,9.476541e-28,2.285845e-13,8.859399e-01,9.313226e-01,2.181396e+04,3.272412e+04,3.290771e+04,-6.185646e+01,-1.784044e+01,1.221546e+01
Ly a,3.917675e-06,2.068571e-04,2.107756e-04,1215.926234,0.256234,4.234070e+03,7.777869e+15,2.655954e-05,6.374435e+00,6.199732e+01,2.574913e+06,9.899961e-28,5.344322e-13,2.255262e-01,9.313226e-01,2.181494e+04,3.272412e+04,3.290771e+04,-9.339357e+01,-2.418944e+01,2.862502e+01
Ly a,3.842447e-06,1.555975e-04,1.594406e-04,1215.863827,0.193827,2.836299e+03,5.210484e+15,2.005027e-05,6.374435e+00,4.663675e+01,1.467445e+06,6.051654e-28,1.864625e-13,1.111466e+00,9.313226e-01,2.181494e+04,3.272412e+04,3.290674e+04,-7.296672e+01,-1.959486e+01,2.045878e+01
Ly a,3.471699e-06,1.794917e-04,1.829640e-04,1215.892424,0.222424,1.214258e-03,1.256902e+11,2.019916e-05,6.374435e+00,5.379612e+01,1.489320e+06,6.017741e-28,1.884095e-13,8.744690e-01,9.313226e-01,2.181494e+04,3.272412e+04,3.290576e+04,-8.667142e+01,-2.172534e+01,2.215984e+01
Ly a,3.180005e-06,2.188901e-04,2.220708e-04,1215.939965,0.269965,1.290305e+02,2.370235e+14,2.094508e-05,6.374435e+00,6.560550e+01,1.601347e+06,5.309733e-28,1.786955e-13,2.369971e-01,9.313226e-01,2.181592e+04,3.272412e+04,3.290576e+04,-9.096239e+01,-1.775811e+01,3.262355e+01
Ly a,3.100951e-06,2.238502e-04,2.269518e-04,1215.945898,0.275898,2.293022e+02,4.212162e+14,2.264361e-05,6.374435e+00,6.708697e+01,1.871599e+06,6.160115e-28,2.423441e-13,9.965201e-01,9.313226e-01,2.181592e+04,3.272412e+04,3.290479e+04,-1.044412e+02,-3.326786e+01,3.074271e+01
Ly a,2.768545e-06,2.161714e-04,2.189406e-04,1215.936159,0.266159,7.015211e+01,1.288668e+14,2.169273e-05,6.374435e+00,6.478508e+01,1.717710e+06,8.167048e-28,2.949734e-13,1.149460e-01,9.313226e-01,2.181592e+04,3.272314e+04,3.290479e+04,-1.049268e+02,-3.313927e+01,2.785217e+01
Ly a,2.730203e-06,2.244851e-04,2.272159e-04,1215.946220,0.276220,5.848244e+03,1.074293e+16,2.373799e-05,6.374435e+00,6.726674e+01,2.056881e+06,8.947370e-28,3.870657e-13,8.629981e-01,9.313226e-01,2.181592e+04,3.272314e+04,3.290381e+04,-1.247824e+02,-5.561248e+01,2.534478e+01
Ly a,2.442335e-06,2.825341e-04,2.849771e-04,1216.016438,0.346438,1.249743e+04,2.295582e+16,2.374147e-05,6.374435e+00,8.465279e+01,2.057486e+06,1.614422e-27,6.983622e-13,2.484680e-01,9.313226e-01,2.181689e+04,3.272314e+04,3.290381e+04,-1.499646e+02,-7.377120e+01,3.623134e+01
Ly a,2.359455e-06,2.770122e-04,2.793724e-04,1216.009625,0.339625,3.399409e+04,6.244192e+16,2.466888e-05,6.374435e+00,8.298834e+01,2.221368e+06,1.446802e-27,6.758281e-13,1.111466e+00,9.313226e-01,2.181689e+04,3.272314e+04,3.290283e+04,-1.570708e+02,-9.371273e+01,3.488924e+01
Ly a,1.988707e-06,2.831240e-04,2.851133e-04,1216.016604,0.346604,2.764342e+03,5.077677e+15,2.499255e-05,6.374435e+00,8.481928e+01,2.280040e+06,1.108393e-27,5.312483e-13,3.494493e-01,1.164153e-01,2.181714e+04,3.272339e+04,3.290210e+04,-1.547923e+02,-9.976802e+01,3.937052e+01
Ly a,1.872142e-06,2.500641e-04,2.519367e-04,1215.976272,0.306272,4.844605e+03,8.899075e+15,2.384747e-05,6.374435e+00,7.491356e+01,2.075899e+06,1.414936e-27,6.175097e-13,2.062838e-01,1.164153e-01,2.181714e+04,3.272290e+04,3.290210e+04,-1.511229e+02,-9.266229e+01,2.847117e+01
Ly a,1.803333e-06,2.386035e-04,2.404073e-04,1215.962256,0.292256,5.527828e+03,1.015421e+16,2.389684e-05,6.374435e+00,7.148161e+01,2.084503e+06,1.332836e-27,5.838646e-13,2.957941e-01,1.164153e-01,2.181714e+04,3.272290e+04,3.290161e+04,-1.458055e+02,-8.923880e+01,2.652965e+01
Ly a,1.704666e-06,2.364531e-04,2.381582e-04,1215.959522,0.289522,3.409562e+03,6.263120e+15,2.319437e-05,6.374435e+00,7.084417e+01,1.963753e+06,1.190665e-27,4.912890e-13,2.599389e-01,1.164153e-01,2.181763e+04,3.272290e+04,3.290161e+04,-1.380871e+02,-7.610999e+01,2.696838e+01
Ly a,1.617959e-06,2.205042e-04,2.221225e-04,1215.940028,0.270028,6.002634e+03,1.102659e+16,2.344740e-05,6.374435e+00,6.606732e+01,2.006831e+06,1.130281e-27,4.763470e-13,5.557330e-01,1.164153e-01,2.181763e+04,3.272290e+04,3.290112e+04,-1.329485e+02,-6.849563e+01,2.253962e+01
Ly a,1.432585e-06,2.065519e-04,2.079847e-04,1215.922841,0.252841,3.041741e+03,5.587630e+15,2.361519e-05,6.374435e+00,6.188819e+01,2.035656e+06,1.103848e-27,4.716528e-13,2.900587e-01,1.164153e-01,2.181763e+04,3.272290e+04,3.290063e+04,-1.291524e+02,-6.063038e+01,1.806456e+01
Ly a,1.335831e-06,2.183703e-04,2.197064e-04,1215.937090,0.267090,2.497690e+03,4.588162e+15,2.328407e-05,6.374435e+00,6.543229e+01,1.978970e+06,1.137076e-27,4.721876e-13,2.656744e-01,1.164153e-01,2.181812e+04,3.272290e+04,3.290063e+04,-1.305632e+02,-5.138418e+01,1.947710e+01
Ly a,1.247211e-06,1.912442e-04,1.924916e-04,1215.904006,0.234006,6.196179e+03,1.138245e+16,2.309799e-05,6.374435e+00,5.730459e+01,1.947466e+06,1.146218e-27,4.681630e-13,5.557330e-01,1.164153e-01,2.181812e+04,3.272290e+04,3.290015e+04,-1.237575e+02,-4.367925e+01,1.205378e+01
Ly a,1.061837e-06,1.599671e-04,1.610292e-04,1215.865758,0.195758,2.226296e+03,4.089861e+15,2.300391e-05,6.374435e+00,4.793228e+01,1.931634e+06,1.083714e-27,4.388947e-13,2.581115e-01,1.164153e-01,2.181812e+04,3.272290e+04,3.289966e+04,-1.155581e+02,-3.757128e+01,4.244601e+00
Ly a,9.757391e-07,1.570302e-04,1.580061e-04,1215.862083,0.192083,8.394260e+02,1.542088e+15,2.229529e-05,6.374435e+00,4.704696e+01,1.814461e+06,1.594692e-27,6.070502e-13,2.621175e-02,1.164153e-01,2.181812e+04,3.272241e+04,3.289966e+04,-1.299530e+02,-2.782611e+01,-6.013077e+00
Ly a,9.669958e-07,1.849858e-04,1.859529e-04,1215.896057,0.226057,5.918546e+03,1.087251e+16,2.210227e-05,6.374435e+00,5.542773e+01,1.783180e+06,1.481196e-27,5.541206e-13,2.714098e-01,1.164153e-01,2.181860e+04,3.272241e+04,3.289966e+04,-1.317644e+02,-1.975012e+01,9.449411e-01
Ly a,8.764625e-07,1.404574e-04,1.413340e-04,1215.841816,0.171816,5.547491e+03,1.019132e+16,2.209403e-05,6.374435e+00,4.208492e+01,1.781851e+06,1.217928e-27,4.551893e-13,5.557330e-01,1.164153e-01,2.181860e+04,3.272241e+04,3.289917e+04,-1.168286e+02,-1.291314e+01,-8.148315e+00
Ly a,6.910885e-07,1.025071e-04,1.031982e-04,1215.795455,0.125455,6.501997e+02,1.194531e+15,2.207484e-05,6.374435e+00,3.071224e+01,1.778757e+06,1.022659e-27,3.815234e-13,2.785878e-01,1.164153e-01,2.181860e+04,3.272241e+04,3.289868e+04,-1.041699e+02,-7.561845e+00,-1.583651e+01
Ly a,5.981609e-07,1.401575e-04,1.407558e-04,1215.841113,0.171113,4.547404e+02,8.354063e+14,2.230573e-05,6.374435e+00,4.199640e+01,1.816161e+06,1.041373e-27,3.967237e-13,2.771453e-01,1.164153e-01,2.181909e+04,3.272241e+04,3.289868e+04,-1.138076e+02,1.564590e+00,-9.724681e+00
Ly a,5.057144e-07,1.176988e-04,1.182046e-04,1215.813698,0.143698,3.662377e+02,6.728328e+14,2.261072e-05,6.374435e+00,3.526479e+01,1.866165e+06,9.846727e-28,3.854557e-13,5.557330e-01,1.164153e-01,2.181909e+04,3.272241e+04,3.289819e+04,-1.093719e+02,5.138453e+00,-1.589592e+01
Ly a,3.203404e-07,1.069018e-04,1.072221e-04,1215.800347,0.130347,5.569188e+01,1.023153e+14,2.277428e-05,6.374435e+00,3.202905e+01,1.893262e+06,9.464199e-28,3.758007e-13,2.728523e-01,1.164153e-01,2.181909e+04,3.272241e+04,3.289771e+04,-1.057206e+02,7.596868e+00,-1.825193e+01
Ly a,2.293260e-07,1.433025e-04,1.435319e-04,1215.844487,0.174487,1.119763e+02,2.057119e+14,2.311673e-05,6.374435e+00,4.293732e+01,1.950627e+06,9.827184e-28,4.019899e-13,2.828807e-01,1.164153e-01,2.181958e+04,3.272241e+04,3.289771e+04,-1.170580e+02,1.772709e+01,-1.362977e+01
Ly a,1.349664e-07,1.454536e-04,1.455886e-04,1215.846988,0.176988,1.190081e+01,2.186295e+13,2.312607e-05,6.374435e+00,4.358308e+01,1.952204e+06,9.587603e-28,3.924058e-13,1.667737e-01,1.164153e-01,2.181958e+04,3.272241e+04,3.289722e+04,-1.149359e+02,1.810710e+01,-1.190686e+01
Ly a,7.933624e-08,1.536087e-04,1.536880e-04,1215.856834,0.186834,8.874368e+00,1.630295e+13,2.316005e-05,6.374435e+00,4.602455e+01,1.957945e+06,1.050875e-27,4.316253e-13,2.403215e-01,1.164153e-01,2.181958e+04,3.272192e+04,3.289722e+04,-1.225077e+02,2.227624e+01,-1.379580e+01
Si II 1193,8.454645e-06,2.931416e-04,3.015987e-04,1193.649895,0.359895,5.243224e+00,7.232291e+12,6.562239e-06,5.601935e-01,8.775844e+01,4.379989e+06,2.859447e-27,2.584729e-12,3.326223e-01,7.450581e+00,2.180762e+04,3.272754e+04,3.291895e+04,-2.666163e+02,3.296753e+01,-4.093574e+01
Si II 1193,8.343694e-06,3.411721e-04,3.495186e-04,1193.707077,0.417077,6.790986e+00,9.366719e+12,6.353007e-06,5.601935e-01,1.021619e+02,4.105136e+06,2.458380e-27,2.085668e-12,5.897816e-01,7.450581e+00,2.180957e+04,3.272754e+04,3.291895e+04,-2.625189e+02,4.209969e+01,-2.437176e+01
Si II 1193,8.146962e-06,3.917965e-04,3.999466e-04,1193.767252,0.477252,1.060573e+01,1.462768e+13,6.571121e-06,5.601935e-01,1.173084e+02,4.391854e+06,3.623021e-27,3.294343e-12,6.783852e-01,7.450581e+00,2.180957e+04,3.272559e+04,3.291895e+04,-2.938651e+02,5.003175e+01,-2.452765e+01
Si II 1193,7.920675e-06,3.404032e-04,3.483266e-04,1193.705655,0.415655,1.609363e+01,2.219794e+13,6.664656e-06,5.601935e-01,1.019423e+02,4.517773e+06,2.286147e-27,2.137403e-12,2.222932e+00,7.450581e+00,2.180957e+04,3.272559e+04,3.291699e+04,-2.525249e+02,2.618971e+01,-1.630859e+01
Si II 1193,7.179179e-06,2.307195e-04,2.379004e-04,1193.573884,0.283884,2.446849e+00,3.375268e+12,5.729584e-06,5.601935e-01,6.908309e+01,3.338990e+06,2.769819e-27,1.918432e-12,9.318235e-01,7.450581e+00,2.180957e+04,3.272559e+04,3.291504e+04,-2.229987e+02,2.215736e+00,-3.390959e+01
Si II 1193,6.868354e-06,2.636996e-04,2.705697e-04,1193.612868,0.322868,8.350361e+00,1.151839e+13,5.469253e-06,5.601935e-01,7.902775e+01,3.042460e+06,1.736335e-27,1.093709e-12,1.291109e+00,7.450581e+00,2.181152e+04,3.272559e+04,3.291504e+04,-1.253432e+02,8.520026e+00,2.518612e+01
Si II 1193,6.437683e-06,2.013245e-04,2.077635e-04,1193.537922,0.247922,4.794541e-01,6.616057e+11,3.940234e-06,5.601935e-01,6.032429e+01,1.579112e+06,3.097941e-27,1.016986e-12,2.504052e-01,9.313226e-01,2.181104e+04,3.272607e+04,3.291357e+04,-1.366259e+02,-8.983248e+00,1.847997e+00
Si II 1193,6.354156e-06,2.296052e-04,2.359608e-04,1193.571570,0.281570,3.479361e+00,4.803149e+12,4.281667e-06,5.601935e-01,6.877055e+01,1.864639e+06,6.676625e-27,2.587422e-12,6.699474e-01,9.313226e-01,2.181104e+04,3.272510e+04,3.291357e+04,-1.938244e+02,-1.102496e+01,-1.686436e+01
Si II 1193,6.130684e-06,3.171855e-04,3.233181e-04,1193.675812,0.385812,6.999339e+00,9.657612e+12,3.972536e-06,5.601935e-01,9.500803e+01,1.605109e+06,1.250973e-26,4.170540e-12,1.911135e-01,9.313226e-01,2.181201e+04,3.272510e+04,3.291357e+04,-2.211959e+02,8.349475e+00,-4.765735e+00
Si II 1193,6.066935e-06,1.727187e-04,1.787867e-04,1193.503344,0.213344,1.506989e+01,2.080403e+13,3.269609e-07,5.601935e-01,5.171368e+01,1.087328e+04,1.949723e-26,3.974983e-14,1.111466e+00,9.313226e-01,2.181201e+04,3.272510e+04,3.291260e+04,-1.945054e+02,1.019994e+01,-4.100900e+01
Si II 1193,5.696187e-06,1.551451e-04,1.608422e-04,1193.481931,0.191931,5.008369e+01,6.910143e+13,3.428510e-06,5.601935e-01,4.648560e+01,1.195583e+06,7.843349e-27,1.952482e-12,9.088817e-01,9.313226e-01,2.181201e+04,3.272510e+04,3.291162e+04,-1.232936e+02,1.006000e+01,-1.113974e+01
Si II 1193,5.393015e-06,2.488527e-04,2.542471e-04,1193.593391,0.303391,6.178670e+01,8.522902e+13,3.553679e-06,5.601935e-01,7.453524e+01,1.284474e+06,2.897998e-26,7.745979e-12,2.025844e-01,9.313226e-01,2.181299e+04,3.272510e+04,3.291162e+04,-2.021532e+02,9.864798e+00,-1.880925e+01
Si II 1193,5.325439e-06,1.694222e-04,1.747485e-04,1193.498526,0.208526,5.731561e+01,7.906786e+13,3.711491e-06,5.601935e-01,5.076711e+01,1.401089e+06,9.533942e-27,2.781376e-12,1.111466e+00,9.313226e-01,2.181299e+04,3.272510e+04,3.291064e+04,-1.205564e+02,8.208171e+00,-4.508157e+00
Si II 1193,4.954691e-06,1.075816e-04,1.125368e-04,1193.424289,0.134289,1.615965e-01,2.230185e+11,3.986711e-06,5.601935e-01,3.224960e+01,1.616584e+06,4.770043e-28,1.608287e-13,8.974108e-01,9.313226e-01,2.181299e+04,3.272510e+04,3.290967e+04,-3.353906e+01,8.665027e+00,1.805618e+01
Si II 1193,4.655345e-06,1.048997e-04,1.095556e-04,1193.420732,0.130732,2.059039e-01,2.841865e+11,4.050810e-06,5.601935e-01,3.144575e+01,1.668986e+06,2.017160e-28,7.026406e-14,2.140553e-01,9.313226e-01,2.181396e+04,3.272510e+04,3.290967e+04,-3.267946e+01,7.376084e+00,1.783986e+01
Si II 1193,4.583943e-06,1.095952e-04,1.141796e-04,1193.426249,0.136249,0.000000e+00,0.000000e+00,4.199774e-06,5.601935e-01,3.285243e+01,1.793993e+06,2.491373e-28,9.343518e-14,6.772964e-02,9.313226e-01,2.181396e+04,3.272510e+04,3.290869e+04,-4.155563e+01,-2.708600e+00,1.706525e+01
Si II 1193,4.561351e-06,6.236761e-05,6.692924e-05,1193.369866,0.079866,3.073479e-01,4.279812e+11,2.796726e-06,5.601935e-01,1.869596e+01,7.955526e+05,3.872845e-28,6.457473e-14,1.043736e+00,9.313226e-01,2.181396e+04,3.272412e+04,3.290869e+04,-2.639556e+01,-6.632619e+00,9.384015e+00
Si II 1193,4.213195e-06,1.161260e-04,1.203397e-04,1193.433600,0.143600,8.066415e-01,1.112976e+12,3.362123e-06,5.601935e-01,3.480654e+01,1.149730e+06,9.476541e-28,2.285845e-13,8.859399e-01,9.313226e-01,2.181396e+04,3.272412e+04,3.290771e+04,-6.185646e+01,-1.784044e+01,1.221546e+01
Si II 1193,3.917675e-06,2.068571e-04,2.107756e-04,1193.541516,0.251516,9.144435e-02,1.266185e+11,5.031493e-06,5.601935e-01,6.199732e+01,2.574913e+06,9.899961e-28,5.344322e-13,2.255262e-01,9.313226e-01,2.181494e+04,3.272412e+04,3.290771e+04,-9.339357e+01,-2.418944e+01,2.862502e+01
Si II 1193,3.842447e-06,1.555975e-04,1.594406e-04,1193.480259,0.190259,6.452368e-02,9.414184e+10,3.798363e-06,5.601935e-01,4.663675e+01,1.467445e+06,6.051654e-28,1.864625e-13,1.111466e+00,9.313226e-01,2.181494e+04,3.272412e+04,3.290674e+04,-7.296672e+01,-1.959486e+01,2.045878e+01
Si II 1193,3.471699e-06,1.794917e-04,1.829640e-04,1193.508329,0.218329,0.000000e+00,0.000000e+00,3.826569e-06,5.601935e-01,5.379612e+01,1.489320e+06,6.017741e-28,1.884095e-13,8.744690e-01,9.313226e-01,2.181494e+04,3.272412e+04,3.290576e+04,-8.667142e+01,-2.172534e+01,2.215984e+01
Si II 1193,3.180005e-06,2.188901e-04,2.220708e-04,1193.554995,0.264995,1.280815e-04,1.924318e+09,3.967878e-06,5.601935e-01,6.560550e+01,1.601347e+06,5.309733e-28,1.786955e-13,2.369971e-01,9.313226e-01,2.181592e+04,3.272412e+04,3.290576e+04,-9.096239e+01,-1.775811e+01,3.262355e+01
Si II 1193,3.100951e-06,2.238502e-04,2.269518e-04,1193.560819,0.270819,6.299914e-01,8.697064e+11,4.289651e-06,5.601935e-01,6.708697e+01,1.871599e+06,6.160115e-28,2.423441e-13,9.965201e-01,9.313226e-01,2.181592e+04,3.272412e+04,3.290479e+04,-1.044412e+02,-3.326786e+01,3.074271e+01
Si II 1193,2.768545e-06,2.161714e-04,2.189406e-04,1193.551260,0.261260,3.427909e-02,5.113318e+10,4.109514e-06,5.601935e-01,6.478508e+01,1.717710e+06,8.167048e-28,2.949734e-13,1.149460e-01,9.313226e-01,2.181592e+04,3.272314e+04,3.290479e+04,-1.049268e+02,-3.313927e+01,2.785217e+01
Si II 1193,2.730203e-06,2.244851e-04,2.272159e-04,1193.561135,0.271135,1.323615e+00,1.828154e+12,4.496972e-06,5.601935e-01,6.726674e+01,2.056881e+06,8.947370e-28,3.870657e-13,8.629981e-01,9.313226e-01,2.181592e+04,3.272314e+04,3.290381e+04,-1.247824e+02,-5.561248e+01,2.534478e+01
Si II 1193,2.442335e-06,2.825341e-04,2.849771e-04,1193.630060,0.340060,8.200987e-01,1.132651e+12,4.497632e-06,5.601935e-01,8.465279e+01,2.057486e+06,1.614422e-27,6.983622e-13,2.484680e-01,9.313226e-01,2.181689e+04,3.272314e+04,3.290381e+04,-1.499646e+02,-7.377120e+01,3.623134e+01
Si II 1193,2.359455e-06,2.770122e-04,2.793724e-04,1193.623372,0.333372,5.443591e+00,7.508749e+12,4.673323e-06,5.601935e-01,8.298834e+01,2.221368e+06,1.446802e-27,6.758281e-13,1.111466e+00,9.313226e-01,2.181689e+04,3.272314e+04,3.290283e+04,-1.570708e+02,-9.371273e+01,3.488924e+01
Si II 1193,1.988707e-06,2.831240e-04,2.851133e-04,1193.630223,0.340223,2.168950e+00,2.998144e+12,4.734638e-06,5.601935e-01,8.481928e+01,2.280040e+06,1.108393e-27,5.312483e-13,3.494493e-01,1.164153e-01,2.181714e+04,3.272339e+04,3.290210e+04,-1.547923e+02,-9.976802e+01,3.937052e+01
Si II 1193,1.872142e-06,2.500641e-04,2.519367e-04,1193.590634,0.300634,8.355376e-01,1.154076e+12,4.517713e-06,5.601935e-01,7.491356e+01,2.075899e+06,1.414936e-27,6.175097e-13,2.062838e-01,1.164153e-01,2.181714e+04,3.272290e+04,3.290210e+04,-1.511229e+02,-9.266229e+01,2.847117e+01
Si II 1193,1.803333e-06,2.386035e-04,2.404073e-04,1193.576876,0.286876,9.975716e-01,1.377924e+12,4.527066e-06,5.601935e-01,7.148161e+01,2.084503e+06,1.332836e-27,5.838646e-13,2.957941e-01,1.164153e-01,2.181714e+04,3.272290e+04,3.290161e+04,-1.458055e+02,-8.923880e+01,2.652965e+01
Si II 1193,1.704666e-06,2.364531e-04,2.381582e-04,1193.574192,0.284192,8.680683e-01,1.198614e+12,4.393988e-06,5.601935e-01,7.084417e+01,1.963753e+06,1.190665e-27,4.912890e-13,2.599389e-01,1.164153e-01,2.181763e+04,3.272290e+04,3.290161e+04,-1.380871e+02,-7.610999e+01,2.696838e+01
Si II 1193,1.617959e-06,2.205042e-04,2.221225e-04,1193.555057,0.265057,1.449940e+00,2.002321e+12,4.441922e-06,5.601935e-01,6.606732e+01,2.006831e+06,1.130281e-27,4.763470e-13,5.557330e-01,1.164153e-01,2.181763e+04,3.272290e+04,3.290112e+04,-1.329485e+02,-6.849563e+01,2.253962e+01
Si II 1193,1.432585e-06,2.065519e-04,2.079847e-04,1193.538186,0.248186,6.475013e-01,8.942732e+11,4.473708e-06,5.601935e-01,6.188819e+01,2.035656e+06,1.103848e-27,4.716528e-13,2.900587e-01,1.164153e-01,2.181763e+04,3.272290e+04,3.290063e+04,-1.291524e+02,-6.063038e+01,1.806456e+01
Si II 1193,1.335831e-06,2.183703e-04,2.197064e-04,1193.552173,0.262173,5.581931e-01,7.707922e+11,4.410980e-06,5.601935e-01,6.543229e+01,1.978970e+06,1.137076e-27,4.721876e-13,2.656744e-01,1.164153e-01,2.181812e+04,3.272290e+04,3.290063e+04,-1.305632e+02,-5.138418e+01,1.947710e+01
Si II 1193,1.247211e-06,1.912442e-04,1.924916e-04,1193.519698,0.229698,1.038893e+00,1.434507e+12,4.375729e-06,5.601935e-01,5.730459e+01,1.947466e+06,1.146218e-27,4.681630e-13,5.557330e-01,1.164153e-01,2.181812e+04,3.272290e+04,3.290015e+04,-1.237575e+02,-4.367925e+01,1.205378e+01
Si II 1193,1.061837e-06,1.599671e-04,1.610292e-04,1193.482154,0.192154,3.166385e-01,4.372084e+11,4.357907e-06,5.601935e-01,4.793228e+01,1.931634e+06,1.083714e-27,4.388947e-13,2.581115e-01,1.164153e-01,2.181812e+04,3.272290e+04,3.289966e+04,-1.155581e+02,-3.757128e+01,4.244601e+00
Si II 1193,9.757391e-07,1.570302e-04,1.580061e-04,1193.478547,0.188547,1.058824e-01,1.461641e+11,4.223664e-06,5.601935e-01,4.704696e+01,1.814461e+06,1.594692e-27,6.070502e-13,2.621175e-02,1.164153e-01,2.181812e+04,3.272241e+04,3.289966e+04,-1.299530e+02,-2.782611e+01,-6.013077e+00
Si II 1193,9.669958e-07,1.849858e-04,1.859529e-04,1193.511896,0.221896,7.276507e-01,1.004390e+12,4.187098e-06,5.601935e-01,5.542773e+01,1.783180e+06,1.481196e-27,5.541206e-13,2.714098e-01,1.164153e-01,2.181860e+04,3.272241e+04,3.289966e+04,-1.317644e+02,-1.975012e+01,9.449411e-01
Si II 1193,8.764625e-07,1.404574e-04,1.413340e-04,1193.458652,0.168652,6.913667e-01,9.543482e+11,4.185538e-06,5.601935e-01,4.208492e+01,1.781851e+06,1.217928e-27,4.551893e-13,5.557330e-01,1.164153e-01,2.181860e+04,3.272241e+04,3.289917e+04,-1.168286e+02,-1.291314e+01,-8.148315e+00
Si II 1193,6.910885e-07,1.025071e-04,1.031982e-04,1193.413145,0.123145,7.275854e-02,1.091277e+11,4.181901e-06,5.601935e-01,3.071224e+01,1.778757e+06,1.022659e-27,3.815234e-13,2.785878e-01,1.164153e-01,2.181860e+04,3.272241e+04,3.289868e+04,-1.041699e+02,-7.561845e+00,-1.583651e+01
Si II 1193,5.981609e-07,1.401575e-04,1.407558e-04,1193.457962,0.167962,4.630494e-02,6.969690e+10,4.225642e-06,5.601935e-01,4.199640e+01,1.816161e+06,1.041373e-27,3.967237e-13,2.771453e-01,1.164153e-01,2.181909e+04,3.272241e+04,3.289868e+04,-1.138076e+02,1.564590e+00,-9.724681e+00
Si II 1193,5.057144e-07,1.176988e-04,1.182046e-04,1193.431052,0.141052,3.629707e-02,5.489486e+10,4.283419e-06,5.601935e-01,3.526479e+01,1.866165e+06,9.846727e-28,3.854557e-13,5.557330e-01,1.164153e-01,2.181909e+04,3.272241e+04,3.289819e+04,-1.093719e+02,5.138453e+00,-1.589592e+01
Si II 1193,3.203404e-07,1.069018e-04,1.072221e-04,1193.417947,0.127947,5.106948e-04,8.344155e+09,4.314404e-06,5.601935e-01,3.202905e+01,1.893262e+06,9.464199e-28,3.758007e-13,2.728523e-01,1.164153e-01,2.181909e+04,3.272241e+04,3.289771e+04,-1.057206e+02,7.596868e+00,-1.825193e+01
Si II 1193,2.293260e-07,1.433025e-04,1.435319e-04,1193.461275,0.171275,1.011648e-03,1.678128e+10,4.379279e-06,5.601935e-01,4.293732e+01,1.950627e+06,9.827184e-28,4.019899e-13,2.828807e-01,1.164153e-01,2.181958e+04,3.272241e+04,3.289771e+04,-1.170580e+02,1.772709e+01,-1.362977e+01
Si II 1193,1.349664e-07,1.454536e-04,1.455886e-04,1193.463729,0.173729,1.073715e-04,1.780614e+09,4.381049e-06,5.601935e-01,4.358308e+01,1.952204e+06,9.587603e-28,3.924058e-13,1.667737e-01,1.164153e-01,2.181958e+04,3.272241e+04,3.289722e+04,-1.149359e+02,1.810710e+01,-1.190686e+01
Si II 1193,7.933624e-08,1.536087e-04,1.536880e-04,1193.473394,0.183394,7.975638e-05,1.324659e+09,4.387486e-06,5.601935e-01,4.602455e+01,1.957945e+06,1.050875e-27,4.316253e-13,2.403215e-01,1.164153e-01,2.181958e+04,3.272192e+04,3.289722e+04,-1.225077e+02,2.227624e+01,-1.379580e+01
Si III 1206,8.454645e-06,2.931416e-04,3.015987e-04,1206.863879,0.363879,7.110221e+00,3.384359e+12,6.562239e-06,5.955830e-01,8.775844e+01,4.379989e+06,2.859447e-27,2.584729e-12,3.326223e-01,7.450581e+00,2.180762e+04,3.272754e+04,3.291895e+04,-2.666163e+02,3.296753e+01,-4.093574e+01
Si III 1206,8.343694e-06,3.411721e-04,3.495186e-04,1206.921694,0.421694,1.073624e+01,5.110017e+12,6.353007e-06,5.955830e-01,1.021619e+02,4.105136e+06,2.458380e-27,2.085668e-12,5.897816e-01,7.450581e+00,2.180957e+04,3.272754e+04,3.291895e+04,-2.625189e+02,4.209969e+01,-2.437176e+01
Si III 1206,8.146962e-06,3.917965e-04,3.999466e-04,1206.982536,0.482536,1.611797e+01,7.671163e+12,6.571121e-06,5.955830e-01,1.173084e+02,4.391854e+06,3.623021e-27,3.294343e-12,6.783852e-01,7.450581e+00,2.180957e+04,3.272559e+04,3.291895e+04,-2.938651e+02,5.003175e+01,-2.452765e+01
Si III 1206,7.920675e-06,3.404032e-04,3.483266e-04,1206.920256,0.420256,3.009924e+01,1.432617e+13,6.664656e-06,5.955830e-01,1.019423e+02,4.517773e+06,2.286147e-27,2.137403e-12,2.222932e+00,7.450581e+00,2.180957e+04,3.272559e+04,3.291699e+04,-2.525249e+02,2.618971e+01,-1.630859e+01
Si III 1206,7.179179e-06,2.307195e-04,2.379004e-04,1206.787027,0.287027,5.174014e+00,2.462882e+12,5.729584e-06,5.955830e-01,6.908309e+01,3.338990e+06,2.769819e-27,1.918432e-12,9.318235e-01,7.450581e+00,2.180957e+04,3.272559e+04,3.291504e+04,-2.229987e+02,2.215736e+00,-3.390959e+01
Si III 1206,6.868354e-06,2.636996e-04,2.705697e-04,1206.826442,0.326442,7.789882e+00,3.707938e+12,5.469253e-06,5.955830e-01,7.902775e+01,3.042460e+06,1.736335e-27,1.093709e-12,1.291109e+00,7.450581e+00,2.181152e+04,3.272559e+04,3.291504e+04,-1.253432e+02,8.520026e+00,2.518612e+01
Si III 1206,6.437683e-06,2.013245e-04,2.077635e-04,1206.750667,0.250667,3.763444e-01,1.792116e+11,3.940234e-06,5.955830e-01,6.032429e+01,1.579112e+06,3.097941e-27,1.016986e-12,2.504052e-01,9.313226e-01,2.181104e+04,3.272607e+04,3.291357e+04,-1.366259e+02,-8.983248e+00,1.847997e+00
Si III 1206,6.354156e-06,2.296052e-04,2.359608e-04,1206.784687,0.284687,2.478133e+00,1.180595e+12,4.281667e-06,5.955830e-01,6.877055e+01,1.864639e+06,6.676625e-27,2.587422e-12,6.699474e-01,9.313226e-01,2.181104e+04,3.272510e+04,3.291357e+04,-1.938244e+02,-1.102496e+01,-1.686436e+01
Si III 1206,6.130684e-06,3.171855e-04,3.233181e-04,1206.890083,0.390083,3.517693e+00,1.674951e+12,3.972536e-06,5.955830e-01,9.500803e+01,1.605109e+06,1.250973e-26,4.170540e-12,1.911135e-01,9.313226e-01,2.181201e+04,3.272510e+04,3.291357e+04,-2.211959e+02,8.349475e+00,-4.765735e+00
Si III 1206,6.066935e-06,1.727187e-04,1.787867e-04,1206.715706,0.215706,5.376122e+00,2.560957e+12,3.269609e-07,5.955830e-01,5.171368e+01,1.087328e+04,1.949723e-26,3.974983e-14,1.111466e+00,9.313226e-01,2.181201e+04,3.272510e+04,3.291260e+04,-1.945054e+02,1.019994e+01,-4.100900e+01
Si III 1206,5.696187e-06,1.551451e-04,1.608422e-04,1206.694056,0.194056,1.545421e+01,7.357864e+12,3.428510e-06,5.955830e-01,4.648560e+01,1.195583e+06,7.843349e-27,1.952482e-12,9.088817e-01,9.313226e-01,2.181201e+04,3.272510e+04,3.291162e+04,-1.232936e+02,1.006000e+01,-1.113974e+01
Si III 1206,5.393015e-06,2.488527e-04,2.542471e-04,1206.806749,0.306749,1.111188e+01,5.290076e+12,3.553679e-06,5.955830e-01,7.453524e+01,1.284474e+06,2.897998e-26,7.745979e-12,2.025844e-01,9.313226e-01,2.181299e+04,3.272510e+04,3.291162e+04,-2.021532e+02,9.864798e+00,-1.880925e+01
Si III 1206,5.325439e-06,1.694222e-04,1.747485e-04,1206.710834,0.210834,1.357982e+01,6.465849e+12,3.711491e-06,5.955830e-01,5.076711e+01,1.401089e+06,9.533942e-27,2.781376e-12,1.111466e+00,9.313226e-01,2.181299e+04,3.272510e+04,3.291064e+04,-1.205564e+02,8.208171e+00,-4.508157e+00
Si III 1206,4.954691e-06,1.075816e-04,1.125368e-04,1206.635776,0.135776,5.604282e-02,2.867126e+10,3.986711e-06,5.955830e-01,3.224960e+01,1.616584e+06,4.770043e-28,1.608287e-13,8.974108e-01,9.313226e-01,2.181299e+04,3.272510e+04,3.290967e+04,-3.353906e+01,8.665027e+00,1.805618e+01
Si III 1206,4.655345e-06,1.048997e-04,1.095556e-04,1206.632179,0.132179,4.464406e-02,2.295432e+10,4.050810e-06,5.955830e-01,3.144575e+01,1.668986e+06,2.017160e-28,7.026406e-14,2.140553e-01,9.313226e-01,2.181396e+04,3.272510e+04,3.290967e+04,-3.267946e+01,7.376084e+00,1.783986e+01
Si III 1206,4.583943e-06,1.095952e-04,1.141796e-04,1206.637758,0.137758,0.000000e+00,0.000000e+00,4.199774e-06,5.955830e-01,3.285243e+01,1.793993e+06,2.491373e-28,9.343518e-14,6.772964e-02,9.313226e-01,2.181396e+04,3.272510e+04,3.290869e+04,-4.155563e+01,-2.708600e+00,1.706525e+01
Si III 1206,4.561351e-06,6.236761e-05,6.692924e-05,1206.580750,0.080750,1.363112e-01,6.559751e+10,2.796726e-06,5.955830e-01,1.869596e+01,7.955526e+05,3.872845e-28,6.457473e-14,1.043736e+00,9.313226e-01,2.181396e+04,3.272412e+04,3.290869e+04,-2.639556e+01,-6.632619e+00,9.384015e+00
Si III 1206,4.213195e-06,1.161260e-04,1.203397e-04,1206.645190,0.145190,4.979098e-01,2.370662e+11,3.362123e-06,5.955830e-01,3.480654e+01,1.149730e+06,9.476541e-28,2.285845e-13,8.859399e-01,9.313226e-01,2.181396e+04,3.272412e+04,3.290771e+04,-6.185646e+01,-1.784044e+01,1.221546e+01
Si III 1206,3.917675e-06,2.068571e-04,2.107756e-04,1206.754301,0.254301,4.014744e-02,2.248791e+10,5.031493e-06,5.955830e-01,6.199732e+01,2.574913e+06,9.899961e-28,5.344322e-13,2.255262e-01,9.313226e-01,2.181494e+04,3.272412e+04,3.290771e+04,-9.339357e+01,-2.418944e+01,2.862502e+01
Si III 1206,3.842447e-06,1.555975e-04,1.594406e-04,1206.692365,0.192365,3.972749e-02,2.005241e+10,3.798363e-06,5.955830e-01,4.663675e+01,1.467445e+06,6.051654e-28,1.864625e-13,1.111466e+00,9.313226e-01,2.181494e+04,3.272412e+04,3.290674e+04,-7.296672e+01,-1.959486e+01,2.045878e+01
Si III 1206,3.471699e-06,1.794917e-04,1.829640e-04,1206.720746,0.220746,0.000000e+00,0.000000e+00,3.826569e-06,5.955830e-01,5.379612e+01,1.489320e+06,6.017741e-28,1.884095e-13,8.744690e-01,9.313226e-01,2.181494e+04,3.272412e+04,3.290576e+04,-8.667142e+01,-2.172534e+01,2.215984e+01
Si III 1206,3.180005e-06,2.188901e-04,2.220708e-04,1206.767928,0.267928,2.028591e-04,1.063854e+09,3.967878e-06,5.955830e-01,6.560550e+01,1.601347e+06,5.309733e-28,1.786955e-13,2.369971e-01,9.313226e-01,2.181592e+04,3.272412e+04,3.290576e+04,-9.096239e+01,-1.775811e+01,3.262355e+01
Si III 1206,3.100951e-06,2.238502e-04,2.269518e-04,1206.773817,0.273817,4.944801e+00,2.355789e+12,4.289651e-06,5.955830e-01,6.708697e+01,1.871599e+06,6.160115e-28,2.423441e-13,9.965201e-01,9.313226e-01,2.181592e+04,3.272412e+04,3.290479e+04,-1.044412e+02,-3.326786e+01,3.074271e+01
Si III 1206,2.768545e-06,2.161714e-04,2.189406e-04,1206.764152,0.264152,2.725787e-01,1.298219e+11,4.109514e-06,5.955830e-01,6.478508e+01,1.717710e+06,8.167048e-28,2.949734e-13,1.149460e-01,9.313226e-01,2.181592e+04,3.272314e+04,3.290479e+04,-1.049268e+02,-3.313927e+01,2.785217e+01
Si III 1206,2.730203e-06,2.244851e-04,2.272159e-04,1206.774136,0.274136,9.610546e+00,4.574754e+12,4.496972e-06,5.955830e-01,6.726674e+01,2.056881e+06,8.947370e-28,3.870657e-13,8.629981e-01,9.313226e-01,2.181592e+04,3.272314e+04,3.290381e+04,-1.247824e+02,-5.561248e+01,2.534478e+01
Si III 1206,2.442335e-06,2.825341e-04,2.849771e-04,1206.843825,0.343825,5.421157e+00,2.580397e+12,4.497632e-06,5.955830e-01,8.465279e+01,2.057486e+06,1.614422e-27,6.983622e-13,2.484680e-01,9.313226e-01,2.181689e+04,3.272314e+04,3.290381e+04,-1.499646e+02,-7.377120e+01,3.623134e+01
Si III 1206,2.359455e-06,2.770122e-04,2.793724e-04,1206.837063,0.337063,4.299615e+01,2.046571e+13,4.673323e-06,5.955830e-01,8.298834e+01,2.221368e+06,1.446802e-27,6.758281e-13,1.111466e+00,9.313226e-01,2.181689e+04,3.272314e+04,3.290283e+04,-1.570708e+02,-9.371273e+01,3.488924e+01
Si III 1206,1.988707e-06,2.831240e-04,2.851133e-04,1206.843989,0.343989,1.764110e+01,8.396927e+12,4.734638e-06,5.955830e-01,8.481928e+01,2.280040e+06,1.108393e-27,5.312483e-13,3.494493e-01,1.164153e-01,2.181714e+04,3.272339e+04,3.290210e+04,-1.547923e+02,-9.976802e+01,3.937052e+01
Si III 1206,1.872142e-06,2.500641e-04,2.519367e-04,1206.803962,0.303962,6.775142e+00,3.224982e+12,4.517713e-06,5.955830e-01,7.491356e+01,2.075899e+06,1.414936e-27,6.175097e-13,2.062838e-01,1.164153e-01,2.181714e+04,3.272290e+04,3.290210e+04,-1.511229e+02,-9.266229e+01,2.847117e+01
Si III 1206,1.803333e-06,2.386035e-04,2.404073e-04,1206.790051,0.290051,8.121955e+00,3.866113e+12,4.527066e-06,5.955830e-01,7.148161e+01,2.084503e+06,1.332836e-27,5.838646e-13,2.957941e-01,1.164153e-01,2.181714e+04,3.272290e+04,3.290161e+04,-1.458055e+02,-8.923880e+01,2.652965e+01
Si III 1206,1.704666e-06,2.364531e-04,2.381582e-04,1206.787338,0.287338,6.942686e+00,3.304779e+12,4.393988e-06,5.955830e-01,7.084417e+01,1.963753e+06,1.190665e-27,4.912890e-13,2.599389e-01,1.164153e-01,2.181763e+04,3.272290e+04,3.290161e+04,-1.380871e+02,-7.610999e+01,2.696838e+01
Si III 1206,1.617959e-06,2.205042e-04,2.221225e-04,1206.767991,0.267991,1.054364e+01,5.018947e+12,4.441922e-06,5.955830e-01,6.606732e+01,2.006831e+06,1.130281e-27,4.763470e-13,5.557330e-01,1.164153e-01,2.181763e+04,3.272290e+04,3.290112e+04,-1.329485e+02,-6.849563e+01,2.253962e+01
Si III 1206,1.432585e-06,2.065519e-04,2.079847e-04,1206.750934,0.250934,3.396615e+00,1.619018e+12,4.473708e-06,5.955830e-01,6.188819e+01,2.035656e+06,1.103848e-27,4.716528e-13,2.900587e-01,1.164153e-01,2.181763e+04,3.272290e+04,3.290063e+04,-1.291524e+02,-6.063038e+01,1.806456e+01
Si III 1206,1.335831e-06,2.183703e-04,2.197064e-04,1206.765076,0.265076,2.628065e+00,1.252429e+12,4.410980e-06,5.955830e-01,6.543229e+01,1.978970e+06,1.137076e-27,4.721876e-13,2.656744e-01,1.164153e-01,2.181812e+04,3.272290e+04,3.290063e+04,-1.305632e+02,-5.138418e+01,1.947710e+01
Si III 1206,1.247211e-06,1.912442e-04,1.924916e-04,1206.732241,0.232241,3.014777e+00,1.436632e+12,4.375729e-06,5.955830e-01,5.730459e+01,1.947466e+06,1.146218e-27,4.681630e-13,5.557330e-01,1.164153e-01,2.181812e+04,3.272290e+04,3.290015e+04,-1.237575e+02,-4.367925e+01,1.205378e+01
Si III 1206,1.061837e-06,1.599671e-04,1.610292e-04,1206.694282,0.194282,6.084058e-01,2.899188e+11,4.357907e-06,5.955830e-01,4.793228e+01,1.931634e+06,1.083714e-27,4.388947e-13,2.581115e-01,1.164153e-01,2.181812e+04,3.272290e+04,3.289966e+04,-1.155581e+02,-3.757128e+01,4.244601e+00
Si III 1206,9.757391e-07,1.570302e-04,1.580061e-04,1206.690634,0.190634,9.270155e-02,4.416227e+10,4.223664e-06,5.955830e-01,4.704696e+01,1.814461e+06,1.594692e-27,6.070502e-13,2.621175e-02,1.164153e-01,2.181812e+04,3.272241e+04,3.289966e+04,-1.299530e+02,-2.782611e+01,-6.013077e+00
Si III 1206,9.669958e-07,1.849858e-04,1.859529e-04,1206.724352,0.224352,7.475141e-01,3.560744e+11,4.187098e-06,5.955830e-01,5.542773e+01,1.783180e+06,1.481196e-27,5.541206e-13,2.714098e-01,1.164153e-01,2.181860e+04,3.272241e+04,3.289966e+04,-1.317644e+02,-1.975012e+01,9.449411e-01
Si III 1206,8.764625e-07,1.404574e-04,1.413340e-04,1206.670519,0.170519,7.977993e-01,3.800462e+11,4.185538e-06,5.955830e-01,4.208492e+01,1.781851e+06,1.217928e-27,4.551893e-13,5.557330e-01,1.164153e-01,2.181860e+04,3.272241e+04,3.289917e+04,-1.168286e+02,-1.291314e+01,-8.148315e+00
Si III 1206,6.910885e-07,1.025071e-04,1.031982e-04,1206.624509,0.124509,1.313436e-01,6.256944e+10,4.181901e-06,5.955830e-01,3.071224e+01,1.778757e+06,1.022659e-27,3.815234e-13,2.785878e-01,1.164153e-01,2.181860e+04,3.272241e+04,3.289868e+04,-1.041699e+02,-7.561845e+00,-1.583651e+01
Si III 1206,5.981609e-07,1.401575e-04,1.407558e-04,1206.669822,0.169822,1.837140e-01,8.752193e+10,4.225642e-06,5.955830e-01,4.199640e+01,1.816161e+06,1.041373e-27,3.967237e-13,2.771453e-01,1.164153e-01,2.181909e+04,3.272241e+04,3.289868e+04,-1.138076e+02,1.564590e+00,-9.724681e+00
Si III 1206,5.057144e-07,1.176988e-04,1.182046e-04,1206.642614,0.142614,1.650268e-01,7.862926e+10,4.283419e-06,5.955830e-01,3.526479e+01,1.866165e+06,9.846727e-28,3.854557e-13,5.557330e-01,1.164153e-01,2.181909e+04,3.272241e+04,3.289819e+04,-1.093719e+02,5.138453e+00,-1.589592e+01
Si III 1206,3.203404e-07,1.069018e-04,1.072221e-04,1206.629364,0.129364,8.158024e-03,1.195184e+10,4.314404e-06,5.955830e-01,3.202905e+01,1.893262e+06,9.464199e-28,3.758007e-13,2.728523e-01,1.164153e-01,2.181909e+04,3.272241e+04,3.289771e+04,-1.057206e+02,7.596868e+00,-1.825193e+01
Si III 1206,2.293260e-07,1.433025e-04,1.435319e-04,1206.673171,0.173171,4.552522e-02,2.403686e+10,4.379279e-06,5.955830e-01,4.293732e+01,1.950627e+06,9.827184e-28,4.019899e-13,2.828807e-01,1.164153e-01,2.181958e+04,3.272241e+04,3.289771e+04,-1.170580e+02,1.772709e+01,-1.362977e+01
Si III 1206,1.349664e-07,1.454536e-04,1.455886e-04,1206.675653,0.175653,4.408686e-04,2.550484e+09,4.381049e-06,5.955830e-01,4.358308e+01,1.952204e+06,9.587603e-28,3.924058e-13,1.667737e-01,1.164153e-01,2.181958e+04,3.272241e+04,3.289722e+04,-1.149359e+02,1.810710e+01,-1.190686e+01
Si III 1206,7.933624e-08,1.536087e-04,1.536880e-04,1206.685425,0.185425,3.275021e-04,1.897393e+09,4.387486e-06,5.955830e-01,4.602455e+01,1.957945e+06,1.050875e-27,4.316253e-13,2.403215e-01,1.164153e-01,2.181958e+04,3.272192e+04,3.289722e+04,-1.225077e+02,2.227624e+01,-1.379580e+01
