Line	 z_cosmo	 z_doppler	 z_effective	 wavelength [A]	delta wavelength [A]	 optical depth	column density [cm^-2]	 thermal broadening [km/s]	equivalent width [A]	 velocity_los [km/s]	temperature [K]	 density [g/cm^3]	 pressure [dyne/cm^2]	dl [kpccm/h]	 cell_volume [kpccm/h^3]	 x [kpccm/h]	y [kpccm/h]	 z [kpccm/h]	 v_x [km/s]	 v_y [km/s]	v_z [km/s]	 
Line,z_cosmo,z_dopp,z_eff,lambda,delta_lamdba,tau,N,thermal_b,EW,v_los,T,rho,p,dl,cell_volume,x,y,z,vx,vy,vz
C II 1335,1.834142e-05,3.681486e-04,3.864968e-04,1335.047792,0.515792,6.038885e-06,5.359340e+08,5.890937e-06,9.088874e-01,1.103242e+02,1.509468e+06,9.791531e-29,3.103437e-14,5.902282e-02,5.960464e+01,2.181055e+04,3.271680e+04,3.295117e+04,-1.047445e+02,7.058357e+01,1.020442e+02
C II 1335,1.832174e-05,2.089827e-04,2.273082e-04,1334.835350,0.303350,9.549953e-05,7.564710e+09,5.258122e-06,9.088874e-01,6.262285e+01,1.202587e+06,1.055707e-28,2.667610e-14,2.718611e-01,5.960464e+01,2.181055e+04,3.272070e+04,3.295117e+04,-9.998836e+01,6.485955e+01,5.411043e+01
C II 1335,1.823105e-05,2.089072e-04,2.271421e-04,1334.835128,0.303128,5.609067e-04,5.243323e+10,6.206612e-06,9.088874e-01,6.259909e+01,1.675576e+06,1.036436e-28,3.628856e-14,1.984851e+00,5.960464e+01,2.181445e+04,3.272070e+04,3.295117e+04,-1.065668e+02,6.041587e+01,5.294191e+01
C II 1335,1.756897e-05,1.452110e-04,1.627825e-04,1334.749239,0.217239,1.116277e-03,1.006332e+11,5.982830e-06,9.088874e-01,4.350952e+01,1.556928e+06,1.142802e-28,3.730551e-14,3.947611e+00,5.960464e+01,2.181445e+04,3.272070e+04,3.294727e+04,-1.063783e+02,4.243862e+01,3.255897e+01
C II 1335,1.625216e-05,1.480898e-04,1.643444e-04,1334.751323,0.219323,5.700901e-04,5.125435e+10,5.967158e-06,9.088874e-01,4.437396e+01,1.548782e+06,1.091784e-28,3.550687e-14,1.973806e+00,7.450581e+00,2.181348e+04,3.271973e+04,3.294434e+04,-1.046292e+02,3.589660e+01,3.325733e+01
C II 1335,1.559376e-05,1.572316e-04,1.728278e-04,1334.762644,0.230644,4.744958e-04,4.214376e+10,5.895963e-06,9.088874e-01,4.711151e+01,1.512044e+06,1.152636e-28,3.660269e-14,1.973806e+00,7.450581e+00,2.181348e+04,3.271973e+04,3.294238e+04,-1.144734e+02,3.014275e+01,3.436681e+01
C II 1335,1.493536e-05,1.739741e-04,1.889120e-04,1334.784109,0.252109,3.662667e-04,3.139075e+10,5.689668e-06,9.088874e-01,5.212835e+01,1.408085e+06,1.230579e-28,3.638828e-14,1.973806e+00,7.450581e+00,2.181348e+04,3.271973e+04,3.294043e+04,-1.210088e+02,2.332519e+01,3.815057e+01
C II 1335,1.427696e-05,1.799370e-04,1.942165e-04,1334.791188,0.259188,5.624165e-04,4.771803e+10,5.630452e-06,9.088874e-01,5.391695e+01,1.378928e+06,1.296844e-28,3.755711e-14,1.973806e+00,7.450581e+00,2.181348e+04,3.271973e+04,3.293848e+04,-1.193484e+02,1.569938e+01,3.970389e+01
C II 1335,1.361856e-05,1.622526e-04,1.758733e-04,1334.766709,0.234709,1.594887e-02,1.829906e+11,5.788143e-06,9.088874e-01,4.861433e+01,1.457248e+06,1.550240e-28,4.746173e-14,1.120940e+00,7.450581e+00,2.181348e+04,3.271973e+04,3.293652e+04,-1.241476e+02,1.082724e+01,3.340894e+01
C II 1335,1.324464e-05,1.640359e-04,1.772827e-04,1334.768589,0.236589,7.668238e-02,3.880847e+11,5.984845e-06,9.088874e-01,4.914345e+01,1.557977e+06,1.737489e-28,5.684928e-14,8.528656e-01,7.450581e+00,2.181543e+04,3.271973e+04,3.293652e+04,-1.376116e+02,2.238169e+00,3.163263e+01
C II 1335,1.296015e-05,5.681779e-05,6.977868e-05,1334.625122,0.093122,3.472614e-01,1.754998e+12,5.931343e-06,9.088874e-01,1.698946e+01,1.530246e+06,3.354406e-28,1.078131e-13,1.973806e+00,7.450581e+00,2.181543e+04,3.271973e+04,3.293457e+04,-1.621709e+02,-1.025054e+01,-4.879985e+00
C II 1335,1.230175e-05,-7.614011e-05,-6.383929e-05,1334.446804,-0.085196,2.606667e-01,1.307684e+12,5.625415e-06,9.088874e-01,-2.289954e+01,1.376462e+06,6.117996e-28,1.769342e-13,1.973806e+00,7.450581e+00,2.181543e+04,3.271973e+04,3.293262e+04,-2.017170e+02,-2.521605e+01,-5.134216e+01
C II 1335,1.164335e-05,-7.118346e-05,-5.954094e-05,1334.452541,-0.079459,1.710564e-01,8.573453e+11,5.583442e-06,9.088874e-01,-2.142611e+01,1.355998e+06,6.571419e-28,1.873721e-13,1.973806e+00,7.450581e+00,2.181543e+04,3.271973e+04,3.293066e+04,-2.177525e+02,-3.591007e+01,-5.263439e+01
C II 1335,1.098495e-05,-6.289875e-05,-5.191449e-05,1334.462718,-0.069282,1.255709e+00,6.174300e+12,5.439589e-06,9.088874e-01,-1.896866e+01,1.287026e+06,8.333293e-28,2.255572e-13,1.973806e+00,7.450581e+00,2.181543e+04,3.271973e+04,3.292871e+04,-2.468564e+02,-5.673970e+01,-5.528702e+01
C II 1335,1.032655e-05,-4.613887e-05,-3.581280e-05,1334.484207,-0.047793,2.194629e+00,1.079077e+13,5.003282e-06,9.088874e-01,-1.393942e+01,1.088842e+06,1.080824e-27,2.474331e-13,1.973806e+00,7.450581e+00,2.181543e+04,3.271973e+04,3.292676e+04,-2.410263e+02,-6.158691e+01,-4.973566e+01
C II 1335,9.668144e-06,-1.032282e-04,-9.356102e-05,1334.407140,-0.124860,9.809945e+00,4.823729e+13,5.041726e-06,9.088874e-01,-3.110743e+01,1.105640e+06,2.112866e-27,4.907584e-13,1.973806e+00,7.450581e+00,2.181543e+04,3.271973e+04,3.292480e+04,-2.916817e+02,-7.446855e+01,-7.457373e+01
C II 1335,9.009743e-06,9.934664e-06,1.894450e-05,1334.557282,0.025282,1.043289e+01,5.129482e+13,5.653480e-06,9.088874e-01,2.872475e+00,1.390230e+06,1.683205e-27,4.910987e-13,1.973806e+00,7.450581e+00,2.181543e+04,3.271973e+04,3.292285e+04,-2.453880e+02,-4.697514e+01,-3.241448e+01
C II 1335,8.351341e-06,1.564430e-04,1.647956e-04,1334.751925,0.219925,2.297495e+00,1.129432e+13,5.670492e-06,9.088874e-01,4.683388e+01,1.398610e+06,1.129633e-27,3.315476e-13,2.791196e-01,7.450581e+00,2.181543e+04,3.271973e+04,3.292090e+04,-1.974139e+02,-2.294916e+01,1.983856e+01
C II 1335,8.258235e-06,2.532412e-04,2.615015e-04,1334.880982,0.348982,8.080564e+00,3.972009e+13,6.046133e-06,9.088874e-01,7.586754e+01,1.590049e+06,6.627771e-28,2.204790e-13,1.622197e+00,7.450581e+00,2.181738e+04,3.271973e+04,3.292090e+04,-1.674676e+02,-2.109249e+01,5.324900e+01
C II 1335,7.717119e-06,1.969621e-04,2.046808e-04,1334.805153,0.273153,2.988897e+00,1.469257e+13,5.164440e-06,9.088874e-01,5.897270e+01,1.160116e+06,1.912264e-27,4.657712e-13,7.248863e-02,7.450581e+00,2.181738e+04,3.272168e+04,3.292090e+04,-2.096570e+02,3.263082e+00,3.211677e+01
C II 1335,7.692939e-06,1.936045e-04,2.012990e-04,1334.800640,0.268640,3.376840e+01,1.659954e+14,7.390923e-06,9.088874e-01,5.799378e+01,2.376033e+06,1.113305e-27,5.479791e-13,1.973806e+00,7.450581e+00,2.181738e+04,3.272168e+04,3.291895e+04,-1.643223e+02,5.221806e+00,3.723505e+01
C II 1335,7.034537e-06,2.188457e-04,2.258818e-04,1334.833446,0.301446,3.306892e+00,1.629076e+13,8.544288e-06,9.088874e-01,6.556522e+01,3.175462e+06,6.254942e-28,4.103492e-13,9.869028e-01,9.313226e-01,2.181689e+04,3.272119e+04,3.291748e+04,-1.535953e+02,-1.368052e+01,4.512947e+01
C II 1335,6.705336e-06,2.350895e-04,2.417964e-04,1334.854685,0.322685,3.240428e+00,1.599071e+13,9.074925e-06,9.088874e-01,7.042599e+01,3.582129e+06,7.582973e-28,5.604579e-13,9.869028e-01,9.313226e-01,2.181689e+04,3.272119e+04,3.291650e+04,-1.695533e+02,-1.267548e+01,4.799702e+01
C II 1335,6.376136e-06,2.357106e-04,2.420882e-04,1334.855075,0.323075,3.144007e+00,1.551337e+13,9.049895e-06,9.088874e-01,7.060420e+01,3.562396e+06,1.055491e-27,7.754793e-13,9.869028e-01,9.313226e-01,2.181689e+04,3.272119e+04,3.291553e+04,-1.837723e+02,-7.606332e+00,4.661439e+01
C II 1335,6.046935e-06,1.962170e-04,2.022651e-04,1334.801929,0.269929,1.923008e+00,9.462337e+12,7.952336e-06,9.088874e-01,5.877942e+01,2.750708e+06,8.881103e-28,5.040246e-13,8.451122e-01,9.313226e-01,2.181689e+04,3.272119e+04,3.291455e+04,-1.596206e+02,2.904584e-01,3.834365e+01
C II 1335,5.765031e-06,1.979286e-04,2.036948e-04,1334.803837,0.271837,2.874899e-01,1.419891e+12,9.266355e-06,9.088874e-01,5.928326e+01,3.734848e+06,9.535967e-28,7.336718e-13,1.417906e-01,9.313226e-01,2.181787e+04,3.272119e+04,3.291455e+04,-1.764941e+02,3.735082e+00,3.683872e+01
C II 1335,5.717734e-06,1.687715e-04,1.744902e-04,1334.764863,0.232863,1.121659e+00,5.516134e+12,7.401017e-06,9.088874e-01,5.054541e+01,2.382527e+06,1.040301e-27,5.111258e-13,9.869028e-01,9.313226e-01,2.181787e+04,3.272119e+04,3.291357e+04,-1.719279e+02,1.296519e+01,2.918434e+01
C II 1335,5.388533e-06,1.224993e-04,1.278885e-04,1334.702671,0.170671,5.502353e-01,2.705053e+12,6.082589e-06,9.088874e-01,3.668981e+01,1.609282e+06,9.491892e-28,3.156778e-13,9.869028e-01,9.313226e-01,2.181787e+04,3.272119e+04,3.291260e+04,-1.422777e+02,1.052729e+01,1.894566e+01
C II 1335,5.059332e-06,1.169407e-04,1.220007e-04,1334.694814,0.162814,4.338072e-01,2.140812e+12,4.526980e-06,9.088874e-01,3.503767e+01,8.913991e+05,7.455070e-28,1.392803e-13,9.869028e-01,9.313226e-01,2.181787e+04,3.272119e+04,3.291162e+04,-1.082045e+02,9.049791e-01,2.117761e+01
C II 1335,4.730131e-06,1.358500e-04,1.405807e-04,1334.719609,0.187609,2.953829e+00,1.452113e+13,5.449587e-06,9.088874e-01,4.070951e+01,1.291761e+06,1.032058e-27,2.793675e-13,9.869028e-01,9.313226e-01,2.181787e+04,3.272119e+04,3.291064e+04,-9.754188e+01,-8.874987e+00,2.771019e+01
C II 1335,4.400930e-06,1.786903e-04,1.830921e-04,1334.776342,0.244342,3.402664e+01,1.672710e+14,5.992031e-06,9.088874e-01,5.353362e+01,1.561720e+06,3.850957e-27,1.259945e-12,9.869028e-01,9.313226e-01,2.181787e+04,3.272119e+04,3.290967e+04,-1.428497e+02,-1.533137e+01,3.428683e+01
C II 1335,4.071729e-06,2.268751e-04,2.309477e-04,1334.840207,0.308207,2.592707e+02,1.274472e+15,5.660056e-06,9.088874e-01,6.793191e+01,1.393466e+06,1.106529e-26,3.229524e-12,9.869028e-01,9.313226e-01,2.181787e+04,3.272119e+04,3.290869e+04,-2.185047e+02,-2.977553e+01,3.795134e+01
C II 1335,3.742528e-06,1.917233e-04,1.954666e-04,1334.792856,0.260856,9.278747e+01,4.561209e+14,4.598216e-06,9.088874e-01,5.740315e+01,9.196738e+05,1.374897e-26,2.651608e-12,4.934514e-01,1.164153e-01,2.181812e+04,3.272144e+04,3.290796e+04,-2.070117e+02,-2.640179e+01,2.903810e+01
C II 1335,3.577928e-06,1.763021e-04,1.798807e-04,1334.772057,0.240057,6.045328e+01,2.971784e+14,4.612994e-06,9.088874e-01,5.278565e+01,9.255948e+05,1.299778e-26,2.523212e-12,4.934514e-01,1.164153e-01,2.181812e+04,3.272144e+04,3.290747e+04,-1.989290e+02,-2.807839e+01,2.533485e+01
C II 1335,3.413328e-06,2.245349e-04,2.279490e-04,1334.836205,0.304205,1.183304e+02,5.816655e+14,5.375632e-06,9.088874e-01,6.718502e+01,1.256939e+06,2.055562e-26,5.413097e-12,4.242020e-01,1.164153e-01,2.181812e+04,3.272144e+04,3.290698e+04,-2.723967e+02,-4.687288e+01,2.901918e+01
C II 1335,3.271827e-06,1.991205e-04,2.023930e-04,1334.802100,0.270100,1.980987e+01,9.737988e+13,4.673989e-06,9.088874e-01,5.960436e+01,9.502339e+05,1.748138e-26,3.479027e-12,6.924945e-02,1.164153e-01,2.181860e+04,3.272144e+04,3.290698e+04,-2.287395e+02,-3.367028e+01,2.794241e+01
C II 1335,3.248727e-06,2.184412e-04,2.216906e-04,1334.827853,0.295853,3.340721e+02,1.642176e+15,4.821736e-06,9.088874e-01,6.537373e+01,1.011258e+06,2.090918e-26,4.425748e-12,4.934514e-01,1.164153e-01,2.181860e+04,3.272144e+04,3.290649e+04,-2.557461e+02,-4.013912e+01,2.980532e+01
C II 1335,3.084127e-06,2.709656e-04,2.740505e-04,1334.897729,0.365729,1.064929e+03,5.234523e+15,4.885179e-06,9.088874e-01,8.109877e+01,1.038045e+06,2.039164e-26,4.430431e-12,9.869028e-01,9.313226e-01,2.181885e+04,3.272119e+04,3.290576e+04,-2.776601e+02,-4.245060e+01,4.265984e+01
C II 1335,2.754926e-06,2.431045e-04,2.458601e-04,1334.860108,0.328108,2.820478e+02,1.386411e+15,5.291442e-06,9.088874e-01,7.278381e+01,1.217876e+06,9.930523e-27,2.535075e-12,9.869028e-01,9.313226e-01,2.181885e+04,3.272119e+04,3.290479e+04,-2.336924e+02,-4.463977e+01,3.992638e+01
C II 1335,2.425725e-06,1.723337e-04,1.747599e-04,1334.765223,0.233223,1.668913e+00,8.204159e+12,5.409102e-06,9.088874e-01,5.161487e+01,1.272640e+06,3.474357e-27,9.283894e-13,3.272021e-02,1.164153e-01,2.181860e+04,3.272144e+04,3.290405e+04,-1.625870e+02,-4.962030e+01,2.761278e+01
C II 1335,2.414810e-06,2.000011e-04,2.024164e-04,1334.802131,0.270131,5.213149e+00,2.562645e+13,5.426509e-06,9.088874e-01,5.990537e+01,1.280844e+06,2.802135e-27,7.537010e-13,4.607312e-01,1.164153e-01,2.181860e+04,3.272192e+04,3.290405e+04,-1.644142e+02,-6.150761e+01,3.501177e+01
C II 1335,2.261124e-06,2.220843e-04,2.243459e-04,1334.831397,0.299397,3.276141e+00,1.610439e+13,5.855933e-06,9.088874e-01,6.651932e+01,1.491583e+06,2.283496e-27,7.156452e-13,4.934514e-01,1.164153e-01,2.181860e+04,3.272192e+04,3.290356e+04,-1.710246e+02,-7.086418e+01,4.024199e+01
C II 1335,2.096524e-06,2.270078e-04,2.291048e-04,1334.837748,0.305748,2.751185e+00,1.352384e+13,5.916808e-06,9.088874e-01,6.799048e+01,1.522755e+06,2.357735e-27,7.545306e-13,2.137469e-01,1.164153e-01,2.181860e+04,3.272192e+04,3.290308e+04,-1.789617e+02,-7.167439e+01,4.063043e+01
C II 1335,2.025224e-06,2.596808e-04,2.617066e-04,1334.881256,0.349256,1.000316e+00,4.916990e+12,5.299778e-06,9.088874e-01,7.778645e+01,1.221716e+06,2.240766e-27,5.751012e-13,2.797046e-01,1.164153e-01,2.181909e+04,3.272192e+04,3.290308e+04,-1.767504e+02,-6.672498e+01,5.112938e+01
C II 1335,1.931924e-06,2.498517e-04,2.517841e-04,1334.868014,0.336014,4.393638e+00,2.159689e+13,5.476912e-06,9.088874e-01,7.483008e+01,1.304748e+06,2.764517e-27,7.581570e-13,4.934514e-01,1.164153e-01,2.181909e+04,3.272192e+04,3.290259e+04,-1.946124e+02,-6.414400e+01,4.594347e+01
C II 1335,1.767323e-06,2.226466e-04,2.244143e-04,1334.831488,0.299488,7.281393e+00,3.579262e+13,5.513891e-06,9.088874e-01,6.667021e+01,1.322426e+06,3.418429e-27,9.502488e-13,4.934514e-01,1.164153e-01,2.181909e+04,3.272192e+04,3.290210e+04,-2.059768e+02,-5.192036e+01,3.695557e+01
C II 1335,1.602723e-06,1.917507e-04,1.933538e-04,1334.790037,0.258037,8.380462e+00,4.119659e+13,5.665135e-06,9.088874e-01,5.740633e+01,1.395969e+06,3.980981e-27,1.168098e-12,4.934514e-01,1.164153e-01,2.181909e+04,3.272192e+04,3.290161e+04,-2.127653e+02,-3.717793e+01,2.761256e+01
C II 1335,1.438122e-06,1.698163e-04,1.712546e-04,1334.760545,0.228545,7.604898e+00,3.738498e+13,5.773457e-06,9.088874e-01,5.083733e+01,1.449863e+06,3.898683e-27,1.187821e-12,4.934514e-01,1.164153e-01,2.181909e+04,3.272192e+04,3.290112e+04,-2.052794e+02,-2.636222e+01,2.263394e+01
C II 1335,1.273522e-06,1.412609e-04,1.425346e-04,1334.722217,0.190217,5.844537e+00,2.873239e+13,6.111455e-06,9.088874e-01,4.228697e+01,1.624592e+06,3.187891e-27,1.087902e-12,4.934514e-01,1.164153e-01,2.181909e+04,3.272192e+04,3.290063e+04,-1.912302e+02,-1.803875e+01,1.636487e+01
C II 1335,1.108921e-06,1.082748e-04,1.093839e-04,1334.677976,0.145976,4.003715e+00,1.968342e+13,6.161209e-06,9.088874e-01,3.241280e+01,1.651152e+06,2.319715e-27,8.043467e-13,4.934514e-01,1.164153e-01,2.181909e+04,3.272192e+04,3.290015e+04,-1.675464e+02,-1.029803e+01,9.993931e+00
C II 1335,9.443208e-07,7.555151e-05,7.649590e-05,1334.634086,0.102086,2.277920e+00,1.119938e+13,6.278545e-06,9.088874e-01,2.261240e+01,1.714641e+06,1.743715e-27,6.277824e-13,4.934514e-01,1.164153e-01,2.181909e+04,3.272192e+04,3.289966e+04,-1.496116e+02,-3.599220e+00,2.873758e+00
C II 1335,7.797204e-07,3.605597e-05,3.683572e-05,1334.581158,0.049158,3.200394e-04,3.069091e+10,6.365387e-06,9.088874e-01,1.077929e+01,1.762401e+06,1.377368e-27,5.095600e-13,3.291752e-03,1.164153e-01,2.181909e+04,3.272192e+04,3.289917e+04,-1.339450e+02,3.461474e+00,-6.577663e+00
C II 1335,7.786224e-07,7.317995e-05,7.395863e-05,1334.630700,0.098700,3.685134e-01,1.811808e+12,6.330852e-06,9.088874e-01,2.190627e+01,1.743329e+06,1.282603e-27,4.694416e-13,4.901597e-01,1.164153e-01,2.181958e+04,3.272192e+04,3.289917e+04,-1.390098e+02,1.258542e+01,4.564847e+00
C II 1335,6.151200e-07,3.659704e-05,3.721218e-05,1334.581661,0.049661,1.705196e-01,8.787183e+11,6.561839e-06,9.088874e-01,1.094105e+01,1.872864e+06,1.181889e-27,4.646543e-13,4.934514e-01,1.164153e-01,2.181958e+04,3.272192e+04,3.289868e+04,-1.335939e+02,1.978893e+01,-5.354121e+00
C II 1335,4.505195e-07,7.739109e-06,8.189632e-06,1334.542929,0.010929,9.662770e-02,4.995821e+11,6.655510e-06,9.088874e-01,2.291930e+00,1.926716e+06,1.108943e-27,4.484780e-13,4.934514e-01,1.164153e-01,2.181958e+04,3.272192e+04,3.289819e+04,-1.273213e+02,2.290414e+01,-1.307318e+01
C II 1335,2.859191e-07,-2.206665e-06,-1.920747e-06,1334.529437,-0.002563,1.562892e-03,1.579900e+11,6.709906e-06,9.088874e-01,-6.885859e-01,1.958340e+06,1.068816e-27,4.392516e-13,4.934514e-01,1.164153e-01,2.181958e+04,3.272192e+04,3.289771e+04,-1.241742e+02,2.348861e+01,-1.563343e+01
C II 1335,1.213186e-07,3.378023e-06,3.499342e-06,1334.536670,0.004670,1.331795e-04,1.345730e+10,6.709230e-06,9.088874e-01,9.865298e-01,1.957945e+06,1.050875e-27,4.316253e-13,3.614716e-01,1.164153e-01,2.181958e+04,3.272192e+04,3.289722e+04,-1.225077e+02,2.227624e+01,-1.379580e+01
C IV 1548,1.834142e-05,3.681486e-04,3.864968e-04,1548.785369,0.598369,1.163836e-04,6.042933e+09,5.890937e-06,9.072481e-02,1.103242e+02,1.509468e+06,9.791531e-29,3.103437e-14,5.902282e-02,5.960464e+01,2.181055e+04,3.271680e+04,3.295117e+04,-1.047445e+02,7.058357e+01,1.020442e+02
C IV 1548,1.832174e-05,2.089827e-04,2.273082e-04,1548.538916,0.351916,1.792606e-03,8.311697e+10,5.258122e-06,9.072481e-02,6.262285e+01,1.202587e+06,1.055707e-28,2.667610e-14,2.718611e-01,5.960464e+01,2.181055e+04,3.272070e+04,3.295117e+04,-9.998836e+01,6.485955e+01,5.411043e+01
C IV 1548,1.823105e-05,2.089072e-04,2.271421e-04,1548.538658,0.351658,2.917329e-01,7.236559e+11,6.206612e-06,9.072481e-02,6.259909e+01,1.675576e+06,1.036436e-28,3.628856e-14,1.984851e+00,5.960464e+01,2.181445e+04,3.272070e+04,3.295117e+04,-1.065668e+02,6.041587e+01,5.294191e+01
C IV 1548,1.756897e-05,1.452110e-04,1.627825e-04,1548.439018,0.252018,4.822997e-01,1.196305e+12,5.982830e-06,9.072481e-02,4.350952e+01,1.556928e+06,1.142802e-28,3.730551e-14,3.947611e+00,5.960464e+01,2.181445e+04,3.272070e+04,3.294727e+04,-1.063783e+02,4.243862e+01,3.255897e+01
C IV 1548,1.625216e-05,1.480898e-04,1.643444e-04,1548.441436,0.254436,1.822281e-01,4.800181e+11,5.967158e-06,9.072481e-02,4.437396e+01,1.548782e+06,1.091784e-28,3.550687e-14,1.973806e+00,7.450581e+00,2.181348e+04,3.271973e+04,3.294434e+04,-1.046292e+02,3.589660e+01,3.325733e+01
C IV 1548,1.559376e-05,1.572316e-04,1.728278e-04,1548.454570,0.267570,1.066450e-01,2.800168e+11,5.895963e-06,9.072481e-02,4.711151e+01,1.512044e+06,1.152636e-28,3.660269e-14,1.973806e+00,7.450581e+00,2.181348e+04,3.271973e+04,3.294238e+04,-1.144734e+02,3.014275e+01,3.436681e+01
C IV 1548,1.493536e-05,1.739741e-04,1.889120e-04,1548.479471,0.292471,6.676857e-02,1.738029e+11,5.689668e-06,9.072481e-02,5.212835e+01,1.408085e+06,1.230579e-28,3.638828e-14,1.973806e+00,7.450581e+00,2.181348e+04,3.271973e+04,3.294043e+04,-1.210088e+02,2.332519e+01,3.815057e+01
C IV 1548,1.427696e-05,1.799370e-04,1.942165e-04,1548.487684,0.300684,3.139662e-02,1.138461e+11,5.630452e-06,9.072481e-02,5.391695e+01,1.378928e+06,1.296844e-28,3.755711e-14,1.973806e+00,7.450581e+00,2.181348e+04,3.271973e+04,3.293848e+04,-1.193484e+02,1.569938e+01,3.970389e+01
C IV 1548,1.361856e-05,1.622526e-04,1.758733e-04,1548.459285,0.272285,1.032502e-01,2.698693e+11,5.788143e-06,9.072481e-02,4.861433e+01,1.457248e+06,1.550240e-28,4.746173e-14,1.120940e+00,7.450581e+00,2.181348e+04,3.271973e+04,3.293652e+04,-1.241476e+02,1.082724e+01,3.340894e+01
C IV 1548,1.324464e-05,1.640359e-04,1.772827e-04,1548.461467,0.274467,2.353481e-01,5.837535e+11,5.984845e-06,9.072481e-02,4.914345e+01,1.557977e+06,1.737489e-28,5.684928e-14,8.528656e-01,7.450581e+00,2.181543e+04,3.271973e+04,3.293652e+04,-1.376116e+02,2.238169e+00,3.163263e+01
C IV 1548,1.296015e-05,5.681779e-05,6.977868e-05,1548.295030,0.108030,8.370706e-01,2.076435e+12,5.931343e-06,9.072481e-02,1.698946e+01,1.530246e+06,3.354406e-28,1.078131e-13,1.973806e+00,7.450581e+00,2.181543e+04,3.271973e+04,3.293457e+04,-1.621709e+02,-1.025054e+01,-4.879985e+00
C IV 1548,1.230175e-05,-7.614011e-05,-6.383929e-05,1548.088165,-0.098835,5.182719e-01,1.285692e+12,5.625415e-06,9.072481e-02,-2.289954e+01,1.376462e+06,6.117996e-28,1.769342e-13,1.973806e+00,7.450581e+00,2.181543e+04,3.271973e+04,3.293262e+04,-2.017170e+02,-2.521605e+01,-5.134216e+01
C IV 1548,1.164335e-05,-7.118346e-05,-5.954094e-05,1548.094819,-0.092181,1.411244e-01,3.658384e+11,5.583442e-06,9.072481e-02,-2.142611e+01,1.355998e+06,6.571419e-28,1.873721e-13,1.973806e+00,7.450581e+00,2.181543e+04,3.271973e+04,3.293066e+04,-2.177525e+02,-3.591007e+01,-5.263439e+01
C IV 1548,1.098495e-05,-6.289875e-05,-5.191449e-05,1548.106627,-0.080373,3.541879e-01,8.786099e+11,5.439589e-06,9.072481e-02,-1.896866e+01,1.287026e+06,8.333293e-28,2.255572e-13,1.973806e+00,7.450581e+00,2.181543e+04,3.271973e+04,3.292871e+04,-2.468564e+02,-5.673970e+01,-5.528702e+01
C IV 1548,1.032655e-05,-4.613887e-05,-3.581280e-05,1548.131555,-0.055445,4.029208e-01,9.994554e+11,5.003282e-06,9.072481e-02,-1.393942e+01,1.088842e+06,1.080824e-27,2.474331e-13,1.973806e+00,7.450581e+00,2.181543e+04,3.271973e+04,3.292676e+04,-2.410263e+02,-6.158691e+01,-4.973566e+01
C IV 1548,9.668144e-06,-1.032282e-04,-9.356102e-05,1548.042150,-0.144850,5.658631e-01,1.403721e+12,5.041726e-06,9.072481e-02,-3.110743e+01,1.105640e+06,2.112866e-27,4.907584e-13,1.973806e+00,7.450581e+00,2.181543e+04,3.271973e+04,3.292480e+04,-2.916817e+02,-7.446855e+01,-7.457373e+01
C IV 1548,9.009743e-06,9.934664e-06,1.894450e-05,1548.216330,0.029330,5.543864e-01,1.375175e+12,5.653480e-06,9.072481e-02,2.872475e+00,1.390230e+06,1.683205e-27,4.910987e-13,1.973806e+00,7.450581e+00,2.181543e+04,3.271973e+04,3.292285e+04,-2.453880e+02,-4.697514e+01,-3.241448e+01
C IV 1548,8.351341e-06,1.564430e-04,1.647956e-04,1548.442134,0.255134,1.076982e-01,2.801163e+11,5.670492e-06,9.072481e-02,4.683388e+01,1.398610e+06,1.129633e-27,3.315476e-13,2.791196e-01,7.450581e+00,2.181543e+04,3.271973e+04,3.292090e+04,-1.974139e+02,-2.294916e+01,1.983856e+01
C IV 1548,8.258235e-06,2.532412e-04,2.615015e-04,1548.591853,0.404853,7.825775e-01,1.940981e+12,6.046133e-06,9.072481e-02,7.586754e+01,1.590049e+06,6.627771e-28,2.204790e-13,1.622197e+00,7.450581e+00,2.181738e+04,3.271973e+04,3.292090e+04,-1.674676e+02,-2.109249e+01,5.324900e+01
C IV 1548,7.717119e-06,1.969621e-04,2.046808e-04,1548.503884,0.316884,4.254121e-02,1.453806e+11,5.164440e-06,9.072481e-02,5.897270e+01,1.160116e+06,1.912264e-27,4.657712e-13,7.248863e-02,7.450581e+00,2.181738e+04,3.272168e+04,3.292090e+04,-2.096570e+02,3.263082e+00,3.211677e+01
C IV 1548,7.692939e-06,1.936045e-04,2.012990e-04,1548.498648,0.311648,1.205827e+00,2.997111e+12,7.390923e-06,9.072481e-02,5.799378e+01,2.376033e+06,1.113305e-27,5.479791e-13,1.973806e+00,7.450581e+00,2.181738e+04,3.272168e+04,3.291895e+04,-1.643223e+02,5.221806e+00,3.723505e+01
C IV 1548,7.034537e-06,2.188457e-04,2.258818e-04,1548.536707,0.349707,4.955414e-01,1.239067e+12,8.544288e-06,9.072481e-02,6.556522e+01,3.175462e+06,6.254942e-28,4.103492e-13,9.869028e-01,9.313226e-01,2.181689e+04,3.272119e+04,3.291748e+04,-1.535953e+02,-1.368052e+01,4.512947e+01
C IV 1548,6.705336e-06,2.350895e-04,2.417964e-04,1548.561346,0.374346,5.816834e-01,1.461245e+12,9.074925e-06,9.072481e-02,7.042599e+01,3.582129e+06,7.582973e-28,5.604579e-13,9.869028e-01,9.313226e-01,2.181689e+04,3.272119e+04,3.291650e+04,-1.695533e+02,-1.267548e+01,4.799702e+01
C IV 1548,6.376136e-06,2.357106e-04,2.420882e-04,1548.561798,0.374798,5.105706e-01,1.282280e+12,9.049895e-06,9.072481e-02,7.060420e+01,3.562396e+06,1.055491e-27,7.754793e-13,9.869028e-01,9.313226e-01,2.181689e+04,3.272119e+04,3.291553e+04,-1.837723e+02,-7.606332e+00,4.661439e+01
C IV 1548,6.046935e-06,1.962170e-04,2.022651e-04,1548.500144,0.313144,3.263466e-01,8.129933e+11,7.952336e-06,9.072481e-02,5.877942e+01,2.750708e+06,8.881103e-28,5.040246e-13,8.451122e-01,9.313226e-01,2.181689e+04,3.272119e+04,3.291455e+04,-1.596206e+02,2.904584e-01,3.834365e+01
C IV 1548,5.765031e-06,1.979286e-04,2.036948e-04,1548.502358,0.315358,1.294060e-03,1.056640e+11,9.266355e-06,9.072481e-02,5.928326e+01,3.734848e+06,9.535967e-28,7.336718e-13,1.417906e-01,9.313226e-01,2.181787e+04,3.272119e+04,3.291455e+04,-1.764941e+02,3.735082e+00,3.683872e+01
C IV 1548,5.717734e-06,1.687715e-04,1.744902e-04,1548.457143,0.270143,1.700138e-01,4.225965e+11,7.401017e-06,9.072481e-02,5.054541e+01,2.382527e+06,1.040301e-27,5.111258e-13,9.869028e-01,9.313226e-01,2.181787e+04,3.272119e+04,3.291357e+04,-1.719279e+02,1.296519e+01,2.918434e+01
C IV 1548,5.388533e-06,1.224993e-04,1.278885e-04,1548.384995,0.197995,8.647161e-02,2.289763e+11,6.082589e-06,9.072481e-02,3.668981e+01,1.609282e+06,9.491892e-28,3.156778e-13,9.869028e-01,9.313226e-01,2.181787e+04,3.272119e+04,3.291260e+04,-1.422777e+02,1.052729e+01,1.894566e+01
C IV 1548,5.059332e-06,1.169407e-04,1.220007e-04,1548.375880,0.188880,3.132924e-02,9.864346e+10,4.526980e-06,9.072481e-02,3.503767e+01,8.913991e+05,7.455070e-28,1.392803e-13,9.869028e-01,9.313226e-01,2.181787e+04,3.272119e+04,3.291162e+04,-1.082045e+02,9.049791e-01,2.117761e+01
C IV 1548,4.730131e-06,1.358500e-04,1.405807e-04,1548.404645,0.217645,2.002133e-04,9.617536e+09,5.449587e-06,9.072481e-02,4.070951e+01,1.291761e+06,1.032058e-27,2.793675e-13,9.869028e-01,9.313226e-01,2.181787e+04,3.272119e+04,3.291064e+04,-9.754188e+01,-8.874987e+00,2.771019e+01
C IV 1548,4.400930e-06,1.786903e-04,1.830921e-04,1548.470461,0.283461,2.983799e-04,1.576384e+10,5.992031e-06,9.072481e-02,5.353362e+01,1.561720e+06,3.850957e-27,1.259945e-12,9.869028e-01,9.313226e-01,2.181787e+04,3.272119e+04,3.290967e+04,-1.428497e+02,-1.533137e+01,3.428683e+01
C IV 1548,4.071729e-06,2.268751e-04,2.309477e-04,1548.544550,0.357550,1.667653e-03,8.319862e+10,5.660056e-06,9.072481e-02,6.793191e+01,1.393466e+06,1.106529e-26,3.229524e-12,9.869028e-01,9.313226e-01,2.181787e+04,3.272119e+04,3.290869e+04,-2.185047e+02,-2.977553e+01,3.795134e+01
C IV 1548,3.742528e-06,1.917233e-04,1.954666e-04,1548.489619,0.302619,1.327138e-03,5.383725e+10,4.598216e-06,9.072481e-02,5.740315e+01,9.196738e+05,1.374897e-26,2.651608e-12,4.934514e-01,1.164153e-01,2.181812e+04,3.272144e+04,3.290796e+04,-2.070117e+02,-2.640179e+01,2.903810e+01
C IV 1548,3.577928e-06,1.763021e-04,1.798807e-04,1548.465489,0.278489,1.362741e-03,5.542458e+10,4.612994e-06,9.072481e-02,5.278565e+01,9.255948e+05,1.299778e-26,2.523212e-12,4.934514e-01,1.164153e-01,2.181812e+04,3.272144e+04,3.290747e+04,-1.989290e+02,-2.807839e+01,2.533485e+01
C IV 1548,3.413328e-06,2.245349e-04,2.279490e-04,1548.539908,0.352908,1.274947e-03,6.044490e+10,5.375632e-06,9.072481e-02,6.718502e+01,1.256939e+06,2.055562e-26,5.413097e-12,4.242020e-01,1.164153e-01,2.181812e+04,3.272144e+04,3.290698e+04,-2.723967e+02,-4.687288e+01,2.901918e+01
C IV 1548,3.271827e-06,1.991205e-04,2.023930e-04,1548.500342,0.313342,2.821227e-04,1.163290e+10,4.673989e-06,9.072481e-02,5.960436e+01,9.502339e+05,1.748138e-26,3.479027e-12,6.924945e-02,1.164153e-01,2.181860e+04,3.272144e+04,3.290698e+04,-2.287395e+02,-3.367028e+01,2.794241e+01
C IV 1548,3.248727e-06,2.184412e-04,2.216906e-04,1548.530218,0.343218,3.907049e-02,1.278118e+11,4.821736e-06,9.072481e-02,6.537373e+01,1.011258e+06,2.090918e-26,4.425748e-12,4.934514e-01,1.164153e-01,2.181860e+04,3.272144e+04,3.290649e+04,-2.557461e+02,-4.013912e+01,2.980532e+01
C IV 1548,3.084127e-06,2.709656e-04,2.740505e-04,1548.611281,0.424281,1.470096e-01,3.723193e+11,4.885179e-06,9.072481e-02,8.109877e+01,1.038045e+06,2.039164e-26,4.430431e-12,9.869028e-01,9.313226e-01,2.181885e+04,3.272119e+04,3.290576e+04,-2.776601e+02,-4.245060e+01,4.265984e+01
C IV 1548,2.754926e-06,2.431045e-04,2.458601e-04,1548.567637,0.380637,1.165358e-01,2.988181e+11,5.291442e-06,9.072481e-02,7.278381e+01,1.217876e+06,9.930523e-27,2.535075e-12,9.869028e-01,9.313226e-01,2.181885e+04,3.272119e+04,3.290479e+04,-2.336924e+02,-4.463977e+01,3.992638e+01
C IV 1548,2.425725e-06,1.723337e-04,1.747599e-04,1548.457561,0.270561,4.994447e-05,2.381678e+09,5.409102e-06,9.072481e-02,5.161487e+01,1.272640e+06,3.474357e-27,9.283894e-13,3.272021e-02,1.164153e-01,2.181860e+04,3.272144e+04,3.290405e+04,-1.625870e+02,-4.962030e+01,2.761278e+01
C IV 1548,2.414810e-06,2.000011e-04,2.024164e-04,1548.500378,0.313378,7.243409e-04,3.466312e+10,5.426509e-06,9.072481e-02,5.990537e+01,1.280844e+06,2.802135e-27,7.537010e-13,4.607312e-01,1.164153e-01,2.181860e+04,3.272192e+04,3.290405e+04,-1.644142e+02,-6.150761e+01,3.501177e+01
C IV 1548,2.261124e-06,2.220843e-04,2.243459e-04,1548.534329,0.347329,4.982633e-04,2.571767e+10,5.855933e-06,9.072481e-02,6.651932e+01,1.491583e+06,2.283496e-27,7.156452e-13,4.934514e-01,1.164153e-01,2.181860e+04,3.272192e+04,3.290356e+04,-1.710246e+02,-7.086418e+01,4.024199e+01
C IV 1548,2.096524e-06,2.270078e-04,2.291048e-04,1548.541697,0.354697,1.990712e-04,1.038362e+10,5.916808e-06,9.072481e-02,6.799048e+01,1.522755e+06,2.357735e-27,7.545306e-13,2.137469e-01,1.164153e-01,2.181860e+04,3.272192e+04,3.290308e+04,-1.789617e+02,-7.167439e+01,4.063043e+01
C IV 1548,2.025224e-06,2.596808e-04,2.617066e-04,1548.592171,0.405171,2.175485e-04,1.016508e+10,5.299778e-06,9.072481e-02,7.778645e+01,1.221716e+06,2.240766e-27,5.751012e-13,2.797046e-01,1.164153e-01,2.181909e+04,3.272192e+04,3.290308e+04,-1.767504e+02,-6.672498e+01,5.112938e+01
C IV 1548,1.931924e-06,2.498517e-04,2.517841e-04,1548.576809,0.389809,4.113501e-04,1.986006e+10,5.476912e-06,9.072481e-02,7.483008e+01,1.304748e+06,2.764517e-27,7.581570e-13,4.934514e-01,1.164153e-01,2.181909e+04,3.272192e+04,3.290259e+04,-1.946124e+02,-6.414400e+01,4.594347e+01
C IV 1548,1.767323e-06,2.226466e-04,2.244143e-04,1548.534435,0.347435,5.949785e-04,2.891764e+10,5.513891e-06,9.072481e-02,6.667021e+01,1.322426e+06,3.418429e-27,9.502488e-13,4.934514e-01,1.164153e-01,2.181909e+04,3.272192e+04,3.290210e+04,-2.059768e+02,-5.192036e+01,3.695557e+01
C IV 1548,1.602723e-06,1.917507e-04,1.933538e-04,1548.486348,0.299348,7.354247e-04,3.672413e+10,5.665135e-06,9.072481e-02,5.740633e+01,1.395969e+06,3.980981e-27,1.168098e-12,4.934514e-01,1.164153e-01,2.181909e+04,3.272192e+04,3.290161e+04,-2.127653e+02,-3.717793e+01,2.761256e+01
C IV 1548,1.438122e-06,1.698163e-04,1.712546e-04,1548.452134,0.265134,8.774810e-04,4.466008e+10,5.773457e-06,9.072481e-02,5.083733e+01,1.449863e+06,3.898683e-27,1.187821e-12,4.934514e-01,1.164153e-01,2.181909e+04,3.272192e+04,3.290112e+04,-2.052794e+02,-2.636222e+01,2.263394e+01
C IV 1548,1.273522e-06,1.412609e-04,1.425346e-04,1548.407670,0.220670,9.898662e-04,5.332467e+10,6.111455e-06,9.072481e-02,4.228697e+01,1.624592e+06,3.187891e-27,1.087902e-12,4.934514e-01,1.164153e-01,2.181909e+04,3.272192e+04,3.290063e+04,-1.912302e+02,-1.803875e+01,1.636487e+01
C IV 1548,1.108921e-06,1.082748e-04,1.093839e-04,1548.356347,0.169347,1.052590e-03,5.715975e+10,6.161209e-06,9.072481e-02,3.241280e+01,1.651152e+06,2.319715e-27,8.043467e-13,4.934514e-01,1.164153e-01,2.181909e+04,3.272192e+04,3.290015e+04,-1.675464e+02,-1.029803e+01,9.993931e+00
C IV 1548,9.443208e-07,7.555151e-05,7.649590e-05,1548.305430,0.118430,9.057006e-04,5.011757e+10,6.278545e-06,9.072481e-02,2.261240e+01,1.714641e+06,1.743715e-27,6.277824e-13,4.934514e-01,1.164153e-01,2.181909e+04,3.272192e+04,3.289966e+04,-1.496116e+02,-3.599220e+00,2.873758e+00
C IV 1548,7.797204e-07,3.605597e-05,3.683572e-05,1548.244029,0.057029,4.177154e-06,2.343428e+08,6.365387e-06,9.072481e-02,1.077929e+01,1.762401e+06,1.377368e-27,5.095600e-13,3.291752e-03,1.164153e-01,2.181909e+04,3.272192e+04,3.289917e+04,-1.339450e+02,3.461474e+00,-6.577663e+00
C IV 1548,7.786224e-07,7.317995e-05,7.395863e-05,1548.301502,0.114502,8.880078e-04,4.955682e+10,6.330852e-06,9.072481e-02,2.190627e+01,1.743329e+06,1.282603e-27,4.694416e-13,4.901597e-01,1.164153e-01,2.181958e+04,3.272192e+04,3.289917e+04,-1.390098e+02,1.258542e+01,4.564847e+00
C IV 1548,6.151200e-07,3.659704e-05,3.721218e-05,1548.244611,0.057611,5.239726e-04,3.030151e+10,6.561839e-06,9.072481e-02,1.094105e+01,1.872864e+06,1.181889e-27,4.646543e-13,4.934514e-01,1.164153e-01,2.181958e+04,3.272192e+04,3.289868e+04,-1.335939e+02,1.978893e+01,-5.354121e+00
C IV 1548,4.505195e-07,7.739109e-06,8.189632e-06,1548.199679,0.012679,2.543669e-04,1.492450e+10,6.655510e-06,9.072481e-02,2.291930e+00,1.926716e+06,1.108943e-27,4.484780e-13,4.934514e-01,1.164153e-01,2.181958e+04,3.272192e+04,3.289819e+04,-1.273213e+02,2.290414e+01,-1.307318e+01
C IV 1548,2.859191e-07,-2.206665e-06,-1.920747e-06,1548.184026,-0.002974,9.912529e-05,5.861764e+09,6.709906e-06,9.072481e-02,-6.885859e-01,1.958340e+06,1.068816e-27,4.392516e-13,4.934514e-01,1.164153e-01,2.181958e+04,3.272192e+04,3.289771e+04,-1.241742e+02,2.348861e+01,-1.563343e+01
C IV 1548,1.213186e-07,3.378023e-06,3.499342e-06,1548.192418,0.005418,3.218525e-05,1.903230e+09,6.709230e-06,9.072481e-02,9.865298e-01,1.957945e+06,1.050875e-27,4.316253e-13,3.614716e-01,1.164153e-01,2.181958e+04,3.272192e+04,3.289722e+04,-1.225077e+02,2.227624e+01,-1.379580e+01
Ly a,1.834142e-05,3.681486e-04,3.864968e-04,1216.139853,0.469853,1.877784e-01,4.093281e+11,2.033533e-05,5.282032e+00,1.103242e+02,1.509468e+06,9.791531e-29,3.103437e-14,5.902282e-02,5.960464e+01,2.181055e+04,3.271680e+04,3.295117e+04,-1.047445e+02,7.058357e+01,1.020442e+02
Ly a,1.832174e-05,2.089827e-04,2.273082e-04,1215.946332,0.276332,4.197584e+00,7.722616e+12,1.815087e-05,5.282032e+00,6.262285e+01,1.202587e+06,1.055707e-28,2.667610e-14,2.718611e-01,5.960464e+01,2.181055e+04,3.272070e+04,3.295117e+04,-9.998836e+01,6.485955e+01,5.411043e+01
Ly a,1.823105e-05,2.089072e-04,2.271421e-04,1215.946130,0.276130,5.336055e+01,9.802051e+13,2.142503e-05,5.282032e+00,6.259909e+01,1.675576e+06,1.036436e-28,3.628856e-14,1.984851e+00,5.960464e+01,2.181445e+04,3.272070e+04,3.295117e+04,-1.065668e+02,6.041587e+01,5.294191e+01
Ly a,1.756897e-05,1.452110e-04,1.627825e-04,1215.867890,0.197890,1.840966e+02,3.381975e+14,2.065254e-05,5.282032e+00,4.350952e+01,1.556928e+06,1.142802e-28,3.730551e-14,3.947611e+00,5.960464e+01,2.181445e+04,3.272070e+04,3.294727e+04,-1.063783e+02,4.243862e+01,3.255897e+01
Ly a,1.625216e-05,1.480898e-04,1.643444e-04,1215.869789,0.199789,5.517160e+01,1.013537e+14,2.059844e-05,5.282032e+00,4.437396e+01,1.548782e+06,1.091784e-28,3.550687e-14,1.973806e+00,7.450581e+00,2.181348e+04,3.271973e+04,3.294434e+04,-1.046292e+02,3.589660e+01,3.325733e+01
Ly a,1.559376e-05,1.572316e-04,1.728278e-04,1215.880102,0.210102,4.689857e+01,8.615487e+13,2.035268e-05,5.282032e+00,4.711151e+01,1.512044e+06,1.152636e-28,3.660269e-14,1.973806e+00,7.450581e+00,2.181348e+04,3.271973e+04,3.294238e+04,-1.144734e+02,3.014275e+01,3.436681e+01
Ly a,1.493536e-05,1.739741e-04,1.889120e-04,1215.899655,0.229655,4.110795e+01,7.551602e+13,1.964055e-05,5.282032e+00,5.212835e+01,1.408085e+06,1.230579e-28,3.638828e-14,1.973806e+00,7.450581e+00,2.181348e+04,3.271973e+04,3.294043e+04,-1.210088e+02,2.332519e+01,3.815057e+01
Ly a,1.427696e-05,1.799370e-04,1.942165e-04,1215.906103,0.236103,2.722530e+01,5.001309e+13,1.943614e-05,5.282032e+00,5.391695e+01,1.378928e+06,1.296844e-28,3.755711e-14,1.973806e+00,7.450581e+00,2.181348e+04,3.271973e+04,3.293848e+04,-1.193484e+02,1.569938e+01,3.970389e+01
Ly a,1.361856e-05,1.622526e-04,1.758733e-04,1215.883804,0.213804,9.179793e+01,1.686366e+14,1.998049e-05,5.282032e+00,4.861433e+01,1.457248e+06,1.550240e-28,4.746173e-14,1.120940e+00,7.450581e+00,2.181348e+04,3.271973e+04,3.293652e+04,-1.241476e+02,1.082724e+01,3.340894e+01
Ly a,1.324464e-05,1.640359e-04,1.772827e-04,1215.885517,0.215517,1.269878e+02,2.332815e+14,2.065950e-05,5.282032e+00,4.914345e+01,1.557977e+06,1.737489e-28,5.684928e-14,8.528656e-01,7.450581e+00,2.181543e+04,3.271973e+04,3.293652e+04,-1.376116e+02,2.238169e+00,3.163263e+01
Ly a,1.296015e-05,5.681779e-05,6.977868e-05,1215.754828,0.084828,2.428746e+03,4.462180e+15,2.047481e-05,5.282032e+00,1.698946e+01,1.530246e+06,3.354406e-28,1.078131e-13,1.973806e+00,7.450581e+00,2.181543e+04,3.271973e+04,3.293457e+04,-1.621709e+02,-1.025054e+01,-4.879985e+00
Ly a,1.230175e-05,-7.614011e-05,-6.383929e-05,1215.592392,-0.077608,5.936835e+03,1.090883e+16,1.941876e-05,5.282032e+00,-2.289954e+01,1.376462e+06,6.117996e-28,1.769342e-13,1.973806e+00,7.450581e+00,2.181543e+04,3.271973e+04,3.293262e+04,-2.017170e+02,-2.521605e+01,-5.134216e+01
Ly a,1.164335e-05,-7.118346e-05,-5.954094e-05,1215.597618,-0.072382,5.794429e+03,1.064711e+16,1.927386e-05,5.282032e+00,-2.142611e+01,1.355998e+06,6.571419e-28,1.873721e-13,1.973806e+00,7.450581e+00,2.181543e+04,3.271973e+04,3.293066e+04,-2.177525e+02,-3.591007e+01,-5.263439e+01
Ly a,1.098495e-05,-6.289875e-05,-5.191449e-05,1215.606889,-0.063111,9.584993e+03,1.761204e+16,1.877729e-05,5.282032e+00,-1.896866e+01,1.287026e+06,8.333293e-28,2.255572e-13,1.973806e+00,7.450581e+00,2.181543e+04,3.271973e+04,3.292871e+04,-2.468564e+02,-5.673970e+01,-5.528702e+01
Ly a,1.032655e-05,-4.613887e-05,-3.581280e-05,1215.626463,-0.043537,1.909807e+04,3.509138e+16,1.727117e-05,5.282032e+00,-1.393942e+01,1.088842e+06,1.080824e-27,2.474331e-13,1.973806e+00,7.450581e+00,2.181543e+04,3.271973e+04,3.292676e+04,-2.410263e+02,-6.158691e+01,-4.973566e+01
Ly a,9.668144e-06,-1.032282e-04,-9.356102e-05,1215.556261,-0.113739,5.667359e+04,1.041398e+17,1.740388e-05,5.282032e+00,-3.110743e+01,1.105640e+06,2.112866e-27,4.907584e-13,1.973806e+00,7.450581e+00,2.181543e+04,3.271973e+04,3.292480e+04,-2.916817e+02,-7.446855e+01,-7.457373e+01
Ly a,9.009743e-06,9.934664e-06,1.894450e-05,1215.693030,0.023030,4.151734e+04,7.628104e+16,1.951563e-05,5.282032e+00,2.872475e+00,1.390230e+06,1.683205e-27,4.910987e-13,1.973806e+00,7.450581e+00,2.181543e+04,3.271973e+04,3.292285e+04,-2.453880e+02,-4.697514e+01,-3.241448e+01
Ly a,8.351341e-06,1.564430e-04,1.647956e-04,1215.870337,0.200337,3.896790e+03,7.158643e+15,1.957436e-05,5.282032e+00,4.683388e+01,1.398610e+06,1.129633e-27,3.315476e-13,2.791196e-01,7.450581e+00,2.181543e+04,3.271973e+04,3.292090e+04,-1.974139e+02,-2.294916e+01,1.983856e+01
Ly a,8.258235e-06,2.532412e-04,2.615015e-04,1215.987900,0.317900,7.064477e+03,1.297662e+16,2.087106e-05,5.282032e+00,7.586754e+01,1.590049e+06,6.627771e-28,2.204790e-13,1.622197e+00,7.450581e+00,2.181738e+04,3.271973e+04,3.292090e+04,-1.674676e+02,-2.109249e+01,5.324900e+01
Ly a,7.717119e-06,1.969621e-04,2.046808e-04,1215.918824,0.248824,3.238241e+03,5.948611e+15,1.782748e-05,5.282032e+00,5.897270e+01,1.160116e+06,1.912264e-27,4.657712e-13,7.248863e-02,7.450581e+00,2.181738e+04,3.272168e+04,3.292090e+04,-2.096570e+02,3.263082e+00,3.211677e+01
Ly a,7.692939e-06,1.936045e-04,2.012990e-04,1215.914713,0.244713,3.934659e+04,7.227929e+16,2.551323e-05,5.282032e+00,5.799378e+01,2.376033e+06,1.113305e-27,5.479791e-13,1.973806e+00,7.450581e+00,2.181738e+04,3.272168e+04,3.291895e+04,-1.643223e+02,5.221806e+00,3.723505e+01
Ly a,7.034537e-06,2.188457e-04,2.258818e-04,1215.944598,0.274598,6.185027e+03,1.136155e+16,2.949461e-05,5.282032e+00,6.556522e+01,3.175462e+06,6.254942e-28,4.103492e-13,9.869028e-01,9.313226e-01,2.181689e+04,3.272119e+04,3.291748e+04,-1.535953e+02,-1.368052e+01,4.512947e+01
Ly a,6.705336e-06,2.350895e-04,2.417964e-04,1215.963945,0.293945,1.023052e+04,1.879259e+16,3.132636e-05,5.282032e+00,7.042599e+01,3.582129e+06,7.582973e-28,5.604579e-13,9.869028e-01,9.313226e-01,2.181689e+04,3.272119e+04,3.291650e+04,-1.695533e+02,-1.267548e+01,4.799702e+01
Ly a,6.376136e-06,2.357106e-04,2.420882e-04,1215.964299,0.294299,2.014194e+04,3.699901e+16,3.123995e-05,5.282032e+00,7.060420e+01,3.562396e+06,1.055491e-27,7.754793e-13,9.869028e-01,9.313226e-01,2.181689e+04,3.272119e+04,3.291553e+04,-1.837723e+02,-7.606332e+00,4.661439e+01
Ly a,6.046935e-06,1.962170e-04,2.022651e-04,1215.915888,0.245888,1.132120e+04,2.079691e+16,2.745121e-05,5.282032e+00,5.877942e+01,2.750708e+06,8.881103e-28,5.040246e-13,8.451122e-01,9.313226e-01,2.181689e+04,3.272119e+04,3.291455e+04,-1.596206e+02,2.904584e-01,3.834365e+01
Ly a,5.765031e-06,1.979286e-04,2.036948e-04,1215.917626,0.247626,1.717072e+03,3.154235e+15,3.198716e-05,5.282032e+00,5.928326e+01,3.734848e+06,9.535967e-28,7.336718e-13,1.417906e-01,9.313226e-01,2.181787e+04,3.272119e+04,3.291455e+04,-1.764941e+02,3.735082e+00,3.683872e+01
Ly a,5.717734e-06,1.687715e-04,1.744902e-04,1215.882123,0.212123,8.165631e+03,1.500058e+16,2.554808e-05,5.282032e+00,5.054541e+01,2.382527e+06,1.040301e-27,5.111258e-13,9.869028e-01,9.313226e-01,2.181787e+04,3.272119e+04,3.291357e+04,-1.719279e+02,1.296519e+01,2.918434e+01
Ly a,5.388533e-06,1.224993e-04,1.278885e-04,1215.825470,0.155470,3.484011e+03,6.400579e+15,2.099690e-05,5.282032e+00,3.668981e+01,1.609282e+06,9.491892e-28,3.156778e-13,9.869028e-01,9.313226e-01,2.181787e+04,3.272119e+04,3.291260e+04,-1.422777e+02,1.052729e+01,1.894566e+01
Ly a,5.059332e-06,1.169407e-04,1.220007e-04,1215.818313,0.148313,3.574187e+03,6.566284e+15,1.562699e-05,5.282032e+00,3.503767e+01,8.913991e+05,7.455070e-28,1.392803e-13,9.869028e-01,9.313226e-01,2.181787e+04,3.272119e+04,3.291162e+04,-1.082045e+02,9.049791e-01,2.117761e+01
Ly a,4.730131e-06,1.358500e-04,1.405807e-04,1215.840900,0.170900,4.629400e+04,8.504699e+16,1.881180e-05,5.282032e+00,4.070951e+01,1.291761e+06,1.032058e-27,2.793675e-13,9.869028e-01,9.313226e-01,2.181787e+04,3.272119e+04,3.291064e+04,-9.754188e+01,-8.874987e+00,2.771019e+01
Ly a,4.400930e-06,1.786903e-04,1.830921e-04,1215.892580,0.222580,4.639253e+05,8.522407e+17,2.068430e-05,5.282032e+00,5.353362e+01,1.561720e+06,3.850957e-27,1.259945e-12,9.869028e-01,9.313226e-01,2.181787e+04,3.272119e+04,3.290967e+04,-1.428497e+02,-1.533137e+01,3.428683e+01
Ly a,4.071729e-06,2.268751e-04,2.309477e-04,1215.950756,0.280756,1.527209e+06,2.805382e+18,1.953833e-05,5.282032e+00,6.793191e+01,1.393466e+06,1.106529e-26,3.229524e-12,9.869028e-01,9.313226e-01,2.181787e+04,3.272119e+04,3.290869e+04,-2.185047e+02,-2.977553e+01,3.795134e+01
Ly a,3.742528e-06,1.917233e-04,1.954666e-04,1215.907623,0.237623,9.853246e+05,1.810040e+18,1.587290e-05,5.282032e+00,5.740315e+01,9.196738e+05,1.374897e-26,2.651608e-12,4.934514e-01,1.164153e-01,2.181812e+04,3.272144e+04,3.290796e+04,-2.070117e+02,-2.640179e+01,2.903810e+01
Ly a,3.577928e-06,1.763021e-04,1.798807e-04,1215.888676,0.218676,9.278208e+05,1.704432e+18,1.592391e-05,5.282032e+00,5.278565e+01,9.255948e+05,1.299778e-26,2.523212e-12,4.934514e-01,1.164153e-01,2.181812e+04,3.272144e+04,3.290747e+04,-1.989290e+02,-2.807839e+01,2.533485e+01
Ly a,3.413328e-06,2.245349e-04,2.279490e-04,1215.947111,0.277111,1.335058e+06,2.452421e+18,1.855651e-05,5.282032e+00,6.718502e+01,1.256939e+06,2.055562e-26,5.413097e-12,4.242020e-01,1.164153e-01,2.181812e+04,3.272144e+04,3.290698e+04,-2.723967e+02,-4.687288e+01,2.901918e+01
Ly a,3.271827e-06,1.991205e-04,2.023930e-04,1215.916043,0.246043,1.819494e+05,3.342389e+17,1.613446e-05,5.282032e+00,5.960436e+01,9.502339e+05,1.748138e-26,3.479027e-12,6.924945e-02,1.164153e-01,2.181860e+04,3.272144e+04,3.290698e+04,-2.287395e+02,-3.367028e+01,2.794241e+01
Ly a,3.248727e-06,2.184412e-04,2.216906e-04,1215.939503,0.269503,1.592346e+06,2.925061e+18,1.664448e-05,5.282032e+00,6.537373e+01,1.011258e+06,2.090918e-26,4.425748e-12,4.934514e-01,1.164153e-01,2.181860e+04,3.272144e+04,3.290649e+04,-2.557461e+02,-4.013912e+01,2.980532e+01
Ly a,3.084127e-06,2.709656e-04,2.740505e-04,1216.003155,0.333155,2.989786e+06,5.491799e+18,1.686348e-05,5.282032e+00,8.109877e+01,1.038045e+06,2.039164e-26,4.430431e-12,9.869028e-01,9.313226e-01,2.181885e+04,3.272119e+04,3.290576e+04,-2.776601e+02,-4.245060e+01,4.265984e+01
Ly a,2.754926e-06,2.431045e-04,2.458601e-04,1215.968885,0.298885,1.109054e+06,2.037229e+18,1.826589e-05,5.282032e+00,7.278381e+01,1.217876e+06,9.930523e-27,2.535075e-12,9.869028e-01,9.313226e-01,2.181885e+04,3.272119e+04,3.290479e+04,-2.336924e+02,-4.463977e+01,3.992638e+01
Ly a,2.425725e-06,1.723337e-04,1.747599e-04,1215.882450,0.212450,8.430985e+03,1.548808e+16,1.867205e-05,5.282032e+00,5.161487e+01,1.272640e+06,3.474357e-27,9.283894e-13,3.272021e-02,1.164153e-01,2.181860e+04,3.272144e+04,3.290405e+04,-1.625870e+02,-4.962030e+01,2.761278e+01
Ly a,2.414810e-06,2.000011e-04,2.024164e-04,1215.916072,0.246072,6.034895e+04,1.108606e+17,1.873214e-05,5.282032e+00,5.990537e+01,1.280844e+06,2.802135e-27,7.537010e-13,4.607312e-01,1.164153e-01,2.181860e+04,3.272192e+04,3.290405e+04,-1.644142e+02,-6.150761e+01,3.501177e+01
Ly a,2.261124e-06,2.220843e-04,2.243459e-04,1215.942731,0.272731,3.467151e+04,6.368991e+16,2.021450e-05,5.282032e+00,6.651932e+01,1.491583e+06,2.283496e-27,7.156452e-13,4.934514e-01,1.164153e-01,2.181860e+04,3.272192e+04,3.290356e+04,-1.710246e+02,-7.086418e+01,4.024199e+01
Ly a,2.096524e-06,2.270078e-04,2.291048e-04,1215.948516,0.278516,1.477121e+04,2.713387e+16,2.042464e-05,5.282032e+00,6.799048e+01,1.522755e+06,2.357735e-27,7.545306e-13,2.137469e-01,1.164153e-01,2.181860e+04,3.272192e+04,3.290308e+04,-1.789617e+02,-7.167439e+01,4.063043e+01
Ly a,2.025224e-06,2.596808e-04,2.617066e-04,1215.988149,0.318149,1.334718e+04,2.451722e+16,1.829467e-05,5.282032e+00,7.778645e+01,1.221716e+06,2.240766e-27,5.751012e-13,2.797046e-01,1.164153e-01,2.181909e+04,3.272192e+04,3.290308e+04,-1.767504e+02,-6.672498e+01,5.112938e+01
Ly a,1.931924e-06,2.498517e-04,2.517841e-04,1215.976086,0.306086,3.967569e+04,7.288036e+16,1.890613e-05,5.282032e+00,7.483008e+01,1.304748e+06,2.764517e-27,7.581570e-13,4.934514e-01,1.164153e-01,2.181909e+04,3.272192e+04,3.290259e+04,-1.946124e+02,-6.414400e+01,4.594347e+01
Ly a,1.767323e-06,2.226466e-04,2.244143e-04,1215.942814,0.272814,6.801457e+04,1.249395e+17,1.903378e-05,5.282032e+00,6.667021e+01,1.322426e+06,3.418429e-27,9.502488e-13,4.934514e-01,1.164153e-01,2.181909e+04,3.272192e+04,3.290210e+04,-2.059768e+02,-5.192036e+01,3.695557e+01
Ly a,1.602723e-06,1.917507e-04,1.933538e-04,1215.905054,0.235054,9.523063e+04,1.749395e+17,1.955587e-05,5.282032e+00,5.740633e+01,1.395969e+06,3.980981e-27,1.168098e-12,4.934514e-01,1.164153e-01,2.181909e+04,3.272192e+04,3.290161e+04,-2.127653e+02,-3.717793e+01,2.761256e+01
Ly a,1.438122e-06,1.698163e-04,1.712546e-04,1215.878189,0.208189,9.447699e+04,1.735585e+17,1.992979e-05,5.282032e+00,5.083733e+01,1.449863e+06,3.898683e-27,1.187821e-12,4.934514e-01,1.164153e-01,2.181909e+04,3.272192e+04,3.290112e+04,-2.052794e+02,-2.636222e+01,2.263394e+01
Ly a,1.273522e-06,1.412609e-04,1.425346e-04,1215.843275,0.173275,6.377749e+04,1.171658e+17,2.109655e-05,5.282032e+00,4.228697e+01,1.624592e+06,3.187891e-27,1.087902e-12,4.934514e-01,1.164153e-01,2.181909e+04,3.272192e+04,3.290063e+04,-1.912302e+02,-1.803875e+01,1.636487e+01
Ly a,1.108921e-06,1.082748e-04,1.093839e-04,1215.802975,0.132975,3.121546e+04,5.734789e+16,2.126830e-05,5.282032e+00,3.241280e+01,1.651152e+06,2.319715e-27,8.043467e-13,4.934514e-01,1.164153e-01,2.181909e+04,3.272192e+04,3.290015e+04,-1.675464e+02,-1.029803e+01,9.993931e+00
Ly a,9.443208e-07,7.555151e-05,7.649590e-05,1215.762994,0.092994,1.287645e+04,2.365691e+16,2.167334e-05,5.282032e+00,2.261240e+01,1.714641e+06,1.743715e-27,6.277824e-13,4.934514e-01,1.164153e-01,2.181909e+04,3.272192e+04,3.289966e+04,-1.496116e+02,-3.599220e+00,2.873758e+00
Ly a,7.797204e-07,3.605597e-05,3.683572e-05,1215.714780,0.044780,2.910789e+01,5.347983e+13,2.197312e-05,5.282032e+00,1.077929e+01,1.762401e+06,1.377368e-27,5.095600e-13,3.291752e-03,1.164153e-01,2.181909e+04,3.272192e+04,3.289917e+04,-1.339450e+02,3.461474e+00,-6.577663e+00
Ly a,7.786224e-07,7.317995e-05,7.395863e-05,1215.759909,0.089909,1.768777e+03,3.249647e+15,2.185390e-05,5.282032e+00,2.190627e+01,1.743329e+06,1.282603e-27,4.694416e-13,4.901597e-01,1.164153e-01,2.181958e+04,3.272192e+04,3.289917e+04,-1.390098e+02,1.258542e+01,4.564847e+00
Ly a,6.151200e-07,3.659704e-05,3.721218e-05,1215.715238,0.045238,8.568323e+02,1.574255e+15,2.265126e-05,5.282032e+00,1.094105e+01,1.872864e+06,1.181889e-27,4.646543e-13,4.934514e-01,1.164153e-01,2.181958e+04,3.272192e+04,3.289868e+04,-1.335939e+02,1.978893e+01,-5.354121e+00
Ly a,4.505195e-07,7.739109e-06,8.189632e-06,1215.679956,0.009956,4.501159e+02,8.270206e+14,2.297461e-05,5.282032e+00,2.291930e+00,1.926716e+06,1.108943e-27,4.484780e-13,4.934514e-01,1.164153e-01,2.181958e+04,3.272192e+04,3.289819e+04,-1.273213e+02,2.290414e+01,-1.307318e+01
Ly a,2.859191e-07,-2.206665e-06,-1.920747e-06,1215.667665,-0.002335,1.438723e+02,2.643466e+14,2.316238e-05,5.282032e+00,-6.885859e-01,1.958340e+06,1.068816e-27,4.392516e-13,4.934514e-01,1.164153e-01,2.181958e+04,3.272192e+04,3.289771e+04,-1.241742e+02,2.348861e+01,-1.563343e+01
Ly a,1.213186e-07,3.378023e-06,3.499342e-06,1215.674254,0.004254,1.334608e+01,2.452154e+13,2.316005e-05,5.282032e+00,9.865298e-01,1.957945e+06,1.050875e-27,4.316253e-13,3.614716e-01,1.164153e-01,2.181958e+04,3.272192e+04,3.289722e+04,-1.225077e+02,2.227624e+01,-1.379580e+01
Si II 1193,1.834142e-05,3.681486e-04,3.864968e-04,1193.751203,0.461203,1.585888e-06,2.315944e+07,3.852365e-06,5.938271e-01,1.103242e+02,1.509468e+06,9.791531e-29,3.103437e-14,5.902282e-02,5.960464e+01,2.181055e+04,3.271680e+04,3.295117e+04,-1.047445e+02,7.058357e+01,1.020442e+02
Si II 1193,1.832174e-05,2.089827e-04,2.273082e-04,1193.561245,0.271245,2.571182e-05,3.354132e+08,3.438537e-06,5.938271e-01,6.262285e+01,1.202587e+06,1.055707e-28,2.667610e-14,2.718611e-01,5.960464e+01,2.181055e+04,3.272070e+04,3.295117e+04,-9.998836e+01,6.485955e+01,5.411043e+01
Si II 1193,1.823105e-05,2.089072e-04,2.271421e-04,1193.561046,0.271046,1.048548e-04,1.612900e+09,4.058800e-06,5.938271e-01,6.259909e+01,1.675576e+06,1.036436e-28,3.628856e-14,1.984851e+00,5.960464e+01,2.181445e+04,3.272070e+04,3.295117e+04,-1.065668e+02,6.041587e+01,5.294191e+01
Si II 1193,1.756897e-05,1.452110e-04,1.627825e-04,1193.484247,0.194247,2.582819e-04,3.826653e+09,3.912458e-06,5.938271e-01,4.350952e+01,1.556928e+06,1.142802e-28,3.730551e-14,3.947611e+00,5.960464e+01,2.181445e+04,3.272070e+04,3.294727e+04,-1.063783e+02,4.243862e+01,3.255897e+01
Si II 1193,1.625216e-05,1.480898e-04,1.643444e-04,1193.486111,0.196111,1.649841e-04,2.438109e+09,3.902210e-06,5.938271e-01,4.437396e+01,1.548782e+06,1.091784e-28,3.550687e-14,1.973806e+00,7.450581e+00,2.181348e+04,3.271973e+04,3.294434e+04,-1.046292e+02,3.589660e+01,3.325733e+01
Si II 1193,1.559376e-05,1.572316e-04,1.728278e-04,1193.496234,0.206234,1.638170e-04,2.392159e+09,3.855652e-06,5.938271e-01,4.711151e+01,1.512044e+06,1.152636e-28,3.660269e-14,1.973806e+00,7.450581e+00,2.181348e+04,3.271973e+04,3.294238e+04,-1.144734e+02,3.014275e+01,3.436681e+01
Si II 1193,1.493536e-05,1.739741e-04,1.889120e-04,1193.515427,0.225427,1.343818e-04,1.893803e+09,3.720746e-06,5.938271e-01,5.212835e+01,1.408085e+06,1.230579e-28,3.638828e-14,1.973806e+00,7.450581e+00,2.181348e+04,3.271973e+04,3.294043e+04,-1.210088e+02,2.332519e+01,3.815057e+01
Si II 1193,1.427696e-05,1.799370e-04,1.942165e-04,1193.521757,0.231757,3.159483e-04,4.409953e+09,3.682022e-06,5.938271e-01,5.391695e+01,1.378928e+06,1.296844e-28,3.755711e-14,1.973806e+00,7.450581e+00,2.181348e+04,3.271973e+04,3.293848e+04,-1.193484e+02,1.569938e+01,3.970389e+01
Si II 1193,1.361856e-05,1.622526e-04,1.758733e-04,1193.499868,0.209868,1.290044e-03,1.852504e+10,3.785143e-06,5.938271e-01,4.861433e+01,1.457248e+06,1.550240e-28,4.746173e-14,1.120940e+00,7.450581e+00,2.181348e+04,3.271973e+04,3.293652e+04,-1.241476e+02,1.082724e+01,3.340894e+01
Si II 1193,1.324464e-05,1.640359e-04,1.772827e-04,1193.501550,0.211550,1.846867e-02,3.919760e+10,3.913776e-06,5.938271e-01,4.914345e+01,1.557977e+06,1.737489e-28,5.684928e-14,8.528656e-01,7.450581e+00,2.181543e+04,3.271973e+04,3.293652e+04,-1.376116e+02,2.238169e+00,3.163263e+01
Si II 1193,1.296015e-05,5.681779e-05,6.977868e-05,1193.373266,0.083266,1.435892e-01,1.981593e+11,3.878789e-06,5.938271e-01,1.698946e+01,1.530246e+06,3.354406e-28,1.078131e-13,1.973806e+00,7.450581e+00,2.181543e+04,3.271973e+04,3.293457e+04,-1.621709e+02,-1.025054e+01,-4.879985e+00
Si II 1193,1.230175e-05,-7.614011e-05,-6.383929e-05,1193.213821,-0.076179,1.057482e-01,1.530699e+11,3.678728e-06,5.938271e-01,-2.289954e+01,1.376462e+06,6.117996e-28,1.769342e-13,1.973806e+00,7.450581e+00,2.181543e+04,3.271973e+04,3.293262e+04,-2.017170e+02,-2.521605e+01,-5.134216e+01
Si II 1193,1.164335e-05,-7.118346e-05,-5.954094e-05,1193.218950,-0.071050,7.900329e-02,1.141916e+11,3.651279e-06,5.938271e-01,-2.142611e+01,1.355998e+06,6.571419e-28,1.873721e-13,1.973806e+00,7.450581e+00,2.181543e+04,3.271973e+04,3.293066e+04,-2.177525e+02,-3.591007e+01,-5.263439e+01
Si II 1193,1.098495e-05,-6.289875e-05,-5.191449e-05,1193.228051,-0.061949,6.812216e-01,9.401134e+11,3.557207e-06,5.938271e-01,-1.896866e+01,1.287026e+06,8.333293e-28,2.255572e-13,1.973806e+00,7.450581e+00,2.181543e+04,3.271973e+04,3.292871e+04,-2.468564e+02,-5.673970e+01,-5.528702e+01
Si II 1193,1.032655e-05,-4.613887e-05,-3.581280e-05,1193.247265,-0.042735,1.211543e+00,1.671895e+12,3.271885e-06,5.938271e-01,-1.393942e+01,1.088842e+06,1.080824e-27,2.474331e-13,1.973806e+00,7.450581e+00,2.181543e+04,3.271973e+04,3.292676e+04,-2.410263e+02,-6.158691e+01,-4.973566e+01
Si II 1193,9.668144e-06,-1.032282e-04,-9.356102e-05,1193.178355,-0.111645,5.886904e+00,8.124245e+12,3.297026e-06,5.938271e-01,-3.110743e+01,1.105640e+06,2.112866e-27,4.907584e-13,1.973806e+00,7.450581e+00,2.181543e+04,3.271973e+04,3.292480e+04,-2.916817e+02,-7.446855e+01,-7.457373e+01
Si II 1193,9.009743e-06,9.934664e-06,1.894450e-05,1193.312606,0.022606,6.323604e+00,8.726539e+12,3.697081e-06,5.938271e-01,2.872475e+00,1.390230e+06,1.683205e-27,4.910987e-13,1.973806e+00,7.450581e+00,2.181543e+04,3.271973e+04,3.292285e+04,-2.453880e+02,-4.697514e+01,-3.241448e+01
Si II 1193,8.351341e-06,1.564430e-04,1.647956e-04,1193.486649,0.196649,1.398623e+00,1.929818e+12,3.708205e-06,5.938271e-01,4.683388e+01,1.398610e+06,1.129633e-27,3.315476e-13,2.791196e-01,7.450581e+00,2.181543e+04,3.271973e+04,3.292090e+04,-1.974139e+02,-2.294916e+01,1.983856e+01
Si II 1193,8.258235e-06,2.532412e-04,2.615015e-04,1193.602047,0.312047,4.687801e+00,6.468487e+12,3.953855e-06,5.938271e-01,7.586754e+01,1.590049e+06,6.627771e-28,2.204790e-13,1.622197e+00,7.450581e+00,2.181738e+04,3.271973e+04,3.292090e+04,-1.674676e+02,-2.109249e+01,5.324900e+01
Si II 1193,7.717119e-06,1.969621e-04,2.046808e-04,1193.534244,0.244244,1.838380e+00,2.536322e+12,3.377274e-06,5.938271e-01,5.897270e+01,1.160116e+06,1.912264e-27,4.657712e-13,7.248863e-02,7.450581e+00,2.181738e+04,3.272168e+04,3.292090e+04,-2.096570e+02,3.263082e+00,3.211677e+01
Si II 1193,7.692939e-06,1.936045e-04,2.012990e-04,1193.530208,0.240208,2.080598e+01,2.870148e+13,4.833278e-06,5.938271e-01,5.799378e+01,2.376033e+06,1.113305e-27,5.479791e-13,1.973806e+00,7.450581e+00,2.181738e+04,3.272168e+04,3.291895e+04,-1.643223e+02,5.221806e+00,3.723505e+01
Si II 1193,7.034537e-06,2.188457e-04,2.258818e-04,1193.559542,0.269542,2.027404e+00,2.796703e+12,5.587519e-06,5.938271e-01,6.556522e+01,3.175462e+06,6.254942e-28,4.103492e-13,9.869028e-01,9.313226e-01,2.181689e+04,3.272119e+04,3.291748e+04,-1.535953e+02,-1.368052e+01,4.512947e+01
Si II 1193,6.705336e-06,2.350895e-04,2.417964e-04,1193.578533,0.288533,1.980419e+00,2.731849e+12,5.934527e-06,5.938271e-01,7.042599e+01,3.582129e+06,7.582973e-28,5.604579e-13,9.869028e-01,9.313226e-01,2.181689e+04,3.272119e+04,3.291650e+04,-1.695533e+02,-1.267548e+01,4.799702e+01
Si II 1193,6.376136e-06,2.357106e-04,2.420882e-04,1193.578881,0.288881,1.853373e+00,2.556597e+12,5.918159e-06,5.938271e-01,7.060420e+01,3.562396e+06,1.055491e-27,7.754793e-13,9.869028e-01,9.313226e-01,2.181689e+04,3.272119e+04,3.291553e+04,-1.837723e+02,-7.606332e+00,4.661439e+01
Si II 1193,6.046935e-06,1.962170e-04,2.022651e-04,1193.531361,0.241361,9.511587e-01,1.318699e+12,5.200413e-06,5.938271e-01,5.877942e+01,2.750708e+06,8.881103e-28,5.040246e-13,8.451122e-01,9.313226e-01,2.181689e+04,3.272119e+04,3.291455e+04,-1.596206e+02,2.904584e-01,3.834365e+01
Si II 1193,5.765031e-06,1.979286e-04,2.036948e-04,1193.533067,0.243067,1.654565e-01,2.319025e+11,6.059712e-06,5.938271e-01,5.928326e+01,3.734848e+06,9.535967e-28,7.336718e-13,1.417906e-01,9.313226e-01,2.181787e+04,3.272119e+04,3.291455e+04,-1.764941e+02,3.735082e+00,3.683872e+01
Si II 1193,5.717734e-06,1.687715e-04,1.744902e-04,1193.498217,0.208217,5.079000e-01,7.024914e+11,4.839879e-06,5.938271e-01,5.054541e+01,2.382527e+06,1.040301e-27,5.111258e-13,9.869028e-01,9.313226e-01,2.181787e+04,3.272119e+04,3.291357e+04,-1.719279e+02,1.296519e+01,2.918434e+01
Si II 1193,5.388533e-06,1.224993e-04,1.278885e-04,1193.442608,0.152608,1.108342e-01,1.529584e+11,3.977696e-06,5.938271e-01,3.668981e+01,1.609282e+06,9.491892e-28,3.156778e-13,9.869028e-01,9.313226e-01,2.181787e+04,3.272119e+04,3.291260e+04,-1.422777e+02,1.052729e+01,1.894566e+01
Si II 1193,5.059332e-06,1.169407e-04,1.220007e-04,1193.435582,0.145582,1.449574e-01,2.028068e+11,2.960408e-06,5.938271e-01,3.503767e+01,8.913991e+05,7.455070e-28,1.392803e-13,9.869028e-01,9.313226e-01,2.181787e+04,3.272119e+04,3.291162e+04,-1.082045e+02,9.049791e-01,2.117761e+01
Si II 1193,4.730131e-06,1.358500e-04,1.405807e-04,1193.457754,0.167754,1.662670e+00,2.294115e+12,3.563746e-06,5.938271e-01,4.070951e+01,1.291761e+06,1.032058e-27,2.793675e-13,9.869028e-01,9.313226e-01,2.181787e+04,3.272119e+04,3.291064e+04,-9.754188e+01,-8.874987e+00,2.771019e+01
Si II 1193,4.400930e-06,1.786903e-04,1.830921e-04,1193.508482,0.218482,1.861466e+01,2.567903e+13,3.918476e-06,5.938271e-01,5.353362e+01,1.561720e+06,3.850957e-27,1.259945e-12,9.869028e-01,9.313226e-01,2.181787e+04,3.272119e+04,3.290967e+04,-1.428497e+02,-1.533137e+01,3.428683e+01
Si II 1193,4.071729e-06,2.268751e-04,2.309477e-04,1193.565588,0.275588,1.415773e+02,1.952973e+14,3.701381e-06,5.938271e-01,6.793191e+01,1.393466e+06,1.106529e-26,3.229524e-12,9.869028e-01,9.313226e-01,2.181787e+04,3.272119e+04,3.290869e+04,-2.185047e+02,-2.977553e+01,3.795134e+01
Si II 1193,3.742528e-06,1.917233e-04,1.954666e-04,1193.523248,0.233248,5.092973e+01,7.026476e+13,3.006993e-06,5.938271e-01,5.740315e+01,9.196738e+05,1.374897e-26,2.651608e-12,4.934514e-01,1.164153e-01,2.181812e+04,3.272144e+04,3.290796e+04,-2.070117e+02,-2.640179e+01,2.903810e+01
Si II 1193,3.577928e-06,1.763021e-04,1.798807e-04,1193.504650,0.214650,3.322912e+01,4.584499e+13,3.016657e-06,5.938271e-01,5.278565e+01,9.255948e+05,1.299778e-26,2.523212e-12,4.934514e-01,1.164153e-01,2.181812e+04,3.272144e+04,3.290747e+04,-1.989290e+02,-2.807839e+01,2.533485e+01
Si II 1193,3.413328e-06,2.245349e-04,2.279490e-04,1193.562009,0.272009,6.258057e+01,8.632636e+13,3.515383e-06,5.938271e-01,6.718502e+01,1.256939e+06,2.055562e-26,5.413097e-12,4.242020e-01,1.164153e-01,2.181812e+04,3.272144e+04,3.290698e+04,-2.723967e+02,-4.687288e+01,2.901918e+01
Si II 1193,3.271827e-06,1.991205e-04,2.023930e-04,1193.531514,0.241514,1.049779e+01,1.448311e+13,3.056545e-06,5.938271e-01,5.960436e+01,9.502339e+05,1.748138e-26,3.479027e-12,6.924945e-02,1.164153e-01,2.181860e+04,3.272144e+04,3.290698e+04,-2.287395e+02,-3.367028e+01,2.794241e+01
Si II 1193,3.248727e-06,2.184412e-04,2.216906e-04,1193.554541,0.264541,1.720906e+02,2.374179e+14,3.153163e-06,5.938271e-01,6.537373e+01,1.011258e+06,2.090918e-26,4.425748e-12,4.934514e-01,1.164153e-01,2.181860e+04,3.272144e+04,3.290649e+04,-2.557461e+02,-4.013912e+01,2.980532e+01
Si II 1193,3.084127e-06,2.709656e-04,2.740505e-04,1193.617022,0.327022,5.522529e+02,7.617663e+14,3.194652e-06,5.938271e-01,8.109877e+01,1.038045e+06,2.039164e-26,4.430431e-12,9.869028e-01,9.313226e-01,2.181885e+04,3.272119e+04,3.290576e+04,-2.776601e+02,-4.245060e+01,4.265984e+01
Si II 1193,2.754926e-06,2.431045e-04,2.458601e-04,1193.583382,0.293382,1.523315e+02,2.101289e+14,3.460327e-06,5.938271e-01,7.278381e+01,1.217876e+06,9.930523e-27,2.535075e-12,9.869028e-01,9.313226e-01,2.181885e+04,3.272119e+04,3.290479e+04,-2.336924e+02,-4.463977e+01,3.992638e+01
Si II 1193,2.425725e-06,1.723337e-04,1.747599e-04,1193.498539,0.208539,9.006921e-01,1.242706e+12,3.537271e-06,5.938271e-01,5.161487e+01,1.272640e+06,3.474357e-27,9.283894e-13,3.272021e-02,1.164153e-01,2.181860e+04,3.272144e+04,3.290405e+04,-1.625870e+02,-4.962030e+01,2.761278e+01
Si II 1193,2.414810e-06,2.000011e-04,2.024164e-04,1193.531541,0.241541,2.916742e+00,4.024194e+12,3.548654e-06,5.938271e-01,5.990537e+01,1.280844e+06,2.802135e-27,7.537010e-13,4.607312e-01,1.164153e-01,2.181860e+04,3.272192e+04,3.290405e+04,-1.644142e+02,-6.150761e+01,3.501177e+01
Si II 1193,2.261124e-06,2.220843e-04,2.243459e-04,1193.557710,0.267710,1.842476e+00,2.542234e+12,3.829474e-06,5.938271e-01,6.651932e+01,1.491583e+06,2.283496e-27,7.156452e-13,4.934514e-01,1.164153e-01,2.181860e+04,3.272192e+04,3.290356e+04,-1.710246e+02,-7.086418e+01,4.024199e+01
Si II 1193,2.096524e-06,2.270078e-04,2.291048e-04,1193.563388,0.273388,1.550401e+00,2.139268e+12,3.869284e-06,5.938271e-01,6.799048e+01,1.522755e+06,2.357735e-27,7.545306e-13,2.137469e-01,1.164153e-01,2.181860e+04,3.272192e+04,3.290308e+04,-1.789617e+02,-7.167439e+01,4.063043e+01
Si II 1193,2.025224e-06,2.596808e-04,2.617066e-04,1193.602292,0.312292,5.717509e-01,7.887799e+11,3.465778e-06,5.938271e-01,7.778645e+01,1.221716e+06,2.240766e-27,5.751012e-13,2.797046e-01,1.164153e-01,2.181909e+04,3.272192e+04,3.290308e+04,-1.767504e+02,-6.672498e+01,5.112938e+01
Si II 1193,1.931924e-06,2.498517e-04,2.517841e-04,1193.590451,0.300451,2.515060e+00,3.469853e+12,3.581615e-06,5.938271e-01,7.483008e+01,1.304748e+06,2.764517e-27,7.581570e-13,4.934514e-01,1.164153e-01,2.181909e+04,3.272192e+04,3.290259e+04,-1.946124e+02,-6.414400e+01,4.594347e+01
Si II 1193,1.767323e-06,2.226466e-04,2.244143e-04,1193.557791,0.267791,4.165580e+00,5.747145e+12,3.605797e-06,5.938271e-01,6.667021e+01,1.322426e+06,3.418429e-27,9.502488e-13,4.934514e-01,1.164153e-01,2.181909e+04,3.272192e+04,3.290210e+04,-2.059768e+02,-5.192036e+01,3.695557e+01
Si II 1193,1.602723e-06,1.917507e-04,1.933538e-04,1193.520727,0.230727,4.783626e+00,6.600253e+12,3.704703e-06,5.938271e-01,5.740633e+01,1.395969e+06,3.980981e-27,1.168098e-12,4.934514e-01,1.164153e-01,2.181909e+04,3.272192e+04,3.290161e+04,-2.127653e+02,-3.717793e+01,2.761256e+01
Si II 1193,1.438122e-06,1.698163e-04,1.712546e-04,1193.494356,0.204356,4.333175e+00,5.979031e+12,3.775540e-06,5.938271e-01,5.083733e+01,1.449863e+06,3.898683e-27,1.187821e-12,4.934514e-01,1.164153e-01,2.181909e+04,3.272192e+04,3.290112e+04,-2.052794e+02,-2.636222e+01,2.263394e+01
Si II 1193,1.273522e-06,1.412609e-04,1.425346e-04,1193.460085,0.170085,3.334379e+00,4.601689e+12,3.996572e-06,5.938271e-01,4.228697e+01,1.624592e+06,3.187891e-27,1.087902e-12,4.934514e-01,1.164153e-01,2.181909e+04,3.272192e+04,3.290063e+04,-1.912302e+02,-1.803875e+01,1.636487e+01
Si II 1193,1.108921e-06,1.082748e-04,1.093839e-04,1193.420527,0.130527,2.293238e+00,3.165037e+12,4.029109e-06,5.938271e-01,3.241280e+01,1.651152e+06,2.319715e-27,8.043467e-13,4.934514e-01,1.164153e-01,2.181909e+04,3.272192e+04,3.290015e+04,-1.675464e+02,-1.029803e+01,9.993931e+00
Si II 1193,9.443208e-07,7.555151e-05,7.649590e-05,1193.381282,0.091282,1.307919e+00,1.805347e+12,4.105841e-06,5.938271e-01,2.261240e+01,1.714641e+06,1.743715e-27,6.277824e-13,4.934514e-01,1.164153e-01,2.181909e+04,3.272192e+04,3.289966e+04,-1.496116e+02,-3.599220e+00,2.873758e+00
Si II 1193,7.797204e-07,3.605597e-05,3.683572e-05,1193.333956,0.043956,3.126630e-04,4.927430e+09,4.162631e-06,5.938271e-01,1.077929e+01,1.762401e+06,1.377368e-27,5.095600e-13,3.291752e-03,1.164153e-01,2.181909e+04,3.272192e+04,3.289917e+04,-1.339450e+02,3.461474e+00,-6.577663e+00
Si II 1193,7.786224e-07,7.317995e-05,7.395863e-05,1193.378254,0.088254,1.989540e-01,2.746326e+11,4.140047e-06,5.938271e-01,2.190627e+01,1.743329e+06,1.282603e-27,4.694416e-13,4.901597e-01,1.164153e-01,2.181958e+04,3.272192e+04,3.289917e+04,-1.390098e+02,1.258542e+01,4.564847e+00
Si II 1193,6.151200e-07,3.659704e-05,3.721218e-05,1193.334405,0.044405,9.453424e-02,1.305289e+11,4.291100e-06,5.938271e-01,1.094105e+01,1.872864e+06,1.181889e-27,4.646543e-13,4.934514e-01,1.164153e-01,2.181958e+04,3.272192e+04,3.289868e+04,-1.335939e+02,1.978893e+01,-5.354121e+00
Si II 1193,4.505195e-07,7.739109e-06,8.189632e-06,1193.299773,0.009773,4.954292e-02,7.536731e+10,4.352356e-06,5.938271e-01,2.291930e+00,1.926716e+06,1.108943e-27,4.484780e-13,4.934514e-01,1.164153e-01,2.181958e+04,3.272192e+04,3.289819e+04,-1.273213e+02,2.290414e+01,-1.307318e+01
Si II 1193,2.859191e-07,-2.206665e-06,-1.920747e-06,1193.287708,-0.002292,1.431658e-03,2.378666e+10,4.387928e-06,5.938271e-01,-6.885859e-01,1.958340e+06,1.068816e-27,4.392516e-13,4.934514e-01,1.164153e-01,2.181958e+04,3.272192e+04,3.289771e+04,-1.241742e+02,2.348861e+01,-1.563343e+01
Si II 1193,1.213186e-07,3.378023e-06,3.499342e-06,1193.294176,0.004176,1.199752e-04,1.992441e+09,4.387486e-06,5.938271e-01,9.865298e-01,1.957945e+06,1.050875e-27,4.316253e-13,3.614716e-01,1.164153e-01,2.181958e+04,3.272192e+04,3.289722e+04,-1.225077e+02,2.227624e+01,-1.379580e+01
Si III 1206,1.834142e-05,3.681486e-04,3.864968e-04,1206.966308,0.466308,5.205857e-05,2.649799e+08,3.852365e-06,6.977162e-01,1.103242e+02,1.509468e+06,9.791531e-29,3.103437e-14,5.902282e-02,5.960464e+01,2.181055e+04,3.271680e+04,3.295117e+04,-1.047445e+02,7.058357e+01,1.020442e+02
Si III 1206,1.832174e-05,2.089827e-04,2.273082e-04,1206.774247,0.274247,8.393249e-04,3.815095e+09,3.438537e-06,6.977162e-01,6.262285e+01,1.202587e+06,1.055707e-28,2.667610e-14,2.718611e-01,5.960464e+01,2.181055e+04,3.272070e+04,3.295117e+04,-9.998836e+01,6.485955e+01,5.411043e+01
Si III 1206,1.823105e-05,2.089072e-04,2.271421e-04,1206.774047,0.274047,5.509381e-02,2.833849e+10,4.058800e-06,6.977162e-01,6.259909e+01,1.675576e+06,1.036436e-28,3.628856e-14,1.984851e+00,5.960464e+01,2.181445e+04,3.272070e+04,3.295117e+04,-1.065668e+02,6.041587e+01,5.294191e+01
Si III 1206,1.756897e-05,1.452110e-04,1.627825e-04,1206.696397,0.196397,1.073353e-01,5.111295e+10,3.912458e-06,6.977162e-01,4.350952e+01,1.556928e+06,1.142802e-28,3.730551e-14,3.947611e+00,5.960464e+01,2.181445e+04,3.272070e+04,3.294727e+04,-1.063783e+02,4.243862e+01,3.255897e+01
Si III 1206,1.625216e-05,1.480898e-04,1.643444e-04,1206.698282,0.198282,5.196332e-02,2.642348e+10,3.902210e-06,6.977162e-01,4.437396e+01,1.548782e+06,1.091784e-28,3.550687e-14,1.973806e+00,7.450581e+00,2.181348e+04,3.271973e+04,3.294434e+04,-1.046292e+02,3.589660e+01,3.325733e+01
Si III 1206,1.559376e-05,1.572316e-04,1.728278e-04,1206.708517,0.208517,4.625113e-02,2.344111e+10,3.855652e-06,6.977162e-01,4.711151e+01,1.512044e+06,1.152636e-28,3.660269e-14,1.973806e+00,7.450581e+00,2.181348e+04,3.271973e+04,3.294238e+04,-1.144734e+02,3.014275e+01,3.436681e+01
Si III 1206,1.493536e-05,1.739741e-04,1.889120e-04,1206.727922,0.227922,3.592273e-02,1.803737e+10,3.720746e-06,6.977162e-01,5.212835e+01,1.408085e+06,1.230579e-28,3.638828e-14,1.973806e+00,7.450581e+00,2.181348e+04,3.271973e+04,3.294043e+04,-1.210088e+02,2.332519e+01,3.815057e+01
Si III 1206,1.427696e-05,1.799370e-04,1.942165e-04,1206.734322,0.234322,5.274277e-02,2.641191e+10,3.682022e-06,6.977162e-01,5.391695e+01,1.378928e+06,1.296844e-28,3.755711e-14,1.973806e+00,7.450581e+00,2.181348e+04,3.271973e+04,3.293848e+04,-1.193484e+02,1.569938e+01,3.970389e+01
Si III 1206,1.361856e-05,1.622526e-04,1.758733e-04,1206.712191,0.212191,2.107877e-01,1.003671e+11,3.785143e-06,6.977162e-01,4.861433e+01,1.457248e+06,1.550240e-28,4.746173e-14,1.120940e+00,7.450581e+00,2.181348e+04,3.271973e+04,3.293652e+04,-1.241476e+02,1.082724e+01,3.340894e+01
Si III 1206,1.324464e-05,1.640359e-04,1.772827e-04,1206.713892,0.213892,4.472933e-01,2.129977e+11,3.913776e-06,6.977162e-01,4.914345e+01,1.557977e+06,1.737489e-28,5.684928e-14,8.528656e-01,7.450581e+00,2.181543e+04,3.271973e+04,3.293652e+04,-1.376116e+02,2.238169e+00,3.163263e+01
Si III 1206,1.296015e-05,5.681779e-05,6.977868e-05,1206.584188,0.084188,1.858336e+00,8.849963e+11,3.878789e-06,6.977162e-01,1.698946e+01,1.530246e+06,3.354406e-28,1.078131e-13,1.973806e+00,7.450581e+00,2.181543e+04,3.271973e+04,3.293457e+04,-1.621709e+02,-1.025054e+01,-4.879985e+00
Si III 1206,1.230175e-05,-7.614011e-05,-6.383929e-05,1206.422978,-0.077022,1.309000e+00,6.234021e+11,3.678728e-06,6.977162e-01,-2.289954e+01,1.376462e+06,6.117996e-28,1.769342e-13,1.973806e+00,7.450581e+00,2.181543e+04,3.271973e+04,3.293262e+04,-2.017170e+02,-2.521605e+01,-5.134216e+01
Si III 1206,1.164335e-05,-7.118346e-05,-5.954094e-05,1206.428164,-0.071836,7.125627e-01,3.393485e+11,3.651279e-06,6.977162e-01,-2.142611e+01,1.355998e+06,6.571419e-28,1.873721e-13,1.973806e+00,7.450581e+00,2.181543e+04,3.271973e+04,3.293066e+04,-2.177525e+02,-3.591007e+01,-5.263439e+01
Si III 1206,1.098495e-05,-6.289875e-05,-5.191449e-05,1206.437365,-0.062635,4.066184e+00,1.936398e+12,3.557207e-06,6.977162e-01,-1.896866e+01,1.287026e+06,8.333293e-28,2.255572e-13,1.973806e+00,7.450581e+00,2.181543e+04,3.271973e+04,3.292871e+04,-2.468564e+02,-5.673970e+01,-5.528702e+01
Si III 1206,1.032655e-05,-4.613887e-05,-3.581280e-05,1206.456792,-0.043208,6.026716e+00,2.869883e+12,3.271885e-06,6.977162e-01,-1.393942e+01,1.088842e+06,1.080824e-27,2.474331e-13,1.973806e+00,7.450581e+00,2.181543e+04,3.271973e+04,3.292676e+04,-2.410263e+02,-6.158691e+01,-4.973566e+01
Si III 1206,9.668144e-06,-1.032282e-04,-9.356102e-05,1206.387119,-0.112881,1.752698e+01,8.346731e+12,3.297026e-06,6.977162e-01,-3.110743e+01,1.105640e+06,2.112866e-27,4.907584e-13,1.973806e+00,7.450581e+00,2.181543e+04,3.271973e+04,3.292480e+04,-2.916817e+02,-7.446855e+01,-7.457373e+01
Si III 1206,9.009743e-06,9.934664e-06,1.894450e-05,1206.522857,0.022857,1.815613e+01,8.646080e+12,3.697081e-06,6.977162e-01,2.872475e+00,1.390230e+06,1.683205e-27,4.910987e-13,1.973806e+00,7.450581e+00,2.181543e+04,3.271973e+04,3.292285e+04,-2.453880e+02,-4.697514e+01,-3.241448e+01
Si III 1206,8.351341e-06,1.564430e-04,1.647956e-04,1206.698826,0.198826,3.913411e+00,1.863334e+12,3.708205e-06,6.977162e-01,4.683388e+01,1.398610e+06,1.129633e-27,3.315476e-13,2.791196e-01,7.450581e+00,2.181543e+04,3.271973e+04,3.292090e+04,-1.974139e+02,-2.294916e+01,1.983856e+01
Si III 1206,8.258235e-06,2.532412e-04,2.615015e-04,1206.815502,0.315502,1.686674e+01,8.028522e+12,3.953855e-06,6.977162e-01,7.586754e+01,1.590049e+06,6.627771e-28,2.204790e-13,1.622197e+00,7.450581e+00,2.181738e+04,3.271973e+04,3.292090e+04,-1.674676e+02,-2.109249e+01,5.324900e+01
Si III 1206,7.717119e-06,1.969621e-04,2.046808e-04,1206.746947,0.246947,3.385732e+00,1.611891e+12,3.377274e-06,6.977162e-01,5.897270e+01,1.160116e+06,1.912264e-27,4.657712e-13,7.248863e-02,7.450581e+00,2.181738e+04,3.272168e+04,3.292090e+04,-2.096570e+02,3.263082e+00,3.211677e+01
Si III 1206,7.692939e-06,1.936045e-04,2.012990e-04,1206.742867,0.242867,4.606608e+01,2.192867e+13,4.833278e-06,6.977162e-01,5.799378e+01,2.376033e+06,1.113305e-27,5.479791e-13,1.973806e+00,7.450581e+00,2.181738e+04,3.272168e+04,3.291895e+04,-1.643223e+02,5.221806e+00,3.723505e+01
Si III 1206,7.034537e-06,2.188457e-04,2.258818e-04,1206.772526,0.272526,7.937095e+00,3.778180e+12,5.587519e-06,6.977162e-01,6.556522e+01,3.175462e+06,6.254942e-28,4.103492e-13,9.869028e-01,9.313226e-01,2.181689e+04,3.272119e+04,3.291748e+04,-1.535953e+02,-1.368052e+01,4.512947e+01
Si III 1206,6.705336e-06,2.350895e-04,2.417964e-04,1206.791727,0.291727,8.452773e+00,4.023592e+12,5.934527e-06,6.977162e-01,7.042599e+01,3.582129e+06,7.582973e-28,5.604579e-13,9.869028e-01,9.313226e-01,2.181689e+04,3.272119e+04,3.291650e+04,-1.695533e+02,-1.267548e+01,4.799702e+01
Si III 1206,6.376136e-06,2.357106e-04,2.420882e-04,1206.792079,0.292079,7.818925e+00,3.721874e+12,5.918159e-06,6.977162e-01,7.060420e+01,3.562396e+06,1.055491e-27,7.754793e-13,9.869028e-01,9.313226e-01,2.181689e+04,3.272119e+04,3.291553e+04,-1.837723e+02,-7.606332e+00,4.661439e+01
Si III 1206,6.046935e-06,1.962170e-04,2.022651e-04,1206.744033,0.244033,5.026624e+00,2.392805e+12,5.200413e-06,6.977162e-01,5.877942e+01,2.750708e+06,8.881103e-28,5.040246e-13,8.451122e-01,9.313226e-01,2.181689e+04,3.272119e+04,3.291455e+04,-1.596206e+02,2.904584e-01,3.834365e+01
Si III 1206,5.765031e-06,1.979286e-04,2.036948e-04,1206.745758,0.245758,6.842132e-01,3.257041e+11,6.059712e-06,6.977162e-01,5.928326e+01,3.734848e+06,9.535967e-28,7.336718e-13,1.417906e-01,9.313226e-01,2.181787e+04,3.272119e+04,3.291455e+04,-1.764941e+02,3.735082e+00,3.683872e+01
Si III 1206,5.717734e-06,1.687715e-04,1.744902e-04,1206.710522,0.210522,2.786251e+00,1.326365e+12,4.839879e-06,6.977162e-01,5.054541e+01,2.382527e+06,1.040301e-27,5.111258e-13,9.869028e-01,9.313226e-01,2.181787e+04,3.272119e+04,3.291357e+04,-1.719279e+02,1.296519e+01,2.918434e+01
Si III 1206,5.388533e-06,1.224993e-04,1.278885e-04,1206.654297,0.154297,1.511100e+00,7.196504e+11,3.977696e-06,6.977162e-01,3.668981e+01,1.609282e+06,9.491892e-28,3.156778e-13,9.869028e-01,9.313226e-01,2.181787e+04,3.272119e+04,3.291260e+04,-1.422777e+02,1.052729e+01,1.894566e+01
Si III 1206,5.059332e-06,1.169407e-04,1.220007e-04,1206.647194,0.147194,6.623773e-01,3.153666e+11,2.960408e-06,6.977162e-01,3.503767e+01,8.913991e+05,7.455070e-28,1.392803e-13,9.869028e-01,9.313226e-01,2.181787e+04,3.272119e+04,3.291162e+04,-1.082045e+02,9.049791e-01,2.117761e+01
Si III 1206,4.730131e-06,1.358500e-04,1.405807e-04,1206.669611,0.169611,8.903181e-01,4.239070e+11,3.563746e-06,6.977162e-01,4.070951e+01,1.291761e+06,1.032058e-27,2.793675e-13,9.869028e-01,9.313226e-01,2.181787e+04,3.272119e+04,3.291064e+04,-9.754188e+01,-8.874987e+00,2.771019e+01
Si III 1206,4.400930e-06,1.786903e-04,1.830921e-04,1206.720901,0.220901,5.531000e+00,2.633823e+12,3.918476e-06,6.977162e-01,5.353362e+01,1.561720e+06,3.850957e-27,1.259945e-12,9.869028e-01,9.313226e-01,2.181787e+04,3.272119e+04,3.290967e+04,-1.428497e+02,-1.533137e+01,3.428683e+01
Si III 1206,4.071729e-06,2.268751e-04,2.309477e-04,1206.778638,0.278638,3.978268e+01,1.893702e+13,3.701381e-06,6.977162e-01,6.793191e+01,1.393466e+06,1.106529e-26,3.229524e-12,9.869028e-01,9.313226e-01,2.181787e+04,3.272119e+04,3.290869e+04,-2.185047e+02,-2.977553e+01,3.795134e+01
Si III 1206,3.742528e-06,1.917233e-04,1.954666e-04,1206.735830,0.235830,1.661675e+01,7.910877e+12,3.006993e-06,6.977162e-01,5.740315e+01,9.196738e+05,1.374897e-26,2.651608e-12,4.934514e-01,1.164153e-01,2.181812e+04,3.272144e+04,3.290796e+04,-2.070117e+02,-2.640179e+01,2.903810e+01
Si III 1206,3.577928e-06,1.763021e-04,1.798807e-04,1206.717026,0.217026,1.316965e+01,6.269886e+12,3.016657e-06,6.977162e-01,5.278565e+01,9.255948e+05,1.299778e-26,2.523212e-12,4.934514e-01,1.164153e-01,2.181812e+04,3.272144e+04,3.290747e+04,-1.989290e+02,-2.807839e+01,2.533485e+01
Si III 1206,3.413328e-06,2.245349e-04,2.279490e-04,1206.775020,0.275020,2.844325e+01,1.354133e+13,3.515383e-06,6.977162e-01,6.718502e+01,1.256939e+06,2.055562e-26,5.413097e-12,4.242020e-01,1.164153e-01,2.181812e+04,3.272144e+04,3.290698e+04,-2.723967e+02,-4.687288e+01,2.901918e+01
Si III 1206,3.271827e-06,1.991205e-04,2.023930e-04,1206.744187,0.244187,4.947537e+00,2.355403e+12,3.056545e-06,6.977162e-01,5.960436e+01,9.502339e+05,1.748138e-26,3.479027e-12,6.924945e-02,1.164153e-01,2.181860e+04,3.272144e+04,3.290698e+04,-2.287395e+02,-3.367028e+01,2.794241e+01
Si III 1206,3.248727e-06,2.184412e-04,2.216906e-04,1206.767470,0.267470,9.180960e+01,4.370762e+13,3.153163e-06,6.977162e-01,6.537373e+01,1.011258e+06,2.090918e-26,4.425748e-12,4.934514e-01,1.164153e-01,2.181860e+04,3.272144e+04,3.290649e+04,-2.557461e+02,-4.013912e+01,2.980532e+01
Si III 1206,3.084127e-06,2.709656e-04,2.740505e-04,1206.830642,0.330642,2.740302e+02,1.304360e+14,3.194652e-06,6.977162e-01,8.109877e+01,1.038045e+06,2.039164e-26,4.430431e-12,9.869028e-01,9.313226e-01,2.181885e+04,3.272119e+04,3.290576e+04,-2.776601e+02,-4.245060e+01,4.265984e+01
Si III 1206,2.754926e-06,2.431045e-04,2.458601e-04,1206.796630,0.296630,7.979040e+01,3.798060e+13,3.460327e-06,6.977162e-01,7.278381e+01,1.217876e+06,9.930523e-27,2.535075e-12,9.869028e-01,9.313226e-01,2.181885e+04,3.272119e+04,3.290479e+04,-2.336924e+02,-4.463977e+01,3.992638e+01
Si III 1206,2.425725e-06,1.723337e-04,1.747599e-04,1206.710848,0.210848,5.376396e-01,2.559758e+11,3.537271e-06,6.977162e-01,5.161487e+01,1.272640e+06,3.474357e-27,9.283894e-13,3.272021e-02,1.164153e-01,2.181860e+04,3.272144e+04,3.290405e+04,-1.625870e+02,-4.962030e+01,2.761278e+01
Si III 1206,2.414810e-06,2.000011e-04,2.024164e-04,1206.744215,0.244215,2.152072e+00,1.024597e+12,3.548654e-06,6.977162e-01,5.990537e+01,1.280844e+06,2.802135e-27,7.537010e-13,4.607312e-01,1.164153e-01,2.181860e+04,3.272192e+04,3.290405e+04,-1.644142e+02,-6.150761e+01,3.501177e+01
Si III 1206,2.261124e-06,2.220843e-04,2.243459e-04,1206.770673,0.270673,1.391914e+00,6.627497e+11,3.829474e-06,6.977162e-01,6.651932e+01,1.491583e+06,2.283496e-27,7.156452e-13,4.934514e-01,1.164153e-01,2.181860e+04,3.272192e+04,3.290356e+04,-1.710246e+02,-7.086418e+01,4.024199e+01
Si III 1206,2.096524e-06,2.270078e-04,2.291048e-04,1206.776415,0.276415,9.757295e-01,4.645954e+11,3.869284e-06,6.977162e-01,6.799048e+01,1.522755e+06,2.357735e-27,7.545306e-13,2.137469e-01,1.164153e-01,2.181860e+04,3.272192e+04,3.290308e+04,-1.789617e+02,-7.167439e+01,4.063043e+01
Si III 1206,2.025224e-06,2.596808e-04,2.617066e-04,1206.815749,0.315749,5.242494e-01,2.495752e+11,3.465778e-06,6.977162e-01,7.778645e+01,1.221716e+06,2.240766e-27,5.751012e-13,2.797046e-01,1.164153e-01,2.181909e+04,3.272192e+04,3.290308e+04,-1.767504e+02,-6.672498e+01,5.112938e+01
Si III 1206,1.931924e-06,2.498517e-04,2.517841e-04,1206.803778,0.303778,1.885560e+00,8.976744e+11,3.581615e-06,6.977162e-01,7.483008e+01,1.304748e+06,2.764517e-27,7.581570e-13,4.934514e-01,1.164153e-01,2.181909e+04,3.272192e+04,3.290259e+04,-1.946124e+02,-6.414400e+01,4.594347e+01
Si III 1206,1.767323e-06,2.226466e-04,2.244143e-04,1206.770756,0.270756,2.961062e+00,1.409748e+12,3.605797e-06,6.977162e-01,6.667021e+01,1.322426e+06,3.418429e-27,9.502488e-13,4.934514e-01,1.164153e-01,2.181909e+04,3.272192e+04,3.290210e+04,-2.059768e+02,-5.192036e+01,3.695557e+01
Si III 1206,1.602723e-06,1.917507e-04,1.933538e-04,1206.733281,0.233281,3.327845e+00,1.584473e+12,3.704703e-06,6.977162e-01,5.740633e+01,1.395969e+06,3.980981e-27,1.168098e-12,4.934514e-01,1.164153e-01,2.181909e+04,3.272192e+04,3.290161e+04,-2.127653e+02,-3.717793e+01,2.761256e+01
Si III 1206,1.438122e-06,1.698163e-04,1.712546e-04,1206.706619,0.206619,3.087409e+00,1.470076e+12,3.775540e-06,6.977162e-01,5.083733e+01,1.449863e+06,3.898683e-27,1.187821e-12,4.934514e-01,1.164153e-01,2.181909e+04,3.272192e+04,3.290112e+04,-2.052794e+02,-2.636222e+01,2.263394e+01
Si III 1206,1.273522e-06,1.412609e-04,1.425346e-04,1206.671968,0.171968,2.632969e+00,1.253940e+12,3.996572e-06,6.977162e-01,4.228697e+01,1.624592e+06,3.187891e-27,1.087902e-12,4.934514e-01,1.164153e-01,2.181909e+04,3.272192e+04,3.290063e+04,-1.912302e+02,-1.803875e+01,1.636487e+01
Si III 1206,1.108921e-06,1.082748e-04,1.093839e-04,1206.631972,0.131972,2.117421e+00,1.008482e+12,4.029109e-06,6.977162e-01,3.241280e+01,1.651152e+06,2.319715e-27,8.043467e-13,4.934514e-01,1.164153e-01,2.181909e+04,3.272192e+04,3.290015e+04,-1.675464e+02,-1.029803e+01,9.993931e+00
Si III 1206,9.443208e-07,7.555151e-05,7.649590e-05,1206.592292,0.092292,1.437505e+00,6.847396e+11,4.105841e-06,6.977162e-01,2.261240e+01,1.714641e+06,1.743715e-27,6.277824e-13,4.934514e-01,1.164153e-01,2.181909e+04,3.272192e+04,3.289966e+04,-1.496116e+02,-3.599220e+00,2.873758e+00
Si III 1206,7.797204e-07,3.605597e-05,3.683572e-05,1206.544442,0.044442,4.298391e-04,2.363130e+09,4.162631e-06,6.977162e-01,1.077929e+01,1.762401e+06,1.377368e-27,5.095600e-13,3.291752e-03,1.164153e-01,2.181909e+04,3.272192e+04,3.289917e+04,-1.339450e+02,3.461474e+00,-6.577663e+00
Si III 1206,7.786224e-07,7.317995e-05,7.395863e-05,1206.589231,0.089231,6.617812e-01,3.152498e+11,4.140047e-06,6.977162e-01,2.190627e+01,1.743329e+06,1.282603e-27,4.694416e-13,4.901597e-01,1.164153e-01,2.181958e+04,3.272192e+04,3.289917e+04,-1.390098e+02,1.258542e+01,4.564847e+00
Si III 1206,6.151200e-07,3.659704e-05,3.721218e-05,1206.544896,0.044896,3.804019e-01,1.812646e+11,4.291100e-06,6.977162e-01,1.094105e+01,1.872864e+06,1.181889e-27,4.646543e-13,4.934514e-01,1.164153e-01,2.181958e+04,3.272192e+04,3.289868e+04,-1.335939e+02,1.978893e+01,-5.354121e+00
Si III 1206,4.505195e-07,7.739109e-06,8.189632e-06,1206.509881,0.009881,1.867096e-01,8.898470e+10,4.352356e-06,6.977162e-01,2.291930e+00,1.926716e+06,1.108943e-27,4.484780e-13,4.934514e-01,1.164153e-01,2.181958e+04,3.272192e+04,3.289819e+04,-1.273213e+02,2.290414e+01,-1.307318e+01
Si III 1206,2.859191e-07,-2.206665e-06,-1.920747e-06,1206.497683,-0.002317,5.434543e-02,2.871991e+10,4.387928e-06,6.977162e-01,-6.885859e-01,1.958340e+06,1.068816e-27,4.392516e-13,4.934514e-01,1.164153e-01,2.181958e+04,3.272192e+04,3.289771e+04,-1.241742e+02,2.348861e+01,-1.563343e+01
Si III 1206,1.213186e-07,3.378023e-06,3.499342e-06,1206.504222,0.004222,4.925900e-04,2.853900e+09,4.387486e-06,6.977162e-01,9.865298e-01,1.957945e+06,1.050875e-27,4.316253e-13,3.614716e-01,1.164153e-01,2.181958e+04,3.272192e+04,3.289722e+04,-1.225077e+02,2.227624e+01,-1.379580e+01
