Line	 z_cosmo	 z_doppler	 z_effective	 wavelength [A]	delta wavelength [A]	 optical depth	column density [cm^-2]	 thermal broadening [km/s]	equivalent width [A]	 velocity_los [km/s]	temperature [K]	 density [g/cm^3]	 pressure [dyne/cm^2]	dl [kpccm/h]	 cell_volume [kpccm/h^3]	 x [kpccm/h]	y [kpccm/h]	 z [kpccm/h]	 v_x [km/s]	 v_y [km/s]	v_z [km/s]	 
Line,z_cosmo,z_dopp,z_eff,lambda,delta_lamdba,tau,N,thermal_b,EW,v_los,T,rho,p,dl,cell_volume,x,y,z,vx,vy,vz
C II 1335,1.369085e-05,8.226408e-05,9.595606e-05,1334.660056,0.128056,7.800449e-02,3.883437e+11,5.240958e-06,7.481002e-01,2.456447e+01,1.194748e+06,3.921228e-28,9.839661e-14,5.587940e-01,7.450581e+00,2.182129e+04,3.270020e+04,3.293262e+04,-2.337463e+02,3.103648e+01,5.444653e+01
C II 1335,1.350446e-05,1.005697e-04,1.140755e-04,1334.684237,0.152237,1.212850e-01,5.993700e+11,4.686807e-06,7.481002e-01,2.994760e+01,9.554527e+05,8.547340e-28,1.718325e-13,2.738156e-01,7.450581e+00,2.182129e+04,3.270020e+04,3.293066e+04,-3.413062e+02,2.984263e+01,6.310874e+01
C II 1335,1.341312e-05,1.633166e-04,1.767319e-04,1334.767854,0.235854,6.422832e-04,4.958284e+10,5.122888e-06,7.481002e-01,4.885836e+01,1.141523e+06,4.678516e-28,1.119011e-13,2.015499e+00,7.450581e+00,2.182129e+04,3.270215e+04,3.293066e+04,-2.382300e+02,8.141556e+00,6.906655e+01
C II 1335,1.274081e-05,1.556484e-04,1.683912e-04,1334.756723,0.224723,6.142890e-04,4.631794e+10,5.004248e-06,7.481002e-01,4.653116e+01,1.089263e+06,5.774979e-28,1.318462e-13,1.732616e+00,7.450581e+00,2.182129e+04,3.270215e+04,3.292871e+04,-2.722828e+02,6.339885e+00,6.621396e+01
C II 1335,1.216287e-05,1.641152e-04,1.762801e-04,1334.767251,0.235251,1.367790e-03,1.198972e+11,5.818887e-06,7.481002e-01,4.911668e+01,1.472770e+06,3.524099e-28,1.081534e-13,5.566983e-01,7.450581e+00,2.182129e+04,3.270410e+04,3.292871e+04,-2.140567e+02,4.466008e+00,6.643176e+01
C II 1335,1.197717e-05,1.367445e-04,1.487233e-04,1334.730476,0.198476,1.486787e-01,7.429176e+11,5.443658e-06,7.481002e-01,4.092445e+01,1.288952e+06,3.308801e-28,8.915497e-14,2.289314e+00,7.450581e+00,2.182129e+04,3.270410e+04,3.292676e+04,-1.979669e+02,2.957533e+00,5.544707e+01
C II 1335,1.121353e-05,1.035504e-04,1.147651e-04,1334.685158,0.153158,2.391202e-01,1.207928e+12,5.915807e-06,7.481002e-01,3.096112e+01,1.522240e+06,3.986012e-28,1.271435e-13,9.021021e-01,7.450581e+00,2.182129e+04,3.270410e+04,3.292480e+04,-2.166709e+02,1.061644e+01,4.898264e+01
C II 1335,1.091262e-05,1.724414e-04,1.833559e-04,1334.776694,0.244694,8.179210e-02,4.343839e+11,7.340875e-06,7.481002e-01,5.165257e+01,2.343963e+06,2.029629e-28,9.936801e-14,1.387212e+00,7.450581e+00,2.182129e+04,3.270605e+04,3.292480e+04,-1.491678e+02,-5.570736e-01,6.447698e+01
C II 1335,1.044989e-05,1.219680e-04,1.324192e-04,1334.708718,0.176718,3.028856e-01,1.490235e+12,7.830800e-06,7.481002e-01,3.649935e+01,2.667273e+06,3.204163e-28,1.785630e-13,2.289314e+00,7.450581e+00,2.182129e+04,3.270605e+04,3.292285e+04,-1.887747e+02,1.758165e+01,5.892919e+01
C II 1335,9.686243e-06,1.105031e-04,1.201904e-04,1334.692398,0.160398,6.253632e-04,7.412855e+10,7.871309e-06,7.481002e-01,3.305276e+01,2.694939e+06,3.801321e-28,2.139646e-13,7.158820e-02,7.450581e+00,2.182129e+04,3.270605e+04,3.292090e+04,-2.018261e+02,2.634640e+01,6.061671e+01
C II 1335,9.662364e-06,1.811904e-04,1.908545e-04,1334.786701,0.254701,1.109033e-03,1.260656e+11,7.548376e-06,7.481002e-01,5.426724e+01,2.478347e+06,3.315334e-28,1.716874e-13,1.477049e+00,7.450581e+00,2.182129e+04,3.270801e+04,3.292090e+04,-1.638804e+02,-2.285517e+00,6.690753e+01
C II 1335,9.169667e-06,1.606424e-04,1.698136e-04,1334.758622,0.226622,1.032013e-01,5.692256e+11,8.165655e-06,7.481002e-01,4.809226e+01,2.900261e+06,4.739700e-28,2.867611e-13,7.406771e-01,7.450581e+00,2.181934e+04,3.270801e+04,3.292090e+04,-1.892352e+02,7.244079e+00,6.621667e+01
C II 1335,8.922601e-06,1.158380e-04,1.247616e-04,1334.698498,0.166498,1.006084e+00,4.948146e+12,7.439119e-06,7.481002e-01,3.466057e+01,2.407122e+06,5.983350e-28,3.008011e-13,1.530389e+00,7.450581e+00,2.181934e+04,3.270801e+04,3.291895e+04,-1.880988e+02,2.721039e+01,6.263569e+01
C II 1335,8.412112e-06,2.091759e-04,2.175897e-04,1334.822380,0.290380,2.742505e-01,1.348338e+12,6.942305e-06,7.481002e-01,6.262515e+01,2.096343e+06,8.844701e-28,3.877802e-13,7.589258e-01,7.450581e+00,2.181934e+04,3.270996e+04,3.291895e+04,-2.071895e+02,1.115579e+01,8.615474e+01
C II 1335,8.158958e-06,1.457175e-04,1.538777e-04,1334.737355,0.205355,5.028898e-01,2.472410e+12,6.686387e-06,7.481002e-01,4.362784e+01,1.944635e+06,6.976090e-28,2.839730e-13,1.115132e+00,9.313226e-01,2.181982e+04,3.270947e+04,3.291748e+04,-1.718563e+02,1.734213e+01,6.665368e+01
C II 1335,7.786985e-06,1.906034e-04,1.983919e-04,1334.796760,0.264760,2.899207e-04,2.949920e+10,6.755913e-06,7.481002e-01,5.708744e+01,1.985286e+06,6.703603e-28,2.787354e-13,2.952551e-02,9.313226e-01,2.181982e+04,3.271045e+04,3.291748e+04,-1.649089e+02,6.776973e-01,7.205253e+01
C II 1335,7.777137e-06,1.628671e-04,1.706455e-04,1334.759732,0.227732,1.871476e-01,9.714660e+11,6.766460e-06,7.481002e-01,4.878833e+01,1.991490e+06,4.987736e-28,2.081358e-13,1.144657e+00,9.313226e-01,2.181982e+04,3.271045e+04,3.291650e+04,-1.397090e+02,-7.315555e+00,5.672070e+01
C II 1335,7.395315e-06,1.369144e-04,1.443107e-04,1334.724587,0.192587,4.231089e-02,3.115069e+11,6.755640e-06,7.481002e-01,4.101556e+01,1.985126e+06,3.973039e-28,1.653592e-13,6.998747e-01,9.313226e-01,2.181982e+04,3.271045e+04,3.291553e+04,-1.266333e+02,-1.081796e+01,4.509615e+01
C II 1335,7.161859e-06,1.665783e-04,1.737413e-04,1334.763863,0.231863,4.684028e-04,5.002856e+10,7.092290e-06,7.481002e-01,4.990881e+01,2.187903e+06,3.623915e-28,1.661508e-13,4.447825e-01,9.313226e-01,2.181982e+04,3.271143e+04,3.291553e+04,-1.232076e+02,-2.080643e+01,4.932117e+01
C II 1335,7.013494e-06,1.303736e-04,1.373881e-04,1334.715349,0.183349,3.096585e-02,2.334221e+11,6.976890e-06,7.481002e-01,3.905686e+01,2.117283e+06,3.601851e-28,1.599252e-13,1.144657e+00,9.313226e-01,2.181982e+04,3.271143e+04,3.291455e+04,-1.226577e+02,-1.439070e+01,4.050420e+01
C II 1335,6.631673e-06,8.837722e-05,9.500948e-05,1334.658793,0.126793,1.244200e-03,1.282438e+11,6.842539e-06,7.481002e-01,2.646671e+01,2.036525e+06,3.935304e-28,1.682042e-13,2.846178e-01,9.313226e-01,2.181982e+04,3.271143e+04,3.291357e+04,-1.255583e+02,-2.867476e+00,3.286831e+01
C II 1335,6.536733e-06,1.092697e-04,1.158071e-04,1334.686548,0.154548,5.617875e-01,2.762464e+12,7.108405e-06,7.481002e-01,3.272699e+01,2.197857e+06,4.267546e-28,1.966334e-13,8.600395e-01,9.313226e-01,2.181982e+04,3.271240e+04,3.291357e+04,-1.315377e+02,-8.988417e+00,3.663886e+01
C II 1335,6.249851e-06,7.079052e-05,7.704081e-05,1334.634813,0.102813,6.980967e-01,3.432629e+12,6.937465e-06,7.481002e-01,2.119180e+01,2.093422e+06,4.682409e-28,2.056355e-13,1.014018e+00,9.313226e-01,2.181982e+04,3.271240e+04,3.291260e+04,-1.319415e+02,3.919020e+00,3.101344e+01
C II 1335,5.911607e-06,7.889794e-05,8.481001e-05,1334.645182,0.113182,2.700103e-01,1.327706e+12,7.021337e-06,7.481002e-01,2.361082e+01,2.144345e+06,5.819384e-28,2.613893e-13,1.306392e-01,9.313226e-01,2.181982e+04,3.271338e+04,3.291260e+04,-1.560002e+02,-2.177191e+00,3.081465e+01
C II 1335,5.868030e-06,5.036918e-05,5.623751e-05,1334.607051,0.075051,1.605238e+00,7.893229e+12,6.901270e-06,7.481002e-01,1.506609e+01,2.071635e+06,5.710453e-28,2.478810e-13,1.144657e+00,9.313226e-01,2.181982e+04,3.271338e+04,3.291162e+04,-1.397210e+02,1.206430e+01,2.903128e+01
C II 1335,5.486209e-06,1.938800e-05,2.487432e-05,1334.565196,0.033196,3.628733e-01,1.784467e+12,7.054671e-06,7.481002e-01,5.787223e+00,2.164755e+06,5.508737e-28,2.496033e-13,5.987610e-01,9.313226e-01,2.181982e+04,3.271338e+04,3.291064e+04,-1.157860e+02,2.965485e+01,2.821364e+01
C II 1335,5.286481e-06,4.397789e-05,4.926460e-05,1334.597745,0.065745,5.963737e-01,2.932525e+12,6.936273e-06,7.481002e-01,1.315266e+01,2.092702e+06,5.891048e-28,2.579429e-13,5.458962e-01,9.313226e-01,2.181982e+04,3.271436e+04,3.291064e+04,-1.323721e+02,2.027843e+01,3.159505e+01
C II 1335,5.104387e-06,1.051429e-05,1.561873e-05,1334.552844,0.020844,3.285050e-01,1.615682e+12,7.302231e-06,7.481002e-01,3.129544e+00,2.319350e+06,5.663923e-28,2.745333e-13,1.144657e+00,9.313226e-01,2.181982e+04,3.271436e+04,3.290967e+04,-1.076491e+02,3.424804e+01,2.767085e+01
C II 1335,4.722566e-06,-3.658521e-05,-3.186282e-05,1334.489478,-0.042522,8.940116e-04,1.039722e+11,7.721095e-06,7.481002e-01,-1.098625e+01,2.593062e+06,5.904052e-28,3.195850e-13,1.835040e-01,9.313226e-01,2.181982e+04,3.271436e+04,3.290869e+04,-9.271014e+01,4.538018e+01,1.749671e+01
C II 1335,4.661355e-06,-1.050459e-05,-5.843289e-06,1334.524202,-0.007798,3.717957e-01,1.828980e+12,7.551768e-06,7.481002e-01,-3.171529e+00,2.480575e+06,5.968240e-28,3.090513e-13,9.611532e-01,9.313226e-01,2.181982e+04,3.271533e+04,3.290869e+04,-1.055840e+02,4.070654e+01,2.417080e+01
C II 1335,4.340745e-06,-8.608947e-05,-8.174910e-05,1334.422903,-0.109097,8.485754e-01,4.174988e+12,7.619248e-06,7.481002e-01,-2.583092e+01,2.525104e+06,6.947403e-28,3.659954e-13,9.129043e-01,9.313226e-01,2.181982e+04,3.271533e+04,3.290771e+04,-1.018524e+02,5.255225e+01,4.739415e+00
C II 1335,4.036229e-06,-9.199273e-05,-8.795687e-05,1334.414619,-0.117381,3.773736e-01,1.856050e+12,7.134742e-06,7.481002e-01,-2.761143e+01,2.214173e+06,7.937637e-28,3.668504e-13,2.317529e-01,9.313226e-01,2.181982e+04,3.271631e+04,3.290771e+04,-1.261644e+02,6.024034e+01,8.044794e+00
C II 1335,3.958923e-06,-1.761757e-04,-1.722175e-04,1334.302170,-0.229830,2.800669e+00,1.377564e+13,7.112048e-06,7.481002e-01,-5.285750e+01,2.200110e+06,9.919244e-28,4.556982e-13,1.144657e+00,9.313226e-01,2.181982e+04,3.271631e+04,3.290674e+04,-1.414977e+02,6.702083e+01,-1.696609e+01
C II 1335,3.577102e-06,-2.246392e-04,-2.210629e-04,1334.236985,-0.295015,1.731999e+00,8.519333e+12,7.043143e-06,7.481002e-01,-6.739975e+01,2.157685e+06,1.216883e-27,5.490782e-13,4.976473e-01,1.164153e-01,2.182007e+04,3.271655e+04,3.290601e+04,-1.622977e+02,7.478928e+01,-2.867065e+01
C II 1335,3.411102e-06,-2.053267e-04,-2.019163e-04,1334.262536,-0.269464,2.383532e-01,1.172328e+12,6.908221e-06,7.481002e-01,-6.161448e+01,2.075810e+06,1.254100e-27,5.449253e-13,7.468130e-02,1.164153e-01,2.182007e+04,3.271704e+04,3.290601e+04,-1.728091e+02,7.064371e+01,-2.412047e+01
C II 1335,3.386191e-06,-2.075540e-04,-2.041685e-04,1334.259531,-0.272469,1.650492e+00,8.118457e+12,7.091287e-06,7.481002e-01,-6.227977e+01,2.187284e+06,1.270621e-27,5.820688e-13,5.723286e-01,1.164153e-01,2.182007e+04,3.271704e+04,3.290552e+04,-1.705719e+02,6.329572e+01,-2.945247e+01
C II 1335,3.195280e-06,-1.937697e-04,-1.905751e-04,1334.277671,-0.254329,6.246462e-01,3.072632e+12,7.196605e-06,7.481002e-01,-5.813909e+01,2.252736e+06,1.221737e-27,5.766570e-13,2.900188e-01,1.164153e-01,2.182007e+04,3.271704e+04,3.290503e+04,-1.591287e+02,5.171732e+01,-3.199889e+01
C II 1335,3.098539e-06,-1.679148e-04,-1.648168e-04,1334.312047,-0.219953,5.283816e-01,2.598935e+12,7.115992e-06,7.481002e-01,-5.038983e+01,2.202551e+06,1.232390e-27,5.691506e-13,2.823098e-01,1.164153e-01,2.182007e+04,3.271753e+04,3.290503e+04,-1.656315e+02,4.416096e+01,-2.734481e+01
C II 1335,3.004370e-06,-1.577789e-04,-1.547750e-04,1334.325448,-0.206552,6.809066e-01,3.349171e+12,7.147113e-06,7.481002e-01,-4.734237e+01,2.221859e+06,1.169988e-27,5.450873e-13,5.723286e-01,1.164153e-01,2.182007e+04,3.271753e+04,3.290454e+04,-1.510036e+02,3.290654e+01,-3.106598e+01
C II 1335,2.813459e-06,-1.438026e-04,-1.409895e-04,1334.343845,-0.188155,3.250091e-02,2.516593e+11,7.231225e-06,7.481002e-01,-4.314467e+01,2.274463e+06,1.129136e-27,5.383008e-13,8.239033e-02,1.164153e-01,2.182007e+04,3.271753e+04,3.290405e+04,-1.364786e+02,2.483251e+01,-3.149343e+01
C II 1335,2.785976e-06,-1.248876e-04,-1.221020e-04,1334.369051,-0.162949,5.656341e-01,2.781975e+12,7.055018e-06,7.481002e-01,-3.747730e+01,2.164968e+06,1.180733e-27,5.358746e-13,4.899383e-01,1.164153e-01,2.182007e+04,3.271802e+04,3.290405e+04,-1.448906e+02,1.964549e+01,-2.777772e+01
C II 1335,2.622548e-06,-1.240978e-04,-1.214756e-04,1334.369887,-0.162113,2.693424e-01,1.324722e+12,7.067716e-06,7.481002e-01,-3.723430e+01,2.172768e+06,1.154152e-27,5.253027e-13,3.485291e-01,1.164153e-01,2.182007e+04,3.271802e+04,3.290356e+04,-1.313751e+02,1.745590e+01,-2.921750e+01
C II 1335,2.506290e-06,-1.167415e-04,-1.142355e-04,1334.379549,-0.152451,1.888738e-03,1.958165e+11,6.881829e-06,7.481002e-01,-3.502854e+01,2.059980e+06,1.109214e-27,4.787829e-13,9.856138e-02,1.164153e-01,2.181958e+04,3.271802e+04,3.290356e+04,-1.301001e+02,3.621242e+00,-3.511868e+01
C II 1335,2.473413e-06,-9.343738e-05,-9.096420e-05,1334.410605,-0.121395,4.748963e-01,2.335256e+12,6.438712e-06,7.481002e-01,-2.804592e+01,1.803238e+06,1.386828e-27,5.239832e-13,1.252382e-01,1.164153e-01,2.181958e+04,3.271851e+04,3.290356e+04,-1.400048e+02,-3.423723e-01,-2.907131e+01
C II 1335,2.431638e-06,-1.034798e-04,-1.010485e-04,1334.397148,-0.134852,1.811126e+00,8.906136e+12,6.450018e-06,7.481002e-01,-3.105151e+01,1.809577e+06,1.257981e-27,4.766624e-13,5.723286e-01,1.164153e-01,2.181958e+04,3.271851e+04,3.290308e+04,-1.280960e+02,1.884822e+00,-3.157510e+01
C II 1335,2.240727e-06,-1.181926e-04,-1.159521e-04,1334.377258,-0.154742,1.436931e+00,7.066174e+12,6.471687e-06,7.481002e-01,-3.546202e+01,1.821755e+06,1.444430e-27,5.508538e-13,2.394620e-01,1.164153e-01,2.181958e+04,3.271851e+04,3.290259e+04,-1.265470e+02,5.117945e+00,-3.481440e+01
C II 1335,2.160850e-06,-8.937829e-05,-8.721763e-05,1334.415605,-0.116395,8.344258e+00,4.103019e+13,5.752209e-06,7.481002e-01,-2.683164e+01,1.439211e+06,2.495962e-27,7.517961e-13,3.328666e-01,1.164153e-01,2.181958e+04,3.271899e+04,3.290259e+04,-1.460139e+02,1.787163e+00,-2.617515e+01
C II 1335,2.049816e-06,-1.118659e-04,-1.098163e-04,1334.385447,-0.146553,2.063228e+01,1.014559e+14,6.057985e-06,7.481002e-01,-3.359265e+01,1.596289e+06,4.223579e-27,1.412129e-12,5.723286e-01,1.164153e-01,2.181958e+04,3.271899e+04,3.290210e+04,-1.806376e+02,4.619947e+00,-3.137770e+01
C II 1335,1.858906e-06,-1.294196e-04,-1.275609e-04,1334.361766,-0.170234,1.220217e+00,6.000422e+12,6.295932e-06,7.481002e-01,-3.887704e+01,1.724150e+06,6.186148e-27,2.236016e-12,3.183348e-02,1.164153e-01,2.181958e+04,3.271899e+04,3.290161e+04,-2.135251e+02,1.102831e+01,-3.271526e+01
C II 1335,1.848287e-06,-1.005895e-04,-9.874143e-05,1334.400226,-0.131774,3.895920e+01,1.915716e+14,5.796337e-06,7.481002e-01,-3.028701e+01,1.461377e+06,1.022845e-26,3.133971e-12,5.404951e-01,1.164153e-01,2.181958e+04,3.271948e+04,3.290161e+04,-2.793165e+02,1.189985e+01,-2.022934e+01
C II 1335,1.667995e-06,-1.155950e-04,-1.139272e-04,1334.379960,-0.152040,3.411928e+01,1.677774e+14,6.128034e-06,7.481002e-01,-3.482329e+01,1.633418e+06,1.381668e-26,4.735919e-12,3.965336e-01,1.164153e-01,2.181958e+04,3.271948e+04,3.290112e+04,-3.168218e+02,2.230300e+01,-1.811774e+01
C II 1335,1.535724e-06,-7.616362e-05,-7.462802e-05,1334.432407,-0.099593,1.975188e+01,9.712236e+13,5.801834e-06,7.481002e-01,-2.304175e+01,1.464150e+06,1.673404e-26,5.143888e-12,1.757950e-01,1.164153e-01,2.181958e+04,3.271997e+04,3.290112e+04,-3.529220e+02,2.080251e+01,-4.190440e+00
C II 1335,1.477084e-06,-9.405603e-05,-9.257908e-05,1334.408450,-0.123550,1.009089e+02,4.961949e+14,6.082987e-06,7.481002e-01,-2.845652e+01,1.609492e+06,2.205672e-26,7.455388e-12,5.723286e-01,1.164153e-01,2.181958e+04,3.271997e+04,3.290063e+04,-3.925469e+02,3.678037e+01,3.571616e-01
C II 1335,1.286174e-06,-8.393309e-05,-8.264702e-05,1334.421705,-0.110295,3.409691e+01,1.676618e+14,6.099131e-06,7.481002e-01,-2.535437e+01,1.618047e+06,1.760984e-26,5.986699e-12,1.889051e-01,1.164153e-01,2.181958e+04,3.271997e+04,3.290015e+04,-3.376460e+02,3.230467e+01,-3.133898e-01
C II 1335,1.223161e-06,-7.436575e-05,-7.314268e-05,1334.434389,-0.097611,6.702053e+01,3.295505e+14,6.059647e-06,7.481002e-01,-2.245614e+01,1.597165e+06,1.554767e-26,5.218162e-12,3.834235e-01,1.164153e-01,2.181958e+04,3.272046e+04,3.290015e+04,-3.099045e+02,3.165640e+01,1.892945e+00
C II 1335,1.095263e-06,-7.601233e-05,-7.491715e-05,1334.432021,-0.099979,6.276983e+01,3.086528e+14,6.223485e-06,7.481002e-01,-2.286737e+01,1.684699e+06,7.076302e-27,2.503513e-12,5.536052e-01,1.164153e-01,2.181958e+04,3.272046e+04,3.289966e+04,-2.166447e+02,2.605340e+01,-4.683297e+00
C II 1335,9.105979e-07,-4.923478e-05,-4.832423e-05,1334.467510,-0.064490,9.172949e-01,4.510396e+12,6.154622e-06,7.481002e-01,-1.481190e+01,1.647623e+06,3.876531e-27,1.341835e-12,1.872338e-02,1.164153e-01,2.181958e+04,3.272095e+04,3.289966e+04,-1.749149e+02,1.984374e+01,-2.296350e-01
C II 1335,9.043523e-07,-7.364238e-05,-7.273809e-05,1334.434929,-0.097071,1.382642e+01,6.798926e+13,6.488064e-06,7.481002e-01,-2.211643e+01,1.830987e+06,1.991698e-27,7.657521e-13,5.723286e-01,1.164153e-01,2.181958e+04,3.272095e+04,3.289917e+04,-1.509437e+02,2.346981e+01,-7.263519e+00
C II 1335,7.134417e-07,-9.774594e-05,-9.703256e-05,1334.402507,-0.129493,6.202307e+00,3.050091e+13,6.718257e-06,7.481002e-01,-2.934141e+01,1.963217e+06,1.827245e-27,7.527670e-13,3.459767e-01,1.164153e-01,2.181958e+04,3.272095e+04,3.289868e+04,-1.478994e+02,2.540602e+01,-1.463672e+01
C II 1335,5.980348e-07,-8.320603e-05,-8.260804e-05,1334.421757,-0.110243,5.263658e-01,2.588376e+12,6.558566e-06,7.481002e-01,-2.497652e+01,1.870996e+06,1.303316e-27,5.119420e-13,2.263519e-01,1.164153e-01,2.181958e+04,3.272144e+04,3.289868e+04,-1.358226e+02,2.500001e+01,-1.011451e+01
C II 1335,5.225310e-07,-1.030384e-04,-1.025159e-04,1334.395189,-0.136811,1.547155e+00,7.608545e+12,6.774664e-06,7.481002e-01,-3.092234e+01,1.996322e+06,1.288046e-27,5.396595e-13,5.723286e-01,1.164153e-01,2.181958e+04,3.272144e+04,3.289819e+04,-1.354161e+02,2.668368e+01,-1.606705e+01
C II 1335,3.316203e-07,-1.064980e-04,-1.061664e-04,1334.390318,-0.141682,2.343444e-01,1.152482e+12,6.855173e-06,7.481002e-01,-3.195866e+01,2.044052e+06,1.233149e-27,5.288906e-13,1.383483e-01,1.164153e-01,2.181958e+04,3.272144e+04,3.289771e+04,-1.334962e+02,2.583336e+01,-1.785613e+01
C II 1335,2.854717e-07,-9.535141e-05,-9.506597e-05,1334.405131,-0.126869,1.375034e-03,1.389489e+11,6.709906e-06,7.481002e-01,-2.861268e+01,1.958340e+06,1.068816e-27,4.392516e-13,4.339804e-01,1.164153e-01,2.181958e+04,3.272192e+04,3.289771e+04,-1.241742e+02,2.348861e+01,-1.563343e+01
C II 1335,1.407096e-07,-8.788156e-05,-8.774086e-05,1334.414907,-0.117093,1.544760e-04,1.560843e+10,6.709230e-06,7.481002e-01,-2.637240e+01,1.957945e+06,1.050875e-27,4.316253e-13,4.192521e-01,1.164153e-01,2.181958e+04,3.272192e+04,3.289722e+04,-1.225077e+02,2.227624e+01,-1.379580e+01
C IV 1548,1.369085e-05,8.226408e-05,9.595606e-05,1548.335558,0.148558,1.709093e-01,4.375379e+11,5.240958e-06,5.029574e-02,2.456447e+01,1.194748e+06,3.921228e-28,9.839661e-14,5.587940e-01,7.450581e+00,2.182129e+04,3.270020e+04,3.293262e+04,-2.337463e+02,3.103648e+01,5.444653e+01
C IV 1548,1.350446e-05,1.005697e-04,1.140755e-04,1548.363610,0.176610,3.201775e-02,1.029052e+11,4.686807e-06,5.029574e-02,2.994760e+01,9.554527e+05,8.547340e-28,1.718325e-13,2.738156e-01,7.450581e+00,2.182129e+04,3.270020e+04,3.293066e+04,-3.413062e+02,2.984263e+01,6.310874e+01
C IV 1548,1.341312e-05,1.633166e-04,1.767319e-04,1548.460614,0.273614,5.377617e-04,2.429635e+10,5.122888e-06,5.029574e-02,4.885836e+01,1.141523e+06,4.678516e-28,1.119011e-13,2.015499e+00,7.450581e+00,2.182129e+04,3.270215e+04,3.293066e+04,-2.382300e+02,8.141556e+00,6.906655e+01
C IV 1548,1.274081e-05,1.556484e-04,1.683912e-04,1548.447701,0.260701,1.563416e-04,6.898330e+09,5.004248e-06,5.029574e-02,4.653116e+01,1.089263e+06,5.774979e-28,1.318462e-13,1.732616e+00,7.450581e+00,2.182129e+04,3.270215e+04,3.292871e+04,-2.722828e+02,6.339885e+00,6.621396e+01
C IV 1548,1.216287e-05,1.641152e-04,1.762801e-04,1548.459915,0.272915,1.633263e-03,8.380394e+10,5.818887e-06,5.029574e-02,4.911668e+01,1.472770e+06,3.524099e-28,1.081534e-13,5.566983e-01,7.450581e+00,2.182129e+04,3.270410e+04,3.292871e+04,-2.140567e+02,4.466008e+00,6.643176e+01
C IV 1548,1.197717e-05,1.367445e-04,1.487233e-04,1548.417251,0.230251,4.261907e-02,1.509355e+11,5.443658e-06,5.029574e-02,4.092445e+01,1.288952e+06,3.308801e-28,8.915497e-14,2.289314e+00,7.450581e+00,2.182129e+04,3.270410e+04,3.292676e+04,-1.979669e+02,2.957533e+00,5.544707e+01
C IV 1548,1.121353e-05,1.035504e-04,1.147651e-04,1548.364678,0.177678,6.370376e-02,1.674195e+11,5.915807e-06,5.029574e-02,3.096112e+01,1.522240e+06,3.986012e-28,1.271435e-13,9.021021e-01,7.450581e+00,2.182129e+04,3.270410e+04,3.292480e+04,-2.166709e+02,1.061644e+01,4.898264e+01
C IV 1548,1.091262e-05,1.724414e-04,1.833559e-04,1548.470869,0.283869,1.221823e-01,3.459409e+11,7.340875e-06,5.029574e-02,5.165257e+01,2.343963e+06,2.029629e-28,9.936801e-14,1.387212e+00,7.450581e+00,2.182129e+04,3.270605e+04,3.292480e+04,-1.491678e+02,-5.570736e-01,6.447698e+01
C IV 1548,1.044989e-05,1.219680e-04,1.324192e-04,1548.392010,0.205010,1.881364e-01,4.684377e+11,7.830800e-06,5.029574e-02,3.649935e+01,2.667273e+06,3.204163e-28,1.785630e-13,2.289314e+00,7.450581e+00,2.182129e+04,3.270605e+04,3.292285e+04,-1.887747e+02,1.758165e+01,5.892919e+01
C IV 1548,9.686243e-06,1.105031e-04,1.201904e-04,1548.373077,0.186077,1.561764e-04,1.083315e+10,7.871309e-06,5.029574e-02,3.305276e+01,2.694939e+06,3.801321e-28,2.139646e-13,7.158820e-02,7.450581e+00,2.182129e+04,3.270605e+04,3.292090e+04,-2.018261e+02,2.634640e+01,6.061671e+01
C IV 1548,9.662364e-06,1.811904e-04,1.908545e-04,1548.482478,0.295478,3.505192e-02,1.593691e+11,7.548376e-06,5.029574e-02,5.426724e+01,2.478347e+06,3.315334e-28,1.716874e-13,1.477049e+00,7.450581e+00,2.182129e+04,3.270801e+04,3.292090e+04,-1.638804e+02,-2.285517e+00,6.690753e+01
C IV 1548,9.169667e-06,1.606424e-04,1.698136e-04,1548.449903,0.262903,8.065483e-02,2.400810e+11,8.165655e-06,5.029574e-02,4.809226e+01,2.900261e+06,4.739700e-28,2.867611e-13,7.406771e-01,7.450581e+00,2.181934e+04,3.270801e+04,3.292090e+04,-1.892352e+02,7.244079e+00,6.621667e+01
C IV 1548,8.922601e-06,1.158380e-04,1.247616e-04,1548.380154,0.193154,6.104664e-01,1.517676e+12,7.439119e-06,5.029574e-02,3.466057e+01,2.407122e+06,5.983350e-28,3.008011e-13,1.530389e+00,7.450581e+00,2.181934e+04,3.270801e+04,3.291895e+04,-1.880988e+02,2.721039e+01,6.263569e+01
C IV 1548,8.412112e-06,2.091759e-04,2.175897e-04,1548.523870,0.336870,1.423545e-01,3.939485e+11,6.942305e-06,5.029574e-02,6.262515e+01,2.096343e+06,8.844701e-28,3.877802e-13,7.589258e-01,7.450581e+00,2.181934e+04,3.270996e+04,3.291895e+04,-2.071895e+02,1.115579e+01,8.615474e+01
C IV 1548,8.158958e-06,1.457175e-04,1.538777e-04,1548.425231,0.238231,3.014822e-01,7.482358e+11,6.686387e-06,5.029574e-02,4.362784e+01,1.944635e+06,6.976090e-28,2.839730e-13,1.115132e+00,9.313226e-01,2.181982e+04,3.270947e+04,3.291748e+04,-1.718563e+02,1.734213e+01,6.665368e+01
C IV 1548,7.786985e-06,1.906034e-04,1.983919e-04,1548.494148,0.307148,1.504229e-04,8.956156e+09,6.755913e-06,5.029574e-02,5.708744e+01,1.985286e+06,6.703603e-28,2.787354e-13,2.952551e-02,9.313226e-01,2.181982e+04,3.271045e+04,3.291748e+04,-1.649089e+02,6.776973e-01,7.205253e+01
C IV 1548,7.777137e-06,1.628671e-04,1.706455e-04,1548.451191,0.264191,1.086235e-01,2.977454e+11,6.766460e-06,5.029574e-02,4.878833e+01,1.991490e+06,4.987736e-28,2.081358e-13,1.144657e+00,9.313226e-01,2.181982e+04,3.271045e+04,3.291650e+04,-1.397090e+02,-7.315555e+00,5.672070e+01
C IV 1548,7.395315e-06,1.369144e-04,1.443107e-04,1548.410420,0.223420,1.610175e-03,9.589216e+10,6.755640e-06,5.029574e-02,4.101556e+01,1.985126e+06,3.973039e-28,1.653592e-13,6.998747e-01,9.313226e-01,2.181982e+04,3.271045e+04,3.291553e+04,-1.266333e+02,-1.081796e+01,4.509615e+01
C IV 1548,7.161859e-06,1.665783e-04,1.737413e-04,1548.455984,0.268984,2.399137e-04,1.499515e+10,7.092290e-06,5.029574e-02,4.990881e+01,2.187903e+06,3.623915e-28,1.661508e-13,4.447825e-01,9.313226e-01,2.181982e+04,3.271143e+04,3.291553e+04,-1.232076e+02,-2.080643e+01,4.932117e+01
C IV 1548,7.013494e-06,1.303736e-04,1.373881e-04,1548.399702,0.212702,8.421115e-04,5.179208e+10,6.976890e-06,5.029574e-02,3.905686e+01,2.117283e+06,3.601851e-28,1.599252e-13,1.144657e+00,9.313226e-01,2.181982e+04,3.271143e+04,3.291455e+04,-1.226577e+02,-1.439070e+01,4.050420e+01
C IV 1548,6.631673e-06,8.837722e-05,9.500948e-05,1548.334092,0.147092,4.694758e-04,2.831070e+10,6.842539e-06,5.029574e-02,2.646671e+01,2.036525e+06,3.935304e-28,1.682042e-13,2.846178e-01,9.313226e-01,2.181982e+04,3.271143e+04,3.291357e+04,-1.255583e+02,-2.867476e+00,3.286831e+01
C IV 1548,6.536733e-06,1.092697e-04,1.158071e-04,1548.366291,0.179291,2.408925e-01,5.983369e+11,7.108405e-06,5.029574e-02,3.272699e+01,2.197857e+06,4.267546e-28,1.966334e-13,8.600395e-01,9.313226e-01,2.181982e+04,3.271240e+04,3.291357e+04,-1.315377e+02,-8.988417e+00,3.663886e+01
C IV 1548,6.249851e-06,7.079052e-05,7.704081e-05,1548.306274,0.119274,3.050480e-01,7.574478e+11,6.937465e-06,5.029574e-02,2.119180e+01,2.093422e+06,4.682409e-28,2.056355e-13,1.014018e+00,9.313226e-01,2.181982e+04,3.271240e+04,3.291260e+04,-1.319415e+02,3.919020e+00,3.101344e+01
C IV 1548,5.911607e-06,7.889794e-05,8.481001e-05,1548.318302,0.131302,1.045291e-01,2.905904e+11,7.021337e-06,5.029574e-02,2.361082e+01,2.144345e+06,5.819384e-28,2.613893e-13,1.306392e-01,9.313226e-01,2.181982e+04,3.271338e+04,3.291260e+04,-1.560002e+02,-2.177191e+00,3.081465e+01
C IV 1548,5.868030e-06,5.036918e-05,5.623751e-05,1548.274066,0.087066,7.091423e-01,1.760751e+12,6.901270e-06,5.029574e-02,1.506609e+01,2.071635e+06,5.710453e-28,2.478810e-13,1.144657e+00,9.313226e-01,2.181982e+04,3.271338e+04,3.291162e+04,-1.397210e+02,1.206430e+01,2.903128e+01
C IV 1548,5.486209e-06,1.938800e-05,2.487432e-05,1548.225510,0.038510,1.459601e-01,4.065237e+11,7.054671e-06,5.029574e-02,5.787223e+00,2.164755e+06,5.508737e-28,2.496033e-13,5.987610e-01,9.313226e-01,2.181982e+04,3.271338e+04,3.291064e+04,-1.157860e+02,2.965485e+01,2.821364e+01
C IV 1548,5.286481e-06,4.397789e-05,4.926460e-05,1548.263271,0.076271,2.670040e-01,6.629995e+11,6.936273e-06,5.029574e-02,1.315266e+01,2.092702e+06,5.891048e-28,2.579429e-13,5.458962e-01,9.313226e-01,2.181982e+04,3.271436e+04,3.291064e+04,-1.323721e+02,2.027843e+01,3.159505e+01
C IV 1548,5.104387e-06,1.051429e-05,1.561873e-05,1548.211181,0.024181,1.319778e-01,3.728651e+11,7.302231e-06,5.029574e-02,3.129544e+00,2.319350e+06,5.663923e-28,2.745333e-13,1.144657e+00,9.313226e-01,2.181982e+04,3.271436e+04,3.290967e+04,-1.076491e+02,3.424804e+01,2.767085e+01
C IV 1548,4.722566e-06,-3.658521e-05,-3.186282e-05,1548.137670,-0.049330,2.202878e-04,1.498934e+10,7.721095e-06,5.029574e-02,-1.098625e+01,2.593062e+06,5.904052e-28,3.195850e-13,1.835040e-01,9.313226e-01,2.181982e+04,3.271436e+04,3.290869e+04,-9.271014e+01,4.538018e+01,1.749671e+01
C IV 1548,4.661355e-06,-1.050459e-05,-5.843289e-06,1548.177953,-0.009047,7.112156e-02,2.039099e+11,7.551768e-06,5.029574e-02,-3.171529e+00,2.480575e+06,5.968240e-28,3.090513e-13,9.611532e-01,9.313226e-01,2.181982e+04,3.271533e+04,3.290869e+04,-1.055840e+02,4.070654e+01,2.417080e+01
C IV 1548,4.340745e-06,-8.608947e-05,-8.174910e-05,1548.060437,-0.126563,1.646314e-01,4.096329e+11,7.619248e-06,5.029574e-02,-2.583092e+01,2.525104e+06,6.947403e-28,3.659954e-13,9.129043e-01,9.313226e-01,2.181982e+04,3.271533e+04,3.290771e+04,-1.018524e+02,5.255225e+01,4.739415e+00
C IV 1548,4.036229e-06,-9.199273e-05,-8.795687e-05,1548.050826,-0.136174,7.187885e-02,2.011367e+11,7.134742e-06,5.029574e-02,-2.761143e+01,2.214173e+06,7.937637e-28,3.668504e-13,2.317529e-01,9.313226e-01,2.181982e+04,3.271631e+04,3.290771e+04,-1.261644e+02,6.024034e+01,8.044794e+00
C IV 1548,3.958923e-06,-1.761757e-04,-1.722175e-04,1547.920375,-0.266625,5.093426e-01,1.265495e+12,7.112048e-06,5.029574e-02,-5.285750e+01,2.200110e+06,9.919244e-28,4.556982e-13,1.144657e+00,9.313226e-01,2.181982e+04,3.271631e+04,3.290674e+04,-1.414977e+02,6.702083e+01,-1.696609e+01
C IV 1548,3.577102e-06,-2.246392e-04,-2.210629e-04,1547.844753,-0.342247,2.287557e-01,5.682972e+11,7.043143e-06,5.029574e-02,-6.739975e+01,2.157685e+06,1.216883e-27,5.490782e-13,4.976473e-01,1.164153e-01,2.182007e+04,3.271655e+04,3.290601e+04,-1.622977e+02,7.478928e+01,-2.867065e+01
C IV 1548,3.411102e-06,-2.053267e-04,-2.019163e-04,1547.874396,-0.312604,1.450370e-03,8.829977e+10,6.908221e-06,5.029574e-02,-6.161448e+01,2.075810e+06,1.254100e-27,5.449253e-13,7.468130e-02,1.164153e-01,2.182007e+04,3.271704e+04,3.290601e+04,-1.728091e+02,7.064371e+01,-2.412047e+01
C IV 1548,3.386191e-06,-2.075540e-04,-2.041685e-04,1547.870909,-0.316091,2.012554e-01,5.000239e+11,7.091287e-06,5.029574e-02,-6.227977e+01,2.187284e+06,1.270621e-27,5.820688e-13,5.723286e-01,1.164153e-01,2.182007e+04,3.271704e+04,3.290552e+04,-1.705719e+02,6.329572e+01,-2.945247e+01
C IV 1548,3.195280e-06,-1.937697e-04,-1.905751e-04,1547.891954,-0.295046,3.610285e-02,1.578694e+11,7.196605e-06,5.029574e-02,-5.813909e+01,2.252736e+06,1.221737e-27,5.766570e-13,2.900188e-01,1.164153e-01,2.182007e+04,3.271704e+04,3.290503e+04,-1.591287e+02,5.171732e+01,-3.199889e+01
C IV 1548,3.098539e-06,-1.679148e-04,-1.648168e-04,1547.931833,-0.255167,3.126048e-02,1.354550e+11,7.115992e-06,5.029574e-02,-5.038983e+01,2.202551e+06,1.232390e-27,5.691506e-13,2.823098e-01,1.164153e-01,2.182007e+04,3.271753e+04,3.290503e+04,-1.656315e+02,4.416096e+01,-2.734481e+01
C IV 1548,3.004370e-06,-1.577789e-04,-1.547750e-04,1547.947379,-0.239621,3.155707e-02,1.372171e+11,7.147113e-06,5.029574e-02,-4.734237e+01,2.221859e+06,1.169988e-27,5.450873e-13,5.723286e-01,1.164153e-01,2.182007e+04,3.271753e+04,3.290454e+04,-1.510036e+02,3.290654e+01,-3.106598e+01
C IV 1548,2.813459e-06,-1.438026e-04,-1.409895e-04,1547.968722,-0.218278,1.213767e-04,7.736017e+09,7.231225e-06,5.029574e-02,-4.314467e+01,2.274463e+06,1.129136e-27,5.383008e-13,8.239033e-02,1.164153e-01,2.182007e+04,3.271753e+04,3.290405e+04,-1.364786e+02,2.483251e+01,-3.149343e+01
C IV 1548,2.785976e-06,-1.248876e-04,-1.221020e-04,1547.997963,-0.189037,6.695633e-04,4.163354e+10,7.055018e-06,5.029574e-02,-3.747730e+01,2.164968e+06,1.180733e-27,5.358746e-13,4.899383e-01,1.164153e-01,2.182007e+04,3.271802e+04,3.290405e+04,-1.448906e+02,1.964549e+01,-2.777772e+01
C IV 1548,2.622548e-06,-1.240978e-04,-1.214756e-04,1547.998933,-0.188067,1.745327e-04,1.087289e+10,7.067716e-06,5.029574e-02,-3.723430e+01,2.172768e+06,1.154152e-27,5.253027e-13,3.485291e-01,1.164153e-01,2.182007e+04,3.271802e+04,3.290356e+04,-1.313751e+02,1.745590e+01,-2.921750e+01
C IV 1548,2.506290e-06,-1.167415e-04,-1.142355e-04,1548.010142,-0.176858,8.872137e-06,5.382454e+08,6.881829e-06,5.029574e-02,-3.502854e+01,2.059980e+06,1.109214e-27,4.787829e-13,9.856138e-02,1.164153e-01,2.181958e+04,3.271802e+04,3.290356e+04,-1.301001e+02,3.621242e+00,-3.511868e+01
C IV 1548,2.473413e-06,-9.343738e-05,-9.096420e-05,1548.046170,-0.140830,4.037102e-05,2.290940e+09,6.438712e-06,5.029574e-02,-2.804592e+01,1.803238e+06,1.386828e-27,5.239832e-13,1.252382e-01,1.164153e-01,2.181958e+04,3.271851e+04,3.290356e+04,-1.400048e+02,-3.423723e-01,-2.907131e+01
C IV 1548,2.431638e-06,-1.034798e-04,-1.010485e-04,1548.030558,-0.156442,1.397505e-04,7.946535e+09,6.450018e-06,5.029574e-02,-3.105151e+01,1.809577e+06,1.257981e-27,4.766624e-13,5.723286e-01,1.164153e-01,2.181958e+04,3.271851e+04,3.290308e+04,-1.280960e+02,1.884822e+00,-3.157510e+01
C IV 1548,2.240727e-06,-1.181926e-04,-1.159521e-04,1548.007484,-0.179516,7.336124e-05,4.184640e+09,6.471687e-06,5.029574e-02,-3.546202e+01,1.821755e+06,1.444430e-27,5.508538e-13,2.394620e-01,1.164153e-01,2.181958e+04,3.271851e+04,3.290259e+04,-1.265470e+02,5.117945e+00,-3.481440e+01
C IV 1548,2.160850e-06,-8.937829e-05,-8.721763e-05,1548.051971,-0.135029,3.647952e-04,1.849863e+10,5.752209e-06,5.029574e-02,-2.683164e+01,1.439211e+06,2.495962e-27,7.517961e-13,3.328666e-01,1.164153e-01,2.181958e+04,3.271899e+04,3.290259e+04,-1.460139e+02,1.787163e+00,-2.617515e+01
C IV 1548,2.049816e-06,-1.118659e-04,-1.098163e-04,1548.016984,-0.170016,6.471279e-04,3.455464e+10,6.057985e-06,5.029574e-02,-3.359265e+01,1.596289e+06,4.223579e-27,1.412129e-12,5.723286e-01,1.164153e-01,2.181958e+04,3.271899e+04,3.290210e+04,-1.806376e+02,4.619947e+00,-3.137770e+01
C IV 1548,1.858906e-06,-1.294196e-04,-1.275609e-04,1547.989512,-0.197488,2.661328e-05,1.477207e+09,6.295932e-06,5.029574e-02,-3.887704e+01,1.724150e+06,6.186148e-27,2.236016e-12,3.183348e-02,1.164153e-01,2.181958e+04,3.271899e+04,3.290161e+04,-2.135251e+02,1.102831e+01,-3.271526e+01
C IV 1548,1.848287e-06,-1.005895e-04,-9.874143e-05,1548.034130,-0.152870,8.814937e-04,4.503566e+10,5.796337e-06,5.029574e-02,-3.028701e+01,1.461377e+06,1.022845e-26,3.133971e-12,5.404951e-01,1.164153e-01,2.181958e+04,3.271948e+04,3.290161e+04,-2.793165e+02,1.189985e+01,-2.022934e+01
C IV 1548,1.667995e-06,-1.155950e-04,-1.139272e-04,1548.010619,-0.176381,4.694893e-04,2.536527e+10,6.128034e-06,5.029574e-02,-3.482329e+01,1.633418e+06,1.381668e-26,4.735919e-12,3.965336e-01,1.164153e-01,2.181958e+04,3.271948e+04,3.290112e+04,-3.168218e+02,2.230300e+01,-1.811774e+01
C IV 1548,1.535724e-06,-7.616362e-05,-7.462802e-05,1548.071462,-0.115538,2.516467e-04,1.287165e+10,5.801834e-06,5.029574e-02,-2.304175e+01,1.464150e+06,1.673404e-26,5.143888e-12,1.757950e-01,1.164153e-01,2.181958e+04,3.271997e+04,3.290112e+04,-3.529220e+02,2.080251e+01,-4.190440e+00
C IV 1548,1.477084e-06,-9.405603e-05,-9.257908e-05,1548.043670,-0.143330,1.268032e-03,6.798569e+10,6.082987e-06,5.029574e-02,-2.845652e+01,1.609492e+06,2.205672e-26,7.455388e-12,5.723286e-01,1.164153e-01,2.181958e+04,3.271997e+04,3.290063e+04,-3.925469e+02,3.678037e+01,3.571616e-01
C IV 1548,1.286174e-06,-8.393309e-05,-8.264702e-05,1548.059047,-0.127953,6.613461e-04,3.556085e+10,6.099131e-06,5.029574e-02,-2.535437e+01,1.618047e+06,1.760984e-26,5.986699e-12,1.889051e-01,1.164153e-01,2.181958e+04,3.271997e+04,3.290015e+04,-3.376460e+02,3.230467e+01,-3.133898e-01
C IV 1548,1.223161e-06,-7.436575e-05,-7.314268e-05,1548.073761,-0.113239,1.244749e-03,6.648130e+10,6.059647e-06,5.029574e-02,-2.245614e+01,1.597165e+06,1.554767e-26,5.218162e-12,3.834235e-01,1.164153e-01,2.181958e+04,3.272046e+04,3.290015e+04,-3.099045e+02,3.165640e+01,1.892945e+00
C IV 1548,1.095263e-06,-7.601233e-05,-7.491715e-05,1548.071014,-0.115986,1.890211e-03,1.037059e+11,6.223485e-06,5.029574e-02,-2.286737e+01,1.684699e+06,7.076302e-27,2.503513e-12,5.536052e-01,1.164153e-01,2.181958e+04,3.272046e+04,3.289966e+04,-2.166447e+02,2.605340e+01,-4.683297e+00
C IV 1548,9.105979e-07,-4.923478e-05,-4.832423e-05,1548.112185,-0.074815,3.764804e-05,2.042458e+09,6.154622e-06,5.029574e-02,-1.481190e+01,1.647623e+06,3.876531e-27,1.341835e-12,1.872338e-02,1.164153e-01,2.181958e+04,3.272095e+04,3.289966e+04,-1.749149e+02,1.984374e+01,-2.296350e-01
C IV 1548,9.043523e-07,-7.364238e-05,-7.273809e-05,1548.074388,-0.112612,8.648132e-04,4.945077e+10,6.488064e-06,5.029574e-02,-2.211643e+01,1.830987e+06,1.991698e-27,7.657521e-13,5.723286e-01,1.164153e-01,2.181958e+04,3.272095e+04,3.289917e+04,-1.509437e+02,2.346981e+01,-7.263519e+00
C IV 1548,7.134417e-07,-9.774594e-05,-9.703256e-05,1548.036775,-0.150225,4.473315e-04,2.648660e+10,6.718257e-06,5.029574e-02,-2.934141e+01,1.963217e+06,1.827245e-27,7.527670e-13,3.459767e-01,1.164153e-01,2.181958e+04,3.272095e+04,3.289868e+04,-1.478994e+02,2.540602e+01,-1.463672e+01
C IV 1548,5.980348e-07,-8.320603e-05,-8.260804e-05,1548.059107,-0.127893,1.725411e-04,9.975553e+09,6.558566e-06,5.029574e-02,-2.497652e+01,1.870996e+06,1.303316e-27,5.119420e-13,2.263519e-01,1.164153e-01,2.181958e+04,3.272144e+04,3.289868e+04,-1.358226e+02,2.500001e+01,-1.011451e+01
C IV 1548,5.225310e-07,-1.030384e-04,-1.025159e-04,1548.028286,-0.158714,2.659159e-04,1.587867e+10,6.774664e-06,5.029574e-02,-3.092234e+01,1.996322e+06,1.288046e-27,5.396595e-13,5.723286e-01,1.164153e-01,2.181958e+04,3.272144e+04,3.289819e+04,-1.354161e+02,2.668368e+01,-1.606705e+01
C IV 1548,3.316203e-07,-1.064980e-04,-1.061664e-04,1548.022635,-0.164365,3.138892e-05,1.896452e+09,6.855173e-06,5.029574e-02,-3.195866e+01,2.044052e+06,1.233149e-27,5.288906e-13,1.383483e-01,1.164153e-01,2.181958e+04,3.272144e+04,3.289771e+04,-1.334962e+02,2.583336e+01,-1.785613e+01
C IV 1548,2.854717e-07,-9.535141e-05,-9.506597e-05,1548.039820,-0.147180,8.715180e-05,5.155300e+09,6.709906e-06,5.029574e-02,-2.861268e+01,1.958340e+06,1.068816e-27,4.392516e-13,4.339804e-01,1.164153e-01,2.181958e+04,3.272192e+04,3.289771e+04,-1.241742e+02,2.348861e+01,-1.563343e+01
C IV 1548,1.407096e-07,-8.788156e-05,-8.774086e-05,1548.051161,-0.135839,3.732583e-05,2.207458e+09,6.709230e-06,5.029574e-02,-2.637240e+01,1.957945e+06,1.050875e-27,4.316253e-13,4.192521e-01,1.164153e-01,2.181958e+04,3.272192e+04,3.289722e+04,-1.225077e+02,2.227624e+01,-1.379580e+01
Ly a,1.369085e-05,8.226408e-05,9.595606e-05,1215.786651,0.116651,8.629082e+02,1.585325e+15,1.809162e-05,4.672948e+00,2.456447e+01,1.194748e+06,3.921228e-28,9.839661e-14,5.587940e-01,7.450581e+00,2.182129e+04,3.270020e+04,3.293262e+04,-2.337463e+02,3.103648e+01,5.444653e+01
Ly a,1.350446e-05,1.005697e-04,1.140755e-04,1215.808678,0.138678,1.672270e+03,3.072219e+15,1.617871e-05,4.672948e+00,2.994760e+01,9.554527e+05,8.547340e-28,1.718325e-13,2.738156e-01,7.450581e+00,2.182129e+04,3.270020e+04,3.293066e+04,-3.413062e+02,2.984263e+01,6.310874e+01
Ly a,1.341312e-05,1.633166e-04,1.767319e-04,1215.884848,0.214848,3.995937e+03,7.340695e+15,1.768405e-05,4.672948e+00,4.885836e+01,1.141523e+06,4.678516e-28,1.119011e-13,2.015499e+00,7.450581e+00,2.182129e+04,3.270215e+04,3.293066e+04,-2.382300e+02,8.141556e+00,6.906655e+01
Ly a,1.274081e-05,1.556484e-04,1.683912e-04,1215.874708,0.204708,4.183642e+03,7.685580e+15,1.727451e-05,4.672948e+00,4.653116e+01,1.089263e+06,5.774979e-28,1.318462e-13,1.732616e+00,7.450581e+00,2.182129e+04,3.270215e+04,3.292871e+04,-2.722828e+02,6.339885e+00,6.621396e+01
Ly a,1.216287e-05,1.641152e-04,1.762801e-04,1215.884298,0.214298,3.174599e+02,5.831867e+14,2.008661e-05,4.672948e+00,4.911668e+01,1.472770e+06,3.524099e-28,1.081534e-13,5.566983e-01,7.450581e+00,2.182129e+04,3.270410e+04,3.292871e+04,-2.140567e+02,4.466008e+00,6.643176e+01
Ly a,1.197717e-05,1.367445e-04,1.487233e-04,1215.850798,0.180798,8.358900e+02,1.535606e+15,1.879134e-05,4.672948e+00,4.092445e+01,1.288952e+06,3.308801e-28,8.915497e-14,2.289314e+00,7.450581e+00,2.182129e+04,3.270410e+04,3.292676e+04,-1.979669e+02,2.957533e+00,5.544707e+01
Ly a,1.121353e-05,1.035504e-04,1.147651e-04,1215.809516,0.139516,1.032497e+03,1.896855e+15,2.042118e-05,4.672948e+00,3.096112e+01,1.522240e+06,3.986012e-28,1.271435e-13,9.021021e-01,7.450581e+00,2.182129e+04,3.270410e+04,3.292480e+04,-2.166709e+02,1.061644e+01,4.898264e+01
Ly a,1.091262e-05,1.724414e-04,1.833559e-04,1215.892900,0.222900,3.067551e+02,5.635207e+14,2.534047e-05,4.672948e+00,5.165257e+01,2.343963e+06,2.029629e-28,9.936801e-14,1.387212e+00,7.450581e+00,2.182129e+04,3.270605e+04,3.292480e+04,-1.491678e+02,-5.570736e-01,6.447698e+01
Ly a,1.044989e-05,1.219680e-04,1.324192e-04,1215.830978,0.160978,2.117192e+03,3.889528e+15,2.703168e-05,4.672948e+00,3.649935e+01,2.667273e+06,3.204163e-28,1.785630e-13,2.289314e+00,7.450581e+00,2.182129e+04,3.270605e+04,3.292285e+04,-1.887747e+02,1.758165e+01,5.892919e+01
Ly a,9.686243e-06,1.105031e-04,1.201904e-04,1215.816112,0.146112,7.880958e+01,1.447878e+14,2.717151e-05,4.672948e+00,3.305276e+01,2.694939e+06,3.801321e-28,2.139646e-13,7.158820e-02,7.450581e+00,2.182129e+04,3.270605e+04,3.292090e+04,-2.018261e+02,2.634640e+01,6.061671e+01
Ly a,9.662364e-06,1.811904e-04,1.908545e-04,1215.902016,0.232016,3.918565e+02,7.198530e+14,2.605675e-05,4.672948e+00,5.426724e+01,2.478347e+06,3.315334e-28,1.716874e-13,1.477049e+00,7.450581e+00,2.182129e+04,3.270801e+04,3.292090e+04,-1.638804e+02,-2.285517e+00,6.690753e+01
Ly a,9.169667e-06,1.606424e-04,1.698136e-04,1215.876437,0.206437,8.919389e+02,1.638534e+15,2.818758e-05,4.672948e+00,4.809226e+01,2.900261e+06,4.739700e-28,2.867611e-13,7.406771e-01,7.450581e+00,2.181934e+04,3.270801e+04,3.292090e+04,-1.892352e+02,7.244079e+00,6.621667e+01
Ly a,8.922601e-06,1.158380e-04,1.247616e-04,1215.821669,0.151669,2.250863e+03,4.135169e+15,2.567961e-05,4.672948e+00,3.466057e+01,2.407122e+06,5.983350e-28,3.008011e-13,1.530389e+00,7.450581e+00,2.181934e+04,3.270801e+04,3.291895e+04,-1.880988e+02,2.721039e+01,6.263569e+01
Ly a,8.412112e-06,2.091759e-04,2.175897e-04,1215.934517,0.264517,1.405087e+03,2.581098e+15,2.396462e-05,4.672948e+00,6.262515e+01,2.096343e+06,8.844701e-28,3.877802e-13,7.589258e-01,7.450581e+00,2.181934e+04,3.270996e+04,3.291895e+04,-2.071895e+02,1.115579e+01,8.615474e+01
Ly a,8.158958e-06,1.457175e-04,1.538777e-04,1215.857064,0.187064,1.431479e+03,2.629746e+15,2.308120e-05,4.672948e+00,4.362784e+01,1.944635e+06,6.976090e-28,2.839730e-13,1.115132e+00,9.313226e-01,2.181982e+04,3.270947e+04,3.291748e+04,-1.718563e+02,1.734213e+01,6.665368e+01
Ly a,7.786985e-06,1.906034e-04,1.983919e-04,1215.911179,0.241179,2.796978e+01,5.138051e+13,2.332120e-05,4.672948e+00,5.708744e+01,1.985286e+06,6.703603e-28,2.787354e-13,2.952551e-02,9.313226e-01,2.181982e+04,3.271045e+04,3.291748e+04,-1.649089e+02,6.776973e-01,7.205253e+01
Ly a,7.777137e-06,1.628671e-04,1.706455e-04,1215.877449,0.207449,5.299173e+02,9.734858e+14,2.335761e-05,4.672948e+00,4.878833e+01,1.991490e+06,4.987736e-28,2.081358e-13,1.144657e+00,9.313226e-01,2.181982e+04,3.271045e+04,3.291650e+04,-1.397090e+02,-7.315555e+00,5.672070e+01
Ly a,7.395315e-06,1.369144e-04,1.443107e-04,1215.845434,0.175434,1.203761e+02,2.211430e+14,2.332026e-05,4.672948e+00,4.101556e+01,1.985126e+06,3.973039e-28,1.653592e-13,6.998747e-01,9.313226e-01,2.181982e+04,3.271045e+04,3.291553e+04,-1.266333e+02,-1.081796e+01,4.509615e+01
Ly a,7.161859e-06,1.665783e-04,1.737413e-04,1215.881212,0.211212,1.821887e+01,3.346897e+13,2.448236e-05,4.672948e+00,4.990881e+01,2.187903e+06,3.623915e-28,1.661508e-13,4.447825e-01,9.313226e-01,2.181982e+04,3.271143e+04,3.291553e+04,-1.232076e+02,-2.080643e+01,4.932117e+01
Ly a,7.013494e-06,1.303736e-04,1.373881e-04,1215.837019,0.167019,4.238025e+01,7.785739e+13,2.408400e-05,4.672948e+00,3.905686e+01,2.117283e+06,3.601851e-28,1.599252e-13,1.144657e+00,9.313226e-01,2.181982e+04,3.271143e+04,3.291455e+04,-1.226577e+02,-1.439070e+01,4.050420e+01
Ly a,6.631673e-06,8.837722e-05,9.500948e-05,1215.785500,0.115500,3.128549e+01,5.747744e+13,2.362023e-05,4.672948e+00,2.646671e+01,2.036525e+06,3.935304e-28,1.682042e-13,2.846178e-01,9.313226e-01,2.181982e+04,3.271143e+04,3.291357e+04,-1.255583e+02,-2.867476e+00,3.286831e+01
Ly a,6.536733e-06,1.092697e-04,1.158071e-04,1215.810783,0.140783,4.126208e+02,7.580491e+14,2.453799e-05,4.672948e+00,3.272699e+01,2.197857e+06,4.267546e-28,1.966334e-13,8.600395e-01,9.313226e-01,2.181982e+04,3.271240e+04,3.291357e+04,-1.315377e+02,-8.988417e+00,3.663886e+01
Ly a,6.249851e-06,7.079052e-05,7.704081e-05,1215.763656,0.093656,5.343432e+02,9.817090e+14,2.394791e-05,4.672948e+00,2.119180e+01,2.093422e+06,4.682409e-28,2.056355e-13,1.014018e+00,9.313226e-01,2.181982e+04,3.271240e+04,3.291260e+04,-1.319415e+02,3.919020e+00,3.101344e+01
Ly a,5.911607e-06,7.889794e-05,8.481001e-05,1215.773101,0.103101,2.036688e+02,3.741828e+14,2.423743e-05,4.672948e+00,2.361082e+01,2.144345e+06,5.819384e-28,2.613893e-13,1.306392e-01,9.313226e-01,2.181982e+04,3.271338e+04,3.291260e+04,-1.560002e+02,-2.177191e+00,3.081465e+01
Ly a,5.868030e-06,5.036918e-05,5.623751e-05,1215.738366,0.068366,1.294050e+03,2.377511e+15,2.382297e-05,4.672948e+00,1.506609e+01,2.071635e+06,5.710453e-28,2.478810e-13,1.144657e+00,9.313226e-01,2.181982e+04,3.271338e+04,3.291162e+04,-1.397210e+02,1.206430e+01,2.903128e+01
Ly a,5.486209e-06,1.938800e-05,2.487432e-05,1215.700239,0.030239,3.596420e+02,6.607783e+14,2.435250e-05,4.672948e+00,5.787223e+00,2.164755e+06,5.508737e-28,2.496033e-13,5.987610e-01,9.313226e-01,2.181982e+04,3.271338e+04,3.291064e+04,-1.157860e+02,2.965485e+01,2.821364e+01
Ly a,5.286481e-06,4.397789e-05,4.926460e-05,1215.729889,0.059889,5.620616e+02,1.032663e+15,2.394380e-05,4.672948e+00,1.315266e+01,2.092702e+06,5.891048e-28,2.579429e-13,5.458962e-01,9.313226e-01,2.181982e+04,3.271436e+04,3.291064e+04,-1.323721e+02,2.027843e+01,3.159505e+01
Ly a,5.104387e-06,1.051429e-05,1.561873e-05,1215.688987,0.018987,5.040344e+02,9.260849e+14,2.520707e-05,4.672948e+00,3.129544e+00,2.319350e+06,5.663923e-28,2.745333e-13,1.144657e+00,9.313226e-01,2.181982e+04,3.271436e+04,3.290967e+04,-1.076491e+02,3.424804e+01,2.767085e+01
Ly a,4.722566e-06,-3.658521e-05,-3.186282e-05,1215.631265,-0.038735,5.413927e+01,9.947829e+13,2.665298e-05,4.672948e+00,-1.098625e+01,2.593062e+06,5.904052e-28,3.195850e-13,1.835040e-01,9.313226e-01,2.181982e+04,3.271436e+04,3.290869e+04,-9.271014e+01,4.538018e+01,1.749671e+01
Ly a,4.661355e-06,-1.050459e-05,-5.843289e-06,1215.662896,-0.007104,7.284681e+02,1.338483e+15,2.606846e-05,4.672948e+00,-3.171529e+00,2.480575e+06,5.968240e-28,3.090513e-13,9.611532e-01,9.313226e-01,2.181982e+04,3.271533e+04,3.290869e+04,-1.055840e+02,4.070654e+01,2.417080e+01
Ly a,4.340745e-06,-8.608947e-05,-8.174910e-05,1215.570620,-0.099380,1.359071e+03,2.497342e+15,2.630140e-05,4.672948e+00,-2.583092e+01,2.525104e+06,6.947403e-28,3.659954e-13,9.129043e-01,9.313226e-01,2.181982e+04,3.271533e+04,3.290771e+04,-1.018524e+02,5.255225e+01,4.739415e+00
Ly a,4.036229e-06,-9.199273e-05,-8.795687e-05,1215.563073,-0.106927,5.934496e+02,1.090482e+15,2.462890e-05,4.672948e+00,-2.761143e+01,2.214173e+06,7.937637e-28,3.668504e-13,2.317529e-01,9.313226e-01,2.181982e+04,3.271631e+04,3.290771e+04,-1.261644e+02,6.024034e+01,8.044794e+00
Ly a,3.958923e-06,-1.761757e-04,-1.722175e-04,1215.460640,-0.209360,4.196943e+03,7.712663e+15,2.455056e-05,4.672948e+00,-5.285750e+01,2.200110e+06,9.919244e-28,4.556982e-13,1.144657e+00,9.313226e-01,2.181982e+04,3.271631e+04,3.290674e+04,-1.414977e+02,6.702083e+01,-1.696609e+01
Ly a,3.577102e-06,-2.246392e-04,-2.210629e-04,1215.401260,-0.268740,2.706294e+03,4.973558e+15,2.431271e-05,4.672948e+00,-6.739975e+01,2.157685e+06,1.216883e-27,5.490782e-13,4.976473e-01,1.164153e-01,2.182007e+04,3.271655e+04,3.290601e+04,-1.622977e+02,7.478928e+01,-2.867065e+01
Ly a,3.411102e-06,-2.053267e-04,-2.019163e-04,1215.424536,-0.245464,4.045268e+02,7.434142e+14,2.384696e-05,4.672948e+00,-6.161448e+01,2.075810e+06,1.254100e-27,5.449253e-13,7.468130e-02,1.164153e-01,2.182007e+04,3.271704e+04,3.290601e+04,-1.728091e+02,7.064371e+01,-2.412047e+01
Ly a,3.386191e-06,-2.075540e-04,-2.041685e-04,1215.421798,-0.248202,2.903203e+03,5.335344e+15,2.447890e-05,4.672948e+00,-6.227977e+01,2.187284e+06,1.270621e-27,5.820688e-13,5.723286e-01,1.164153e-01,2.182007e+04,3.271704e+04,3.290552e+04,-1.705719e+02,6.329572e+01,-2.945247e+01
Ly a,3.195280e-06,-1.937697e-04,-1.905751e-04,1215.438324,-0.231676,1.138825e+03,2.092843e+15,2.484245e-05,4.672948e+00,-5.813909e+01,2.252736e+06,1.221737e-27,5.766570e-13,2.900188e-01,1.164153e-01,2.182007e+04,3.271704e+04,3.290503e+04,-1.591287e+02,5.171732e+01,-3.199889e+01
Ly a,3.098539e-06,-1.679148e-04,-1.648168e-04,1215.469637,-0.200363,1.089690e+03,2.002493e+15,2.456418e-05,4.672948e+00,-5.038983e+01,2.202551e+06,1.232390e-27,5.691506e-13,2.823098e-01,1.164153e-01,2.182007e+04,3.271753e+04,3.290503e+04,-1.656315e+02,4.416096e+01,-2.734481e+01
Ly a,3.004370e-06,-1.577789e-04,-1.547750e-04,1215.481845,-0.188155,1.447549e+03,2.660095e+15,2.467161e-05,4.672948e+00,-4.734237e+01,2.221859e+06,1.169988e-27,5.450873e-13,5.723286e-01,1.164153e-01,2.182007e+04,3.271753e+04,3.290454e+04,-1.510036e+02,3.290654e+01,-3.106598e+01
Ly a,2.813459e-06,-1.438026e-04,-1.409895e-04,1215.498603,-0.171397,1.284226e+02,2.359934e+14,2.496196e-05,4.672948e+00,-4.314467e+01,2.274463e+06,1.129136e-27,5.383008e-13,8.239033e-02,1.164153e-01,2.182007e+04,3.271753e+04,3.290405e+04,-1.364786e+02,2.483251e+01,-3.149343e+01
Ly a,2.785976e-06,-1.248876e-04,-1.221020e-04,1215.521564,-0.148436,1.913386e+03,3.516025e+15,2.435370e-05,4.672948e+00,-3.747730e+01,2.164968e+06,1.180733e-27,5.358746e-13,4.899383e-01,1.164153e-01,2.182007e+04,3.271802e+04,3.290405e+04,-1.448906e+02,1.964549e+01,-2.777772e+01
Ly a,2.622548e-06,-1.240978e-04,-1.214756e-04,1215.522326,-0.147674,9.049594e+02,1.662946e+15,2.439753e-05,4.672948e+00,-3.723430e+01,2.172768e+06,1.154152e-27,5.253027e-13,3.485291e-01,1.164153e-01,2.182007e+04,3.271802e+04,3.290356e+04,-1.313751e+02,1.745590e+01,-2.921750e+01
Ly a,2.506290e-06,-1.167415e-04,-1.142355e-04,1215.531127,-0.138873,2.326107e+02,4.274399e+14,2.375586e-05,4.672948e+00,-3.502854e+01,2.059980e+06,1.109214e-27,4.787829e-13,9.856138e-02,1.164153e-01,2.181958e+04,3.271802e+04,3.290356e+04,-1.301001e+02,3.621242e+00,-3.511868e+01
Ly a,2.473413e-06,-9.343738e-05,-9.096420e-05,1215.559418,-0.110582,2.738853e+03,5.032730e+15,2.222623e-05,4.672948e+00,-2.804592e+01,1.803238e+06,1.386828e-27,5.239832e-13,1.252382e-01,1.164153e-01,2.181958e+04,3.271851e+04,3.290356e+04,-1.400048e+02,-3.423723e-01,-2.907131e+01
Ly a,2.431638e-06,-1.034798e-04,-1.010485e-04,1215.547158,-0.122842,7.182042e+03,1.319736e+16,2.226526e-05,4.672948e+00,-3.105151e+01,1.809577e+06,1.257981e-27,4.766624e-13,5.723286e-01,1.164153e-01,2.181958e+04,3.271851e+04,3.290308e+04,-1.280960e+02,1.884822e+00,-3.157510e+01
Ly a,2.240727e-06,-1.181926e-04,-1.159521e-04,1215.529040,-0.140960,6.361544e+03,1.168983e+16,2.234006e-05,4.672948e+00,-3.546202e+01,1.821755e+06,1.444430e-27,5.508538e-13,2.394620e-01,1.164153e-01,2.181958e+04,3.271851e+04,3.290259e+04,-1.265470e+02,5.117945e+00,-3.481440e+01
Ly a,2.160850e-06,-8.937829e-05,-8.721763e-05,1215.563972,-0.106028,4.027643e+04,7.400892e+16,1.985644e-05,4.672948e+00,-2.683164e+01,1.439211e+06,2.495962e-27,7.517961e-13,3.328666e-01,1.164153e-01,2.181958e+04,3.271899e+04,3.290259e+04,-1.460139e+02,1.787163e+00,-2.617515e+01
Ly a,2.049816e-06,-1.118659e-04,-1.098163e-04,1215.536500,-0.133500,1.646283e+05,3.025146e+17,2.091197e-05,4.672948e+00,-3.359265e+01,1.596289e+06,4.223579e-27,1.412129e-12,5.723286e-01,1.164153e-01,2.181958e+04,3.271899e+04,3.290210e+04,-1.806376e+02,4.619947e+00,-3.137770e+01
Ly a,1.858906e-06,-1.294196e-04,-1.275609e-04,1215.514928,-0.155072,1.587867e+04,2.917863e+16,2.173336e-05,4.672948e+00,-3.887704e+01,1.724150e+06,6.186148e-27,2.236016e-12,3.183348e-02,1.164153e-01,2.181958e+04,3.271899e+04,3.290161e+04,-2.135251e+02,1.102831e+01,-3.271526e+01
Ly a,1.848287e-06,-1.005895e-04,-9.874143e-05,1215.549963,-0.120037,4.994940e+05,9.178398e+17,2.000877e-05,4.672948e+00,-3.028701e+01,1.461377e+06,1.022845e-26,3.133971e-12,5.404951e-01,1.164153e-01,2.181958e+04,3.271948e+04,3.290161e+04,-2.793165e+02,1.189985e+01,-2.022934e+01
Ly a,1.667995e-06,-1.155950e-04,-1.139272e-04,1215.531502,-0.138498,5.739058e+05,1.054590e+18,2.115378e-05,4.672948e+00,-3.482329e+01,1.633418e+06,1.381668e-26,4.735919e-12,3.965336e-01,1.164153e-01,2.181958e+04,3.271948e+04,3.290112e+04,-3.168218e+02,2.230300e+01,-1.811774e+01
Ly a,1.535724e-06,-7.616362e-05,-7.462802e-05,1215.579277,-0.090723,3.296380e+05,6.057088e+17,2.002775e-05,4.672948e+00,-2.304175e+01,1.464150e+06,1.673404e-26,5.143888e-12,1.757950e-01,1.164153e-01,2.181958e+04,3.271997e+04,3.290112e+04,-3.529220e+02,2.080251e+01,-4.190440e+00
Ly a,1.477084e-06,-9.405603e-05,-9.257908e-05,1215.557454,-0.112546,1.564935e+06,2.875612e+18,2.099828e-05,4.672948e+00,-2.845652e+01,1.609492e+06,2.205672e-26,7.455388e-12,5.723286e-01,1.164153e-01,2.181958e+04,3.271997e+04,3.290063e+04,-3.925469e+02,3.678037e+01,3.571616e-01
Ly a,1.286174e-06,-8.393309e-05,-8.264702e-05,1215.569528,-0.100472,3.994009e+05,7.339039e+17,2.105401e-05,4.672948e+00,-2.535437e+01,1.618047e+06,1.760984e-26,5.986699e-12,1.889051e-01,1.164153e-01,2.181958e+04,3.271997e+04,3.290015e+04,-3.376460e+02,3.230467e+01,-3.133898e-01
Ly a,1.223161e-06,-7.436575e-05,-7.314268e-05,1215.581083,-0.088917,7.208198e+05,1.324501e+18,2.091771e-05,4.672948e+00,-2.245614e+01,1.597165e+06,1.554767e-26,5.218162e-12,3.834235e-01,1.164153e-01,2.181958e+04,3.272046e+04,3.290015e+04,-3.099045e+02,3.165640e+01,1.892945e+00
Ly a,1.095263e-06,-7.601233e-05,-7.491715e-05,1215.578925,-0.091075,3.763443e+05,6.915317e+17,2.148327e-05,4.672948e+00,-2.286737e+01,1.684699e+06,7.076302e-27,2.503513e-12,5.536052e-01,1.164153e-01,2.181958e+04,3.272046e+04,3.289966e+04,-2.166447e+02,2.605340e+01,-4.683297e+00
Ly a,9.105979e-07,-4.923478e-05,-4.832423e-05,1215.611254,-0.058746,5.526093e+03,1.015394e+16,2.124556e-05,4.672948e+00,-1.481190e+01,1.647623e+06,3.876531e-27,1.341835e-12,1.872338e-02,1.164153e-01,2.181958e+04,3.272095e+04,3.289966e+04,-1.749149e+02,1.984374e+01,-2.296350e-01
Ly a,9.043523e-07,-7.364238e-05,-7.273809e-05,1215.581574,-0.088426,2.990488e+04,5.495017e+16,2.239659e-05,4.672948e+00,-2.211643e+01,1.830987e+06,1.991698e-27,7.657521e-13,5.723286e-01,1.164153e-01,2.181958e+04,3.272095e+04,3.289917e+04,-1.509437e+02,2.346981e+01,-7.263519e+00
Ly a,7.134417e-07,-9.774594e-05,-9.703256e-05,1215.552040,-0.117960,1.315963e+04,2.418141e+16,2.319121e-05,4.672948e+00,-2.934141e+01,1.963217e+06,1.827245e-27,7.527670e-13,3.459767e-01,1.164153e-01,2.181958e+04,3.272095e+04,3.289868e+04,-1.478994e+02,2.540602e+01,-1.463672e+01
Ly a,5.980348e-07,-8.320603e-05,-8.260804e-05,1215.569576,-0.100424,1.377206e+03,2.530639e+15,2.263996e-05,4.672948e+00,-2.497652e+01,1.870996e+06,1.303316e-27,5.119420e-13,2.263519e-01,1.164153e-01,2.181958e+04,3.272144e+04,3.289868e+04,-1.358226e+02,2.500001e+01,-1.011451e+01
Ly a,5.225310e-07,-1.030384e-04,-1.025159e-04,1215.545374,-0.124626,4.329900e+03,7.956425e+15,2.338593e-05,4.672948e+00,-3.092234e+01,1.996322e+06,1.288046e-27,5.396595e-13,5.723286e-01,1.164153e-01,2.181958e+04,3.272144e+04,3.289819e+04,-1.354161e+02,2.668368e+01,-1.606705e+01
Ly a,3.316203e-07,-1.064980e-04,-1.061664e-04,1215.540937,-0.129063,7.762413e+02,1.426391e+15,2.366384e-05,4.672948e+00,-3.195866e+01,2.044052e+06,1.233149e-27,5.288906e-13,1.383483e-01,1.164153e-01,2.181958e+04,3.272144e+04,3.289771e+04,-1.334962e+02,2.583336e+01,-1.785613e+01
Ly a,2.854717e-07,-9.535141e-05,-9.506597e-05,1215.554431,-0.115569,1.265210e+02,2.324873e+14,2.316238e-05,4.672948e+00,-2.861268e+01,1.958340e+06,1.068816e-27,4.392516e-13,4.339804e-01,1.164153e-01,2.181958e+04,3.272192e+04,3.289771e+04,-1.241742e+02,2.348861e+01,-1.563343e+01
Ly a,1.407096e-07,-8.788156e-05,-8.774086e-05,1215.563336,-0.106664,1.547801e+01,2.844126e+13,2.316005e-05,4.672948e+00,-2.637240e+01,1.957945e+06,1.050875e-27,4.316253e-13,4.192521e-01,1.164153e-01,2.181958e+04,3.272192e+04,3.289722e+04,-1.225077e+02,2.227624e+01,-1.379580e+01
Si II 1193,1.369085e-05,8.226408e-05,9.595606e-05,1193.404503,0.114503,3.305446e-02,4.715312e+10,3.427313e-06,4.471573e-01,2.456447e+01,1.194748e+06,3.921228e-28,9.839661e-14,5.587940e-01,7.450581e+00,2.182129e+04,3.270020e+04,3.293262e+04,-2.337463e+02,3.103648e+01,5.444653e+01
Si II 1193,1.350446e-05,1.005697e-04,1.140755e-04,1193.426125,0.136125,6.520135e-02,9.154523e+10,3.064927e-06,4.471573e-01,2.994760e+01,9.554527e+05,8.547340e-28,1.718325e-13,2.738156e-01,7.450581e+00,2.182129e+04,3.270020e+04,3.293066e+04,-3.413062e+02,2.984263e+01,6.310874e+01
Si II 1193,1.341312e-05,1.633166e-04,1.767319e-04,1193.500892,0.210892,5.451653e-04,6.932088e+09,3.350101e-06,4.471573e-01,4.885836e+01,1.141523e+06,4.678516e-28,1.119011e-13,2.015499e+00,7.450581e+00,2.182129e+04,3.270215e+04,3.293066e+04,-2.382300e+02,8.141556e+00,6.906655e+01
Si II 1193,1.274081e-05,1.556484e-04,1.683912e-04,1193.490939,0.200939,5.669088e-04,7.042863e+09,3.272517e-06,4.471573e-01,4.653116e+01,1.089263e+06,5.774979e-28,1.318462e-13,1.732616e+00,7.450581e+00,2.182129e+04,3.270215e+04,3.292871e+04,-2.722828e+02,6.339885e+00,6.621396e+01
Si II 1193,1.216287e-05,1.641152e-04,1.762801e-04,1193.500353,0.210353,1.105866e-03,1.596150e+10,3.805248e-06,4.471573e-01,4.911668e+01,1.472770e+06,3.524099e-28,1.081534e-13,5.566983e-01,7.450581e+00,2.182129e+04,3.270410e+04,3.292871e+04,-2.140567e+02,4.466008e+00,6.643176e+01
Si II 1193,1.197717e-05,1.367445e-04,1.487233e-04,1193.467470,0.177470,8.509543e-02,1.222883e+11,3.559868e-06,4.471573e-01,4.092445e+01,1.288952e+06,3.308801e-28,8.915497e-14,2.289314e+00,7.450581e+00,2.182129e+04,3.270410e+04,3.292676e+04,-1.979669e+02,2.957533e+00,5.544707e+01
Si II 1193,1.121353e-05,1.035504e-04,1.147651e-04,1193.426948,0.136948,1.475236e-01,2.035786e+11,3.868629e-06,4.471573e-01,3.096112e+01,1.522240e+06,3.986012e-28,1.271435e-13,9.021021e-01,7.450581e+00,2.182129e+04,3.270410e+04,3.292480e+04,-2.166709e+02,1.061644e+01,4.898264e+01
Si II 1193,1.091262e-05,1.724414e-04,1.833559e-04,1193.508797,0.218797,3.862406e-02,6.107317e+10,4.800549e-06,4.471573e-01,5.165257e+01,2.343963e+06,2.029629e-28,9.936801e-14,1.387212e+00,7.450581e+00,2.182129e+04,3.270605e+04,3.292480e+04,-1.491678e+02,-5.570736e-01,6.447698e+01
Si II 1193,1.044989e-05,1.219680e-04,1.324192e-04,1193.448015,0.158015,1.716759e-01,2.378796e+11,5.120935e-06,4.471573e-01,3.649935e+01,2.667273e+06,3.204163e-28,1.785630e-13,2.289314e+00,7.450581e+00,2.182129e+04,3.270605e+04,3.292285e+04,-1.887747e+02,1.758165e+01,5.892919e+01
Si II 1193,9.686243e-06,1.105031e-04,1.201904e-04,1193.433422,0.143422,6.195331e-04,1.206545e+10,5.147425e-06,4.471573e-01,3.305276e+01,2.694939e+06,3.801321e-28,2.139646e-13,7.158820e-02,7.450581e+00,2.182129e+04,3.270605e+04,3.292090e+04,-2.018261e+02,2.634640e+01,6.061671e+01
Si II 1193,9.662364e-06,1.811904e-04,1.908545e-04,1193.517745,0.227745,3.888807e-04,7.265249e+09,4.936244e-06,4.471573e-01,5.426724e+01,2.478347e+06,3.315334e-28,1.716874e-13,1.477049e+00,7.450581e+00,2.182129e+04,3.270801e+04,3.292090e+04,-1.638804e+02,-2.285517e+00,6.690753e+01
Si II 1193,9.169667e-06,1.606424e-04,1.698136e-04,1193.492637,0.202637,3.305094e-02,5.496517e+10,5.339912e-06,4.471573e-01,4.809226e+01,2.900261e+06,4.739700e-28,2.867611e-13,7.406771e-01,7.450581e+00,2.181934e+04,3.270801e+04,3.292090e+04,-1.892352e+02,7.244079e+00,6.621667e+01
Si II 1193,8.922601e-06,1.158380e-04,1.247616e-04,1193.438877,0.148877,4.239583e-01,5.864975e+11,4.864796e-06,4.471573e-01,3.466057e+01,2.407122e+06,5.983350e-28,3.008011e-13,1.530389e+00,7.450581e+00,2.181934e+04,3.270801e+04,3.291895e+04,-1.880988e+02,2.721039e+01,6.263569e+01
Si II 1193,8.412112e-06,2.091759e-04,2.175897e-04,1193.549648,0.259648,1.089944e-01,1.505629e+11,4.539905e-06,4.471573e-01,6.262515e+01,2.096343e+06,8.844701e-28,3.877802e-13,7.589258e-01,7.450581e+00,2.181934e+04,3.270996e+04,3.291895e+04,-2.071895e+02,1.115579e+01,8.615474e+01
Si II 1193,8.158958e-06,1.457175e-04,1.538777e-04,1193.473621,0.183621,2.011497e-01,2.777538e+11,4.372548e-06,4.471573e-01,4.362784e+01,1.944635e+06,6.976090e-28,2.839730e-13,1.115132e+00,9.313226e-01,2.181982e+04,3.270947e+04,3.291748e+04,-1.718563e+02,1.734213e+01,6.665368e+01
Si II 1193,7.786985e-06,1.906034e-04,1.983919e-04,1193.526739,0.236739,1.945712e-04,3.254073e+09,4.418014e-06,4.471573e-01,5.708744e+01,1.985286e+06,6.703603e-28,2.787354e-13,2.952551e-02,9.313226e-01,2.181982e+04,3.271045e+04,3.291748e+04,-1.649089e+02,6.776973e-01,7.205253e+01
Si II 1193,7.777137e-06,1.628671e-04,1.706455e-04,1193.493630,0.203630,6.968922e-02,1.066015e+11,4.424912e-06,4.471573e-01,4.878833e+01,1.991490e+06,4.987736e-28,2.081358e-13,1.144657e+00,9.313226e-01,2.181982e+04,3.271045e+04,3.291650e+04,-1.397090e+02,-7.315555e+00,5.672070e+01
Si II 1193,7.395315e-06,1.369144e-04,1.443107e-04,1193.462205,0.172205,7.937910e-03,3.408757e+10,4.417836e-06,4.471573e-01,4.101556e+01,1.985126e+06,3.973039e-28,1.653592e-13,6.998747e-01,9.313226e-01,2.181982e+04,3.271045e+04,3.291553e+04,-1.266333e+02,-1.081796e+01,4.509615e+01
Si II 1193,7.161859e-06,1.665783e-04,1.737413e-04,1193.497324,0.207324,3.351556e-04,5.883966e+09,4.637987e-06,4.471573e-01,4.990881e+01,2.187903e+06,3.623915e-28,1.661508e-13,4.447825e-01,9.313226e-01,2.181982e+04,3.271143e+04,3.291553e+04,-1.232076e+02,-2.080643e+01,4.932117e+01
Si II 1193,7.013494e-06,1.303736e-04,1.373881e-04,1193.453944,0.163944,7.906640e-03,3.499208e+10,4.562522e-06,4.471573e-01,3.905686e+01,2.117283e+06,3.601851e-28,1.599252e-13,1.144657e+00,9.313226e-01,2.181982e+04,3.271143e+04,3.291455e+04,-1.226577e+02,-1.439070e+01,4.050420e+01
Si II 1193,6.631673e-06,8.837722e-05,9.500948e-05,1193.403374,0.113374,1.150652e-03,1.948930e+10,4.474663e-06,4.471573e-01,2.646671e+01,2.036525e+06,3.935304e-28,1.682042e-13,2.846178e-01,9.313226e-01,2.181982e+04,3.271143e+04,3.291357e+04,-1.255583e+02,-2.867476e+00,3.286831e+01
Si II 1193,6.536733e-06,1.092697e-04,1.158071e-04,1193.428191,0.138191,3.036788e-01,4.196930e+11,4.648526e-06,4.471573e-01,3.272699e+01,2.197857e+06,4.267546e-28,1.966334e-13,8.600395e-01,9.313226e-01,2.181982e+04,3.271240e+04,3.291357e+04,-1.315377e+02,-8.988417e+00,3.663886e+01
Si II 1193,6.249851e-06,7.079052e-05,7.704081e-05,1193.381932,0.091932,3.776744e-01,5.217749e+11,4.536740e-06,4.471573e-01,2.119180e+01,2.093422e+06,4.682409e-28,2.056355e-13,1.014018e+00,9.313226e-01,2.181982e+04,3.271240e+04,3.291260e+04,-1.319415e+02,3.919020e+00,3.101344e+01
Si II 1193,5.911607e-06,7.889794e-05,8.481001e-05,1193.391203,0.101203,1.460176e-01,2.017656e+11,4.591588e-06,4.471573e-01,2.361082e+01,2.144345e+06,5.819384e-28,2.613893e-13,1.306392e-01,9.313226e-01,2.181982e+04,3.271338e+04,3.291260e+04,-1.560002e+02,-2.177191e+00,3.081465e+01
Si II 1193,5.868030e-06,5.036918e-05,5.623751e-05,1193.357108,0.067108,8.686069e-01,1.199956e+12,4.513070e-06,4.471573e-01,1.506609e+01,2.071635e+06,5.710453e-28,2.478810e-13,1.144657e+00,9.313226e-01,2.181982e+04,3.271338e+04,3.291162e+04,-1.397210e+02,1.206430e+01,2.903128e+01
Si II 1193,5.486209e-06,1.938800e-05,2.487432e-05,1193.319682,0.029682,1.961621e-01,2.710935e+11,4.613387e-06,4.471573e-01,5.787223e+00,2.164755e+06,5.508737e-28,2.496033e-13,5.987610e-01,9.313226e-01,2.181982e+04,3.271338e+04,3.291064e+04,-1.157860e+02,2.965485e+01,2.821364e+01
Si II 1193,5.286481e-06,4.397789e-05,4.926460e-05,1193.348787,0.058787,3.226750e-01,4.458038e+11,4.535961e-06,4.471573e-01,1.315266e+01,2.092702e+06,5.891048e-28,2.579429e-13,5.458962e-01,9.313226e-01,2.181982e+04,3.271436e+04,3.291064e+04,-1.323721e+02,2.027843e+01,3.159505e+01
Si II 1193,5.104387e-06,1.051429e-05,1.561873e-05,1193.308638,0.018638,1.768777e-01,2.446059e+11,4.775278e-06,4.471573e-01,3.129544e+00,2.319350e+06,5.663923e-28,2.745333e-13,1.144657e+00,9.313226e-01,2.181982e+04,3.271436e+04,3.290967e+04,-1.076491e+02,3.424804e+01,2.767085e+01
Si II 1193,4.722566e-06,-3.658521e-05,-3.186282e-05,1193.251978,-0.038022,7.225222e-04,1.380719e+10,5.049193e-06,4.471573e-01,-1.098625e+01,2.593062e+06,5.904052e-28,3.195850e-13,1.835040e-01,9.313226e-01,2.181982e+04,3.271436e+04,3.290869e+04,-9.271014e+01,4.538018e+01,1.749671e+01
Si II 1193,4.661355e-06,-1.050459e-05,-5.843289e-06,1193.283027,-0.006973,1.705540e-01,2.360662e+11,4.938462e-06,4.471573e-01,-3.171529e+00,2.480575e+06,5.968240e-28,3.090513e-13,9.611532e-01,9.313226e-01,2.181982e+04,3.271533e+04,3.290869e+04,-1.055840e+02,4.070654e+01,2.417080e+01
Si II 1193,4.340745e-06,-8.608947e-05,-8.174910e-05,1193.192450,-0.097550,3.811425e-01,5.277270e+11,4.982590e-06,4.471573e-01,-2.583092e+01,2.525104e+06,6.947403e-28,3.659954e-13,9.129043e-01,9.313226e-01,2.181982e+04,3.271533e+04,3.290771e+04,-1.018524e+02,5.255225e+01,4.739415e+00
Si II 1193,4.036229e-06,-9.199273e-05,-8.795687e-05,1193.185042,-0.104958,1.706412e-01,2.358917e+11,4.665749e-06,4.471573e-01,-2.761143e+01,2.214173e+06,7.937637e-28,3.668504e-13,2.317529e-01,9.313226e-01,2.181982e+04,3.271631e+04,3.290771e+04,-1.261644e+02,6.024034e+01,8.044794e+00
Si II 1193,3.958923e-06,-1.761757e-04,-1.722175e-04,1193.084495,-0.205505,1.323429e+00,1.829534e+12,4.650908e-06,4.471573e-01,-5.285750e+01,2.200110e+06,9.919244e-28,4.556982e-13,1.144657e+00,9.313226e-01,2.181982e+04,3.271631e+04,3.290674e+04,-1.414977e+02,6.702083e+01,-1.696609e+01
Si II 1193,3.577102e-06,-2.246392e-04,-2.210629e-04,1193.026208,-0.263792,8.883901e-01,1.227987e+12,4.605848e-06,4.471573e-01,-6.739975e+01,2.157685e+06,1.216883e-27,5.490782e-13,4.976473e-01,1.164153e-01,2.182007e+04,3.271655e+04,3.290601e+04,-1.622977e+02,7.478928e+01,-2.867065e+01
Si II 1193,3.411102e-06,-2.053267e-04,-2.019163e-04,1193.049055,-0.240945,1.211891e-01,1.674657e+11,4.517616e-06,4.471573e-01,-6.161448e+01,2.075810e+06,1.254100e-27,5.449253e-13,7.468130e-02,1.164153e-01,2.182007e+04,3.271704e+04,3.290601e+04,-1.728091e+02,7.064371e+01,-2.412047e+01
Si II 1193,3.386191e-06,-2.075540e-04,-2.041685e-04,1193.046368,-0.243632,8.623874e-01,1.192160e+12,4.637332e-06,4.471573e-01,-6.227977e+01,2.187284e+06,1.270621e-27,5.820688e-13,5.723286e-01,1.164153e-01,2.182007e+04,3.271704e+04,3.290552e+04,-1.705719e+02,6.329572e+01,-2.945247e+01
Si II 1193,3.195280e-06,-1.937697e-04,-1.905751e-04,1193.062589,-0.227411,3.328061e-01,4.601894e+11,4.706204e-06,4.471573e-01,-5.813909e+01,2.252736e+06,1.221737e-27,5.766570e-13,2.900188e-01,1.164153e-01,2.182007e+04,3.271704e+04,3.290503e+04,-1.591287e+02,5.171732e+01,-3.199889e+01
Si II 1193,3.098539e-06,-1.679148e-04,-1.648168e-04,1193.093326,-0.196674,2.711808e-01,3.748874e+11,4.653488e-06,4.471573e-01,-5.038983e+01,2.202551e+06,1.232390e-27,5.691506e-13,2.823098e-01,1.164153e-01,2.182007e+04,3.271753e+04,3.290503e+04,-1.656315e+02,4.416096e+01,-2.734481e+01
Si II 1193,3.004370e-06,-1.577789e-04,-1.547750e-04,1193.105309,-0.184691,3.546311e-01,4.902842e+11,4.673839e-06,4.471573e-01,-4.734237e+01,2.221859e+06,1.169988e-27,5.450873e-13,5.723286e-01,1.164153e-01,2.182007e+04,3.271753e+04,3.290454e+04,-1.510036e+02,3.290654e+01,-3.106598e+01
Si II 1193,2.813459e-06,-1.438026e-04,-1.409895e-04,1193.121759,-0.168241,1.573120e-02,3.869079e+10,4.728844e-06,4.471573e-01,-4.314467e+01,2.274463e+06,1.129136e-27,5.383008e-13,8.239033e-02,1.164153e-01,2.182007e+04,3.271753e+04,3.290405e+04,-1.364786e+02,2.483251e+01,-3.149343e+01
Si II 1193,2.785976e-06,-1.248876e-04,-1.221020e-04,1193.144297,-0.145703,3.024492e-01,4.180340e+11,4.613614e-06,4.471573e-01,-3.747730e+01,2.164968e+06,1.180733e-27,5.358746e-13,4.899383e-01,1.164153e-01,2.182007e+04,3.271802e+04,3.290405e+04,-1.448906e+02,1.964549e+01,-2.777772e+01
Si II 1193,2.622548e-06,-1.240978e-04,-1.214756e-04,1193.145044,-0.144956,1.579052e-01,2.182570e+11,4.621917e-06,4.471573e-01,-3.723430e+01,2.172768e+06,1.154152e-27,5.253027e-13,3.485291e-01,1.164153e-01,2.182007e+04,3.271802e+04,3.290356e+04,-1.313751e+02,1.745590e+01,-2.921750e+01
Si II 1193,2.506290e-06,-1.167415e-04,-1.142355e-04,1193.153684,-0.136316,1.880120e-03,3.202544e+10,4.500357e-06,4.471573e-01,-3.502854e+01,2.059980e+06,1.109214e-27,4.787829e-13,9.856138e-02,1.164153e-01,2.181958e+04,3.271802e+04,3.290356e+04,-1.301001e+02,3.621242e+00,-3.511868e+01
Si II 1193,2.473413e-06,-9.343738e-05,-9.096420e-05,1193.181453,-0.108547,2.733756e-01,3.774632e+11,4.210582e-06,4.471573e-01,-2.804592e+01,1.803238e+06,1.386828e-27,5.239832e-13,1.252382e-01,1.164153e-01,2.181958e+04,3.271851e+04,3.290356e+04,-1.400048e+02,-3.423723e-01,-2.907131e+01
Si II 1193,2.431638e-06,-1.034798e-04,-1.010485e-04,1193.169420,-0.120580,1.038210e+00,1.433544e+12,4.217975e-06,4.471573e-01,-3.105151e+01,1.809577e+06,1.257981e-27,4.766624e-13,5.723286e-01,1.164153e-01,2.181958e+04,3.271851e+04,3.290308e+04,-1.280960e+02,1.884822e+00,-3.157510e+01
Si II 1193,2.240727e-06,-1.181926e-04,-1.159521e-04,1193.151635,-0.138365,8.170756e-01,1.128243e+12,4.232145e-06,4.471573e-01,-3.546202e+01,1.821755e+06,1.444430e-27,5.508538e-13,2.394620e-01,1.164153e-01,2.181958e+04,3.271851e+04,3.290259e+04,-1.265470e+02,5.117945e+00,-3.481440e+01
Si II 1193,2.160850e-06,-8.937829e-05,-8.721763e-05,1193.185924,-0.104076,4.730196e+00,6.528495e+12,3.761644e-06,4.471573e-01,-2.683164e+01,1.439211e+06,2.495962e-27,7.517961e-13,3.328666e-01,1.164153e-01,2.181958e+04,3.271899e+04,3.290259e+04,-1.460139e+02,1.787163e+00,-2.617515e+01
Si II 1193,2.049816e-06,-1.118659e-04,-1.098163e-04,1193.158957,-0.131043,1.160151e+01,1.601445e+13,3.961606e-06,4.471573e-01,-3.359265e+01,1.596289e+06,4.223579e-27,1.412129e-12,5.723286e-01,1.164153e-01,2.181958e+04,3.271899e+04,3.290210e+04,-1.806376e+02,4.619947e+00,-3.137770e+01
Si II 1193,1.858906e-06,-1.294196e-04,-1.275609e-04,1193.137783,-0.152217,6.796112e-01,9.382828e+11,4.117211e-06,4.471573e-01,-3.887704e+01,1.724150e+06,6.186148e-27,2.236016e-12,3.183348e-02,1.164153e-01,2.181958e+04,3.271899e+04,3.290161e+04,-2.135251e+02,1.102831e+01,-3.271526e+01
Si II 1193,1.848287e-06,-1.005895e-04,-9.874143e-05,1193.172173,-0.117827,2.168600e+01,2.993122e+13,3.790502e-06,4.471573e-01,-3.028701e+01,1.461377e+06,1.022845e-26,3.133971e-12,5.404951e-01,1.164153e-01,2.181958e+04,3.271948e+04,3.290161e+04,-2.793165e+02,1.189985e+01,-2.022934e+01
Si II 1193,1.667995e-06,-1.155950e-04,-1.139272e-04,1193.154052,-0.135948,1.882378e+01,2.597523e+13,4.007414e-06,4.471573e-01,-3.482329e+01,1.633418e+06,1.381668e-26,4.735919e-12,3.965336e-01,1.164153e-01,2.181958e+04,3.271948e+04,3.290112e+04,-3.168218e+02,2.230300e+01,-1.811774e+01
Si II 1193,1.535724e-06,-7.616362e-05,-7.462802e-05,1193.200947,-0.089053,1.087247e+01,1.500597e+13,3.794096e-06,4.471573e-01,-2.304175e+01,1.464150e+06,1.673404e-26,5.143888e-12,1.757950e-01,1.164153e-01,2.181958e+04,3.271997e+04,3.290112e+04,-3.529220e+02,2.080251e+01,-4.190440e+00
Si II 1193,1.477084e-06,-9.405603e-05,-9.257908e-05,1193.179526,-0.110474,5.562065e+01,7.675016e+13,3.977956e-06,4.471573e-01,-2.845652e+01,1.609492e+06,2.205672e-26,7.455388e-12,5.723286e-01,1.164153e-01,2.181958e+04,3.271997e+04,3.290063e+04,-3.925469e+02,3.678037e+01,3.571616e-01
Si II 1193,1.286174e-06,-8.393309e-05,-8.264702e-05,1193.191378,-0.098622,1.894504e+01,2.614174e+13,3.988513e-06,4.471573e-01,-2.535437e+01,1.618047e+06,1.760984e-26,5.986699e-12,1.889051e-01,1.164153e-01,2.181958e+04,3.271997e+04,3.290015e+04,-3.376460e+02,3.230467e+01,-3.133898e-01
Si II 1193,1.223161e-06,-7.436575e-05,-7.314268e-05,1193.202720,-0.087280,3.713893e+01,5.124650e+13,3.962693e-06,4.471573e-01,-2.245614e+01,1.597165e+06,1.554767e-26,5.218162e-12,3.834235e-01,1.164153e-01,2.181958e+04,3.272046e+04,3.290015e+04,-3.099045e+02,3.165640e+01,1.892945e+00
Si II 1193,1.095263e-06,-7.601233e-05,-7.491715e-05,1193.200602,-0.089398,3.521601e+01,4.859323e+13,4.069834e-06,4.471573e-01,-2.286737e+01,1.684699e+06,7.076302e-27,2.503513e-12,5.536052e-01,1.164153e-01,2.181958e+04,3.272046e+04,3.289966e+04,-2.166447e+02,2.605340e+01,-4.683297e+00
Si II 1193,9.105979e-07,-4.923478e-05,-4.832423e-05,1193.232335,-0.057665,5.134591e-01,7.087619e+11,4.024802e-06,4.471573e-01,-1.481190e+01,1.647623e+06,3.876531e-27,1.341835e-12,1.872338e-02,1.164153e-01,2.181958e+04,3.272095e+04,3.289966e+04,-1.749149e+02,1.984374e+01,-2.296350e-01
Si II 1193,9.043523e-07,-7.364238e-05,-7.273809e-05,1193.203202,-0.086798,7.865654e+00,1.085350e+13,4.242855e-06,4.471573e-01,-2.211643e+01,1.830987e+06,1.991698e-27,7.657521e-13,5.723286e-01,1.164153e-01,2.181958e+04,3.272095e+04,3.289917e+04,-1.509437e+02,2.346981e+01,-7.263519e+00
Si II 1193,7.134417e-07,-9.774594e-05,-9.703256e-05,1193.174212,-0.115788,3.561445e+00,4.919208e+12,4.393390e-06,4.471573e-01,-2.934141e+01,1.963217e+06,1.827245e-27,7.527670e-13,3.459767e-01,1.164153e-01,2.181958e+04,3.272095e+04,3.289868e+04,-1.478994e+02,2.540602e+01,-1.463672e+01
Si II 1193,5.980348e-07,-8.320603e-05,-8.260804e-05,1193.191425,-0.098575,3.009543e-01,4.155951e+11,4.288960e-06,4.471573e-01,-2.497652e+01,1.870996e+06,1.303316e-27,5.119420e-13,2.263519e-01,1.164153e-01,2.181958e+04,3.272144e+04,3.289868e+04,-1.358226e+02,2.500001e+01,-1.011451e+01
Si II 1193,5.225310e-07,-1.030384e-04,-1.025159e-04,1193.167669,-0.122331,8.903083e-01,1.229851e+12,4.430276e-06,4.471573e-01,-3.092234e+01,1.996322e+06,1.288046e-27,5.396595e-13,5.723286e-01,1.164153e-01,2.181958e+04,3.272144e+04,3.289819e+04,-1.354161e+02,2.668368e+01,-1.606705e+01
Si II 1193,3.316203e-07,-1.064980e-04,-1.061664e-04,1193.163313,-0.126687,1.350582e-01,1.865924e+11,4.482925e-06,4.471573e-01,-3.195866e+01,2.044052e+06,1.233149e-27,5.288906e-13,1.383483e-01,1.164153e-01,2.181958e+04,3.272144e+04,3.289771e+04,-1.334962e+02,2.583336e+01,-1.785613e+01
Si II 1193,2.854717e-07,-9.535141e-05,-9.506597e-05,1193.176559,-0.113441,1.259448e-03,2.091988e+10,4.387928e-06,4.471573e-01,-2.861268e+01,1.958340e+06,1.068816e-27,4.392516e-13,4.339804e-01,1.164153e-01,2.181958e+04,3.272192e+04,3.289771e+04,-1.241742e+02,2.348861e+01,-1.563343e+01
Si II 1193,1.407096e-07,-8.788156e-05,-8.774086e-05,1193.185300,-0.104700,1.391574e-04,2.310929e+09,4.387486e-06,4.471573e-01,-2.637240e+01,1.957945e+06,1.050875e-27,4.316253e-13,4.192521e-01,1.164153e-01,2.181958e+04,3.272192e+04,3.289722e+04,-1.225077e+02,2.227624e+01,-1.379580e+01
Si III 1206,1.369085e-05,8.226408e-05,9.595606e-05,1206.615771,0.115771,3.556222e-01,1.693253e+11,3.427313e-06,5.493844e-01,2.456447e+01,1.194748e+06,3.921228e-28,9.839661e-14,5.587940e-01,7.450581e+00,2.182129e+04,3.270020e+04,3.293262e+04,-2.337463e+02,3.103648e+01,5.444653e+01
Si III 1206,1.350446e-05,1.005697e-04,1.140755e-04,1206.637632,0.137632,3.727045e-01,1.774513e+11,3.064927e-06,5.493844e-01,2.994760e+01,9.554527e+05,8.547340e-28,1.718325e-13,2.738156e-01,7.450581e+00,2.182129e+04,3.270020e+04,3.293066e+04,-3.413062e+02,2.984263e+01,6.310874e+01
Si III 1206,1.341312e-05,1.633166e-04,1.767319e-04,1206.713227,0.213227,3.602228e-02,1.769491e+10,3.350101e-06,5.493844e-01,4.885836e+01,1.141523e+06,4.678516e-28,1.119011e-13,2.015499e+00,7.450581e+00,2.182129e+04,3.270215e+04,3.293066e+04,-2.382300e+02,8.141556e+00,6.906655e+01
Si III 1206,1.274081e-05,1.556484e-04,1.683912e-04,1206.703164,0.203164,1.872813e-02,1.219136e+10,3.272517e-06,5.493844e-01,4.653116e+01,1.089263e+06,5.774979e-28,1.318462e-13,1.732616e+00,7.450581e+00,2.182129e+04,3.270215e+04,3.292871e+04,-2.722828e+02,6.339885e+00,6.621396e+01
Si III 1206,1.216287e-05,1.641152e-04,1.762801e-04,1206.712682,0.212682,1.181269e-01,5.624701e+10,3.805248e-06,5.493844e-01,4.911668e+01,1.472770e+06,3.524099e-28,1.081534e-13,5.566983e-01,7.450581e+00,2.182129e+04,3.270410e+04,3.292871e+04,-2.140567e+02,4.466008e+00,6.643176e+01
Si III 1206,1.197717e-05,1.367445e-04,1.487233e-04,1206.679435,0.179435,4.915642e-01,2.340462e+11,3.559868e-06,5.493844e-01,4.092445e+01,1.288952e+06,3.308801e-28,8.915497e-14,2.289314e+00,7.450581e+00,2.182129e+04,3.270410e+04,3.292676e+04,-1.979669e+02,2.957533e+00,5.544707e+01
Si III 1206,1.121353e-05,1.035504e-04,1.147651e-04,1206.638464,0.138464,7.511762e-01,3.577152e+11,3.868629e-06,5.493844e-01,3.096112e+01,1.522240e+06,3.986012e-28,1.271435e-13,9.021021e-01,7.450581e+00,2.182129e+04,3.270410e+04,3.292480e+04,-2.166709e+02,1.061644e+01,4.898264e+01
Si III 1206,1.091262e-05,1.724414e-04,1.833559e-04,1206.721219,0.221219,3.718626e-01,1.774949e+11,4.800549e-06,5.493844e-01,5.165257e+01,2.343963e+06,2.029629e-28,9.936801e-14,1.387212e+00,7.450581e+00,2.182129e+04,3.270605e+04,3.292480e+04,-1.491678e+02,-5.570736e-01,6.447698e+01
Si III 1206,1.044989e-05,1.219680e-04,1.324192e-04,1206.659764,0.159764,1.060954e+00,5.075241e+11,5.120935e-06,5.493844e-01,3.649935e+01,2.667273e+06,3.204163e-28,1.785630e-13,2.289314e+00,7.450581e+00,2.182129e+04,3.270605e+04,3.292285e+04,-1.887747e+02,1.758165e+01,5.892919e+01
Si III 1206,9.686243e-06,1.105031e-04,1.201904e-04,1206.645010,0.145010,3.943607e-02,2.233705e+10,5.147425e-06,5.493844e-01,3.305276e+01,2.694939e+06,3.801321e-28,2.139646e-13,7.158820e-02,7.450581e+00,2.182129e+04,3.270605e+04,3.292090e+04,-2.018261e+02,2.634640e+01,6.061671e+01
Si III 1206,9.662364e-06,1.811904e-04,1.908545e-04,1206.730266,0.230266,1.085755e-01,5.186598e+10,4.936244e-06,5.493844e-01,5.426724e+01,2.478347e+06,3.315334e-28,1.716874e-13,1.477049e+00,7.450581e+00,2.182129e+04,3.270801e+04,3.292090e+04,-1.638804e+02,-2.285517e+00,6.690753e+01
Si III 1206,9.169667e-06,1.606424e-04,1.698136e-04,1206.704880,0.204880,4.431577e-01,2.124024e+11,5.339912e-06,5.493844e-01,4.809226e+01,2.900261e+06,4.739700e-28,2.867611e-13,7.406771e-01,7.450581e+00,2.181934e+04,3.270801e+04,3.292090e+04,-1.892352e+02,7.244079e+00,6.621667e+01
Si III 1206,8.922601e-06,1.158380e-04,1.247616e-04,1206.650525,0.150525,4.335945e+00,2.064183e+12,4.864796e-06,5.493844e-01,3.466057e+01,2.407122e+06,5.983350e-28,3.008011e-13,1.530389e+00,7.450581e+00,2.181934e+04,3.270801e+04,3.291895e+04,-1.880988e+02,2.721039e+01,6.263569e+01
Si III 1206,8.412112e-06,2.091759e-04,2.175897e-04,1206.762522,0.262522,1.154634e+00,5.504737e+11,4.539905e-06,5.493844e-01,6.262515e+01,2.096343e+06,8.844701e-28,3.877802e-13,7.589258e-01,7.450581e+00,2.181934e+04,3.270996e+04,3.291895e+04,-2.071895e+02,1.115579e+01,8.615474e+01
Si III 1206,8.158958e-06,1.457175e-04,1.538777e-04,1206.685653,0.185653,2.257006e+00,1.075560e+12,4.372548e-06,5.493844e-01,4.362784e+01,1.944635e+06,6.976090e-28,2.839730e-13,1.115132e+00,9.313226e-01,2.181982e+04,3.270947e+04,3.291748e+04,-1.718563e+02,1.734213e+01,6.665368e+01
Si III 1206,7.786985e-06,1.906034e-04,1.983919e-04,1206.739360,0.239360,1.588464e-02,1.288045e+10,4.418014e-06,5.493844e-01,5.708744e+01,1.985286e+06,6.703603e-28,2.787354e-13,2.952551e-02,9.313226e-01,2.181982e+04,3.271045e+04,3.291748e+04,-1.649089e+02,6.776973e-01,7.205253e+01
Si III 1206,7.777137e-06,1.628671e-04,1.706455e-04,1206.705884,0.205884,9.026428e-01,4.302004e+11,4.424912e-06,5.493844e-01,4.878833e+01,1.991490e+06,4.987736e-28,2.081358e-13,1.144657e+00,9.313226e-01,2.181982e+04,3.271045e+04,3.291650e+04,-1.397090e+02,-7.315555e+00,5.672070e+01
Si III 1206,7.395315e-06,1.369144e-04,1.443107e-04,1206.674111,0.174111,2.899633e-01,1.381976e+11,4.417836e-06,5.493844e-01,4.101556e+01,1.985126e+06,3.973039e-28,1.653592e-13,6.998747e-01,9.313226e-01,2.181982e+04,3.271045e+04,3.291553e+04,-1.266333e+02,-1.081796e+01,4.509615e+01
Si III 1206,7.161859e-06,1.665783e-04,1.737413e-04,1206.709619,0.209619,3.936303e-02,2.126709e+10,4.637987e-06,5.493844e-01,4.990881e+01,2.187903e+06,3.623915e-28,1.661508e-13,4.447825e-01,9.313226e-01,2.181982e+04,3.271143e+04,3.291553e+04,-1.232076e+02,-2.080643e+01,4.932117e+01
Si III 1206,7.013494e-06,1.303736e-04,1.373881e-04,1206.665759,0.165759,1.738830e-01,8.291184e+10,4.562522e-06,5.493844e-01,3.905686e+01,2.117283e+06,3.601851e-28,1.599252e-13,1.144657e+00,9.313226e-01,2.181982e+04,3.271143e+04,3.291455e+04,-1.226577e+02,-1.439070e+01,4.050420e+01
Si III 1206,6.631673e-06,8.837722e-05,9.500948e-05,1206.614629,0.114629,9.517412e-02,4.537004e+10,4.474663e-06,5.493844e-01,2.646671e+01,2.036525e+06,3.935304e-28,1.682042e-13,2.846178e-01,9.313226e-01,2.181982e+04,3.271143e+04,3.291357e+04,-1.255583e+02,-2.867476e+00,3.286831e+01
Si III 1206,6.536733e-06,1.092697e-04,1.158071e-04,1206.639721,0.139721,2.043264e+00,9.746461e+11,4.648526e-06,5.493844e-01,3.272699e+01,2.197857e+06,4.267546e-28,1.966334e-13,8.600395e-01,9.313226e-01,2.181982e+04,3.271240e+04,3.291357e+04,-1.315377e+02,-8.988417e+00,3.663886e+01
Si III 1206,6.249851e-06,7.079052e-05,7.704081e-05,1206.592950,0.092950,2.551311e+00,1.216494e+12,4.536740e-06,5.493844e-01,2.119180e+01,2.093422e+06,4.682409e-28,2.056355e-13,1.014018e+00,9.313226e-01,2.181982e+04,3.271240e+04,3.291260e+04,-1.319415e+02,3.919020e+00,3.101344e+01
Si III 1206,5.911607e-06,7.889794e-05,8.481001e-05,1206.602323,0.102323,9.848096e-01,4.696593e+11,4.591588e-06,5.493844e-01,2.361082e+01,2.144345e+06,5.819384e-28,2.613893e-13,1.306392e-01,9.313226e-01,2.181982e+04,3.271338e+04,3.291260e+04,-1.560002e+02,-2.177191e+00,3.081465e+01
Si III 1206,5.868030e-06,5.036918e-05,5.623751e-05,1206.567851,0.067851,5.890563e+00,2.804470e+12,4.513070e-06,5.493844e-01,1.506609e+01,2.071635e+06,5.710453e-28,2.478810e-13,1.144657e+00,9.313226e-01,2.181982e+04,3.271338e+04,3.291162e+04,-1.397210e+02,1.206430e+01,2.903128e+01
Si III 1206,5.486209e-06,1.938800e-05,2.487432e-05,1206.530011,0.030011,1.336319e+00,6.373963e+11,4.613387e-06,5.493844e-01,5.787223e+00,2.164755e+06,5.508737e-28,2.496033e-13,5.987610e-01,9.313226e-01,2.181982e+04,3.271338e+04,3.291064e+04,-1.157860e+02,2.965485e+01,2.821364e+01
Si III 1206,5.286481e-06,4.397789e-05,4.926460e-05,1206.559438,0.059438,2.191500e+00,1.044972e+12,4.535961e-06,5.493844e-01,1.315266e+01,2.092702e+06,5.891048e-28,2.579429e-13,5.458962e-01,9.313226e-01,2.181982e+04,3.271436e+04,3.291064e+04,-1.323721e+02,2.027843e+01,3.159505e+01
Si III 1206,5.104387e-06,1.051429e-05,1.561873e-05,1206.518844,0.018844,1.213049e+00,5.790234e+11,4.775278e-06,5.493844e-01,3.129544e+00,2.319350e+06,5.663923e-28,2.745333e-13,1.144657e+00,9.313226e-01,2.181982e+04,3.271436e+04,3.290967e+04,-1.076491e+02,3.424804e+01,2.767085e+01
Si III 1206,4.722566e-06,-3.658521e-05,-3.186282e-05,1206.461558,-0.038442,7.210982e-02,3.448040e+10,5.049193e-06,5.493844e-01,-1.098625e+01,2.593062e+06,5.904052e-28,3.195850e-13,1.835040e-01,9.313226e-01,2.181982e+04,3.271436e+04,3.290869e+04,-9.271014e+01,4.538018e+01,1.749671e+01
Si III 1206,4.661355e-06,-1.050459e-05,-5.843289e-06,1206.492950,-0.007050,1.226832e+00,5.861574e+11,4.938462e-06,5.493844e-01,-3.171529e+00,2.480575e+06,5.968240e-28,3.090513e-13,9.611532e-01,9.313226e-01,2.181982e+04,3.271533e+04,3.290869e+04,-1.055840e+02,4.070654e+01,2.417080e+01
Si III 1206,4.340745e-06,-8.608947e-05,-8.174910e-05,1206.401370,-0.098630,2.769788e+00,1.318866e+12,4.982590e-06,5.493844e-01,-2.583092e+01,2.525104e+06,6.947403e-28,3.659954e-13,9.129043e-01,9.313226e-01,2.181982e+04,3.271533e+04,3.290771e+04,-1.018524e+02,5.255225e+01,4.739415e+00
Si III 1206,4.036229e-06,-9.199273e-05,-8.795687e-05,1206.393880,-0.106120,1.226328e+00,5.851118e+11,4.665749e-06,5.493844e-01,-2.761143e+01,2.214173e+06,7.937637e-28,3.668504e-13,2.317529e-01,9.313226e-01,2.181982e+04,3.271631e+04,3.290771e+04,-1.261644e+02,6.024034e+01,8.044794e+00
Si III 1206,3.958923e-06,-1.761757e-04,-1.722175e-04,1206.292220,-0.207780,8.430045e+00,4.014423e+12,4.650908e-06,5.493844e-01,-5.285750e+01,2.200110e+06,9.919244e-28,4.556982e-13,1.144657e+00,9.313226e-01,2.181982e+04,3.271631e+04,3.290674e+04,-1.414977e+02,6.702083e+01,-1.696609e+01
Si III 1206,3.577102e-06,-2.246392e-04,-2.210629e-04,1206.233288,-0.266712,4.372401e+00,2.082257e+12,4.605848e-06,5.493844e-01,-6.739975e+01,2.157685e+06,1.216883e-27,5.490782e-13,4.976473e-01,1.164153e-01,2.182007e+04,3.271655e+04,3.290601e+04,-1.622977e+02,7.478928e+01,-2.867065e+01
Si III 1206,3.411102e-06,-2.053267e-04,-2.019163e-04,1206.256388,-0.243612,6.128754e-01,2.922871e+11,4.517616e-06,5.493844e-01,-6.161448e+01,2.075810e+06,1.254100e-27,5.449253e-13,7.468130e-02,1.164153e-01,2.182007e+04,3.271704e+04,3.290601e+04,-1.728091e+02,7.064371e+01,-2.412047e+01
Si III 1206,3.386191e-06,-2.075540e-04,-2.041685e-04,1206.253671,-0.246329,3.952503e+00,1.882258e+12,4.637332e-06,5.493844e-01,-6.227977e+01,2.187284e+06,1.270621e-27,5.820688e-13,5.723286e-01,1.164153e-01,2.182007e+04,3.271704e+04,3.290552e+04,-1.705719e+02,6.329572e+01,-2.945247e+01
Si III 1206,3.195280e-06,-1.937697e-04,-1.905751e-04,1206.270071,-0.229929,1.405974e+00,6.710279e+11,4.706204e-06,5.493844e-01,-5.813909e+01,2.252736e+06,1.221737e-27,5.766570e-13,2.900188e-01,1.164153e-01,2.182007e+04,3.271704e+04,3.290503e+04,-1.591287e+02,5.171732e+01,-3.199889e+01
Si III 1206,3.098539e-06,-1.679148e-04,-1.648168e-04,1206.301149,-0.198851,1.184681e+00,5.652610e+11,4.653488e-06,5.493844e-01,-5.038983e+01,2.202551e+06,1.232390e-27,5.691506e-13,2.823098e-01,1.164153e-01,2.182007e+04,3.271753e+04,3.290503e+04,-1.656315e+02,4.416096e+01,-2.734481e+01
Si III 1206,3.004370e-06,-1.577789e-04,-1.547750e-04,1206.313264,-0.186736,1.426766e+00,6.808148e+11,4.673839e-06,5.493844e-01,-4.734237e+01,2.221859e+06,1.169988e-27,5.450873e-13,5.723286e-01,1.164153e-01,2.182007e+04,3.271753e+04,3.290454e+04,-1.510036e+02,3.290654e+01,-3.106598e+01
Si III 1206,2.813459e-06,-1.438026e-04,-1.409895e-04,1206.329896,-0.170104,9.485929e-02,4.527607e+10,4.728844e-06,5.493844e-01,-4.314467e+01,2.274463e+06,1.129136e-27,5.383008e-13,8.239033e-02,1.164153e-01,2.182007e+04,3.271753e+04,3.290405e+04,-1.364786e+02,2.483251e+01,-3.149343e+01
Si III 1206,2.785976e-06,-1.248876e-04,-1.221020e-04,1206.352684,-0.147316,7.738157e-01,3.691414e+11,4.613614e-06,5.493844e-01,-3.747730e+01,2.164968e+06,1.180733e-27,5.358746e-13,4.899383e-01,1.164153e-01,2.182007e+04,3.271802e+04,3.290405e+04,-1.448906e+02,1.964549e+01,-2.777772e+01
Si III 1206,2.622548e-06,-1.240978e-04,-1.214756e-04,1206.353440,-0.146560,2.860554e-01,1.364641e+11,4.621917e-06,5.493844e-01,-3.723430e+01,2.172768e+06,1.154152e-27,5.253027e-13,3.485291e-01,1.164153e-01,2.182007e+04,3.271802e+04,3.290356e+04,-1.313751e+02,1.745590e+01,-2.921750e+01
Si III 1206,2.506290e-06,-1.167415e-04,-1.142355e-04,1206.362175,-0.137825,1.711955e-03,1.017655e+10,4.500357e-06,5.493844e-01,-3.502854e+01,2.059980e+06,1.109214e-27,4.787829e-13,9.856138e-02,1.164153e-01,2.181958e+04,3.271802e+04,3.290356e+04,-1.301001e+02,3.621242e+00,-3.511868e+01
Si III 1206,2.473413e-06,-9.343738e-05,-9.096420e-05,1206.390252,-0.109748,2.072180e-01,9.873917e+10,4.210582e-06,5.493844e-01,-2.804592e+01,1.803238e+06,1.386828e-27,5.239832e-13,1.252382e-01,1.164153e-01,2.181958e+04,3.271851e+04,3.290356e+04,-1.400048e+02,-3.423723e-01,-2.907131e+01
Si III 1206,2.431638e-06,-1.034798e-04,-1.010485e-04,1206.378085,-0.121915,7.347598e-01,3.501187e+11,4.217975e-06,5.493844e-01,-3.105151e+01,1.809577e+06,1.257981e-27,4.766624e-13,5.723286e-01,1.164153e-01,2.181958e+04,3.271851e+04,3.290308e+04,-1.280960e+02,1.884822e+00,-3.157510e+01
Si III 1206,2.240727e-06,-1.181926e-04,-1.159521e-04,1206.360104,-0.139896,5.140940e-01,2.449812e+11,4.232145e-06,5.493844e-01,-3.546202e+01,1.821755e+06,1.444430e-27,5.508538e-13,2.394620e-01,1.164153e-01,2.181958e+04,3.271851e+04,3.290259e+04,-1.265470e+02,5.117945e+00,-3.481440e+01
Si III 1206,2.160850e-06,-8.937829e-05,-8.721763e-05,1206.394772,-0.105228,2.823507e+00,1.344755e+12,3.761644e-06,5.493844e-01,-2.683164e+01,1.439211e+06,2.495962e-27,7.517961e-13,3.328666e-01,1.164153e-01,2.181958e+04,3.271899e+04,3.290259e+04,-1.460139e+02,1.787163e+00,-2.617515e+01
Si III 1206,2.049816e-06,-1.118659e-04,-1.098163e-04,1206.367507,-0.132493,6.322812e+00,3.011865e+12,3.961606e-06,5.493844e-01,-3.359265e+01,1.596289e+06,4.223579e-27,1.412129e-12,5.723286e-01,1.164153e-01,2.181958e+04,3.271899e+04,3.290210e+04,-1.806376e+02,4.619947e+00,-3.137770e+01
Si III 1206,1.858906e-06,-1.294196e-04,-1.275609e-04,1206.346098,-0.153902,3.334453e-01,1.588674e+11,4.117211e-06,5.493844e-01,-3.887704e+01,1.724150e+06,6.186148e-27,2.236016e-12,3.183348e-02,1.164153e-01,2.181958e+04,3.271899e+04,3.290161e+04,-2.135251e+02,1.102831e+01,-3.271526e+01
Si III 1206,1.848287e-06,-1.005895e-04,-9.874143e-05,1206.380868,-0.119132,1.047651e+01,4.989806e+12,3.790502e-06,5.493844e-01,-3.028701e+01,1.461377e+06,1.022845e-26,3.133971e-12,5.404951e-01,1.164153e-01,2.181958e+04,3.271948e+04,3.290161e+04,-2.793165e+02,1.189985e+01,-2.022934e+01
Si III 1206,1.667995e-06,-1.155950e-04,-1.139272e-04,1206.362547,-0.137453,7.654312e+00,3.646303e+12,4.007414e-06,5.493844e-01,-3.482329e+01,1.633418e+06,1.381668e-26,4.735919e-12,3.965336e-01,1.164153e-01,2.181958e+04,3.271948e+04,3.290112e+04,-3.168218e+02,2.230300e+01,-1.811774e+01
Si III 1206,1.535724e-06,-7.616362e-05,-7.462802e-05,1206.409961,-0.090039,4.100244e+00,1.952845e+12,3.794096e-06,5.493844e-01,-2.304175e+01,1.464150e+06,1.673404e-26,5.143888e-12,1.757950e-01,1.164153e-01,2.181958e+04,3.271997e+04,3.290112e+04,-3.529220e+02,2.080251e+01,-4.190440e+00
Si III 1206,1.477084e-06,-9.405603e-05,-9.257908e-05,1206.388303,-0.111697,2.065336e+01,9.834428e+12,3.977956e-06,5.493844e-01,-2.845652e+01,1.609492e+06,2.205672e-26,7.455388e-12,5.723286e-01,1.164153e-01,2.181958e+04,3.271997e+04,3.290063e+04,-3.925469e+02,3.678037e+01,3.571616e-01
Si III 1206,1.286174e-06,-8.393309e-05,-8.264702e-05,1206.400286,-0.099714,8.165172e+00,3.889482e+12,3.988513e-06,5.493844e-01,-2.535437e+01,1.618047e+06,1.760984e-26,5.986699e-12,1.889051e-01,1.164153e-01,2.181958e+04,3.271997e+04,3.290015e+04,-3.376460e+02,3.230467e+01,-3.133898e-01
Si III 1206,1.223161e-06,-7.436575e-05,-7.314268e-05,1206.411753,-0.088247,1.518960e+01,7.232629e+12,3.962693e-06,5.493844e-01,-2.245614e+01,1.597165e+06,1.554767e-26,5.218162e-12,3.834235e-01,1.164153e-01,2.181958e+04,3.272046e+04,3.290015e+04,-3.099045e+02,3.165640e+01,1.892945e+00
Si III 1206,1.095263e-06,-7.601233e-05,-7.491715e-05,1206.409612,-0.090388,1.798679e+01,8.564544e+12,4.069834e-06,5.493844e-01,-2.286737e+01,1.684699e+06,7.076302e-27,2.503513e-12,5.536052e-01,1.164153e-01,2.181958e+04,3.272046e+04,3.289966e+04,-2.166447e+02,2.605340e+01,-4.683297e+00
Si III 1206,9.105979e-07,-4.923478e-05,-4.832423e-05,1206.441697,-0.058303,2.614074e-01,1.245216e+11,4.024802e-06,5.493844e-01,-1.481190e+01,1.647623e+06,3.876531e-27,1.341835e-12,1.872338e-02,1.164153e-01,2.181958e+04,3.272095e+04,3.289966e+04,-1.749149e+02,1.984374e+01,-2.296350e-01
Si III 1206,9.043523e-07,-7.364238e-05,-7.273809e-05,1206.412241,-0.087759,5.077693e+00,2.419600e+12,4.242855e-06,5.493844e-01,-2.211643e+01,1.830987e+06,1.991698e-27,7.657521e-13,5.723286e-01,1.164153e-01,2.181958e+04,3.272095e+04,3.289917e+04,-1.509437e+02,2.346981e+01,-7.263519e+00
Si III 1206,7.134417e-07,-9.774594e-05,-9.703256e-05,1206.382930,-0.117070,2.583416e+00,1.231482e+12,4.393390e-06,5.493844e-01,-2.934141e+01,1.963217e+06,1.827245e-27,7.527670e-13,3.459767e-01,1.164153e-01,2.181958e+04,3.272095e+04,3.289868e+04,-1.478994e+02,2.540602e+01,-1.463672e+01
Si III 1206,5.980348e-07,-8.320603e-05,-8.260804e-05,1206.400333,-0.099667,3.008269e-01,1.433643e+11,4.288960e-06,5.493844e-01,-2.497652e+01,1.870996e+06,1.303316e-27,5.119420e-13,2.263519e-01,1.164153e-01,2.181958e+04,3.272144e+04,3.289868e+04,-1.358226e+02,2.500001e+01,-1.011451e+01
Si III 1206,5.225310e-07,-1.030384e-04,-1.025159e-04,1206.376315,-0.123685,7.578363e-01,3.612886e+11,4.430276e-06,5.493844e-01,-3.092234e+01,1.996322e+06,1.288046e-27,5.396595e-13,5.723286e-01,1.164153e-01,2.181958e+04,3.272144e+04,3.289819e+04,-1.354161e+02,2.668368e+01,-1.606705e+01
Si III 1206,3.316203e-07,-1.064980e-04,-1.061664e-04,1206.371910,-0.128090,1.072355e-01,5.113154e+10,4.482925e-06,5.493844e-01,-3.195866e+01,2.044052e+06,1.233149e-27,5.288906e-13,1.383483e-01,1.164153e-01,2.181958e+04,3.272144e+04,3.289771e+04,-1.334962e+02,2.583336e+01,-1.785613e+01
Si III 1206,2.854717e-07,-9.535141e-05,-9.506597e-05,1206.385303,-0.114697,4.779976e-02,2.525857e+10,4.387928e-06,5.493844e-01,-2.861268e+01,1.958340e+06,1.068816e-27,4.392516e-13,4.339804e-01,1.164153e-01,2.181958e+04,3.272192e+04,3.289771e+04,-1.241742e+02,2.348861e+01,-1.563343e+01
Si III 1206,1.407096e-07,-8.788156e-05,-8.774086e-05,1206.394141,-0.105859,5.713254e-04,3.310090e+09,4.387486e-06,5.493844e-01,-2.637240e+01,1.957945e+06,1.050875e-27,4.316253e-13,4.192521e-01,1.164153e-01,2.181958e+04,3.272192e+04,3.289722e+04,-1.225077e+02,2.227624e+01,-1.379580e+01
