Line	 z_cosmo	 z_doppler	 z_effective	 wavelength [A]	delta wavelength [A]	 optical depth	column density [cm^-2]	 thermal broadening [km/s]	equivalent width [A]	 velocity_los [km/s]	temperature [K]	 density [g/cm^3]	 pressure [dyne/cm^2]	dl [kpccm/h]	 cell_volume [kpccm/h^3]	 x [kpccm/h]	y [kpccm/h]	 z [kpccm/h]	 v_x [km/s]	 v_y [km/s]	v_z [km/s]	 
Line,z_cosmo,z_dopp,z_eff,lambda,delta_lamdba,tau,N,thermal_b,EW,v_los,T,rho,p,dl,cell_volume,x,y,z,vx,vy,vz
C II 1335,1.276470e-05,1.877187e-04,2.004858e-04,1334.799555,0.267555,1.139636e-01,5.727867e+11,5.713680e-06,7.509626e-01,5.621338e+01,1.419995e+06,3.522410e-28,1.050073e-13,7.725479e-01,7.450581e+00,2.181738e+04,3.271387e+04,3.293457e+04,-1.833383e+02,3.467393e+01,5.574308e+01
C II 1335,1.250700e-05,2.195591e-04,2.320689e-04,1334.841703,0.309703,2.579800e-01,1.290480e+12,5.502537e-06,7.509626e-01,6.575905e+01,1.316986e+06,3.536924e-28,9.786978e-14,2.006893e+00,7.450581e+00,2.181738e+04,3.271387e+04,3.293262e+04,-1.843385e+02,1.354931e+01,6.064076e+01
C II 1335,1.183757e-05,2.812969e-04,2.931378e-04,1334.923202,0.391202,4.251022e-01,2.125820e+12,5.491537e-06,7.509626e-01,8.426826e+01,1.311726e+06,3.201650e-28,8.830488e-14,2.006893e+00,7.450581e+00,2.181738e+04,3.271387e+04,3.293066e+04,-1.781990e+02,-9.765699e+00,7.463421e+01
C II 1335,1.116813e-05,3.246263e-04,3.357981e-04,1334.980133,0.448133,4.798720e-01,2.358616e+12,5.720393e-06,7.509626e-01,9.724277e+01,1.423334e+06,3.919564e-28,1.173244e-13,9.392662e-01,7.450581e+00,2.181738e+04,3.271387e+04,3.292871e+04,-1.975277e+02,-2.563314e+01,8.326508e+01
C II 1335,1.085482e-05,1.916410e-04,2.024979e-04,1334.802240,0.270240,3.260942e-01,1.620702e+12,5.145591e-06,7.509626e-01,5.738037e+01,1.151664e+06,4.603168e-28,1.114905e-13,1.067627e+00,7.450581e+00,2.181738e+04,3.271582e+04,3.292871e+04,-2.021865e+02,-2.405932e+01,4.241327e+01
C II 1335,1.049870e-05,1.958772e-04,2.063779e-04,1334.807418,0.275418,4.209849e-01,2.088227e+12,5.013269e-06,7.509626e-01,5.865295e+01,1.093194e+06,5.332156e-28,1.225550e-13,2.006893e+00,7.450581e+00,2.181738e+04,3.271582e+04,3.292676e+04,-1.966533e+02,-3.638942e+01,4.118782e+01
C II 1335,9.829261e-06,1.901716e-04,2.000027e-04,1334.798910,0.266910,2.695335e-01,1.336624e+12,4.991893e-06,7.509626e-01,5.696492e+01,1.083891e+06,4.940295e-28,1.126256e-13,2.006893e+00,7.450581e+00,2.181738e+04,3.271582e+04,3.292480e+04,-1.582727e+02,-3.870786e+01,4.101145e+01
C II 1335,9.159826e-06,2.292650e-04,2.384270e-04,1334.850188,0.318188,9.685329e-04,7.277387e+10,4.983390e-06,7.509626e-01,6.868237e+01,1.080202e+06,5.445897e-28,1.237476e-13,2.006893e+00,7.450581e+00,2.181738e+04,3.271582e+04,3.292285e+04,-1.570111e+02,-5.006554e+01,5.050923e+01
C II 1335,8.490390e-06,2.311308e-04,2.396232e-04,1334.851785,0.319785,1.545657e-06,1.125152e+08,4.829640e-06,7.509626e-01,6.924134e+01,1.014576e+06,5.605447e-28,1.194379e-13,1.289988e+00,7.450581e+00,2.181738e+04,3.271582e+04,3.292090e+04,-1.574362e+02,-5.046632e+01,5.096829e+01
C II 1335,8.060092e-06,2.848571e-04,2.929195e-04,1334.922910,0.390910,6.558759e-05,5.662086e+09,5.730629e-06,7.509626e-01,8.535579e+01,1.428433e+06,3.848308e-28,1.153826e-13,3.516189e-01,7.450581e+00,2.181934e+04,3.271582e+04,3.292090e+04,-1.385094e+02,-2.212412e+01,7.507306e+01
C II 1335,7.942803e-06,2.671921e-04,2.751370e-04,1334.899179,0.367179,4.423578e-01,2.174377e+12,5.964957e-06,7.509626e-01,8.005205e+01,1.547639e+06,5.696102e-28,1.844146e-13,3.652860e-01,7.450581e+00,2.181934e+04,3.271777e+04,3.292090e+04,-1.577796e+02,-1.505878e+01,7.019763e+01
C II 1335,7.820955e-06,1.952452e-04,2.030676e-04,1334.803000,0.271000,1.819134e+00,8.945341e+12,7.300789e-06,7.509626e-01,5.850220e+01,2.318434e+06,4.603715e-28,2.214079e-13,2.006893e+00,7.450581e+00,2.181934e+04,3.271777e+04,3.291895e+04,-1.256108e+02,-8.925421e+00,5.121718e+01
C II 1335,7.151520e-06,1.742089e-04,1.813617e-04,1334.774033,0.242033,3.560369e-01,1.752903e+12,8.267906e-06,7.509626e-01,5.220748e+01,2.973351e+06,3.300135e-28,2.033203e-13,1.003447e+00,9.313226e-01,2.181885e+04,3.271729e+04,3.291748e+04,-9.471923e+01,-2.469404e+01,4.280725e+01
C II 1335,6.816802e-06,1.802675e-04,1.870855e-04,1334.781672,0.249672,8.831665e-01,4.355895e+12,8.917908e-06,7.509626e-01,5.402328e+01,3.459243e+06,3.519348e-28,2.521709e-13,9.893311e-01,9.313226e-01,2.181885e+04,3.271729e+04,3.291650e+04,-9.441545e+01,-3.038913e+01,4.338036e+01
C II 1335,6.486793e-06,1.858737e-04,1.923617e-04,1334.788713,0.256713,1.168763e-03,1.743964e+11,9.909507e-06,7.509626e-01,5.568318e+01,4.271291e+06,7.498234e-28,6.618076e-13,1.411550e-02,9.313226e-01,2.181885e+04,3.271826e+04,3.291650e+04,-1.476866e+02,-2.007068e+01,4.455564e+01
C II 1335,6.482084e-06,1.929145e-04,1.993979e-04,1334.798103,0.266103,5.091635e+00,2.502901e+13,9.962728e-06,7.509626e-01,5.777354e+01,4.317295e+06,1.045344e-27,9.328782e-13,1.003447e+00,9.313226e-01,2.181885e+04,3.271826e+04,3.291553e+04,-1.845809e+02,-1.819365e+01,4.512492e+01
C II 1335,6.147367e-06,1.938886e-04,2.000372e-04,1334.798956,0.266956,6.741676e+00,3.314011e+13,9.481191e-06,7.509626e-01,5.803926e+01,3.910037e+06,1.338634e-27,1.082917e-12,1.003447e+00,9.313226e-01,2.181885e+04,3.271826e+04,3.291455e+04,-2.237635e+02,-8.823582e+00,4.541720e+01
C II 1335,5.812649e-06,2.014775e-04,2.072913e-04,1334.808637,0.276637,4.905008e+00,2.411141e+13,8.853878e-06,7.509626e-01,6.032078e+01,3.409747e+06,1.171808e-27,8.282336e-13,1.003447e+00,9.313226e-01,2.181885e+04,3.271826e+04,3.291357e+04,-2.141544e+02,-2.079602e+00,4.983543e+01
C II 1335,5.477931e-06,2.106769e-04,2.161560e-04,1334.820467,0.288467,1.806081e+00,8.888545e+12,8.072544e-06,7.509626e-01,6.310722e+01,2.834496e+06,7.340096e-28,4.325710e-13,1.003447e+00,9.313226e-01,2.181885e+04,3.271826e+04,3.291260e+04,-1.674040e+02,3.885086e+00,5.661690e+01
C II 1335,5.143214e-06,2.073883e-04,2.125326e-04,1334.815632,0.283632,1.016095e-01,5.432740e+11,7.496981e-06,7.509626e-01,6.213696e+01,2.444713e+06,4.948713e-28,2.523137e-13,3.370550e-01,9.313226e-01,2.181885e+04,3.271826e+04,3.291162e+04,-1.347977e+02,1.309791e+01,5.951434e+01
C II 1335,5.030783e-06,2.011324e-04,2.061642e-04,1334.807133,0.275133,1.510185e-01,7.966922e+11,7.181727e-06,7.509626e-01,6.026887e+01,2.243432e+06,5.097061e-28,2.382556e-13,6.663916e-01,9.313226e-01,2.181885e+04,3.271924e+04,3.291162e+04,-1.189883e+02,6.902128e+00,5.703184e+01
C II 1335,4.808496e-06,1.904650e-04,1.952744e-04,1334.792600,0.260600,9.421462e-04,9.819817e+10,6.920365e-06,7.509626e-01,5.707666e+01,2.083114e+06,4.234994e-28,1.840980e-13,1.003447e+00,9.313226e-01,2.181885e+04,3.271924e+04,3.291064e+04,-1.047412e+02,6.432546e+00,5.442004e+01
C II 1335,4.473778e-06,1.863838e-04,1.908584e-04,1334.786707,0.254707,1.047864e-03,1.028832e+11,6.518935e-06,7.509626e-01,5.585485e+01,1.848453e+06,5.218039e-28,2.017614e-13,1.003447e+00,9.313226e-01,2.181885e+04,3.271924e+04,3.290967e+04,-1.005973e+02,4.884321e+00,5.303445e+01
C II 1335,4.139061e-06,1.743201e-04,1.784599e-04,1334.770160,0.238160,3.731420e-02,2.557382e+11,6.094302e-06,7.509626e-01,5.224228e+01,1.615485e+06,6.183101e-28,2.093971e-13,1.003447e+00,9.313226e-01,2.181885e+04,3.271924e+04,3.290869e+04,-9.017473e+01,1.144672e+00,4.903059e+01
C II 1335,3.804343e-06,1.694172e-04,1.732222e-04,1334.763171,0.231171,1.443414e+00,7.095649e+12,5.505049e-06,7.509626e-01,5.077582e+01,1.318188e+06,7.080688e-28,1.957696e-13,5.017233e-01,1.164153e-01,2.181909e+04,3.271948e+04,3.290796e+04,-7.888546e+01,-5.871310e-01,4.774072e+01
C II 1335,3.636984e-06,1.601708e-04,1.638084e-04,1334.750608,0.218608,8.708471e-01,4.281018e+12,5.439872e-06,7.509626e-01,4.800342e+01,1.287160e+06,8.066622e-28,2.178416e-13,1.865022e-01,1.164153e-01,2.181909e+04,3.271948e+04,3.290747e+04,-8.194451e+01,8.966935e-01,4.506644e+01
C II 1335,3.574773e-06,1.641238e-04,1.676992e-04,1334.755800,0.223800,7.458455e+00,3.666502e+13,5.301199e-06,7.509626e-01,4.918755e+01,1.222372e+06,1.212425e-27,3.108033e-13,3.152211e-01,1.164153e-01,2.181909e+04,3.271997e+04,3.290747e+04,-8.457662e+01,2.065239e+00,4.640839e+01
C II 1335,3.469625e-06,1.451125e-04,1.485826e-04,1334.730288,0.198288,1.269287e+01,6.239804e+13,5.192356e-06,7.509626e-01,4.348862e+01,1.172692e+06,1.282233e-27,3.158190e-13,5.017233e-01,1.164153e-01,2.181909e+04,3.271997e+04,3.290698e+04,-8.585231e+01,1.517956e+00,4.035726e+01
C II 1335,3.302266e-06,1.406611e-04,1.439638e-04,1334.724124,0.192124,3.457061e+01,1.699498e+14,5.378984e-06,7.509626e-01,4.214654e+01,1.258507e+06,2.020151e-27,5.338737e-13,5.017233e-01,1.164153e-01,2.181909e+04,3.271997e+04,3.290649e+04,-1.104017e+02,-2.284836e+00,3.676649e+01
C II 1335,3.134908e-06,1.302509e-04,1.333863e-04,1334.710008,0.178008,5.948576e+01,2.924364e+14,5.451997e-06,7.509626e-01,3.900844e+01,1.292904e+06,3.448337e-27,9.358122e-13,5.017233e-01,1.164153e-01,2.181909e+04,3.271997e+04,3.290601e+04,-1.513303e+02,-8.711438e+00,2.983467e+01
C II 1335,2.967549e-06,1.188861e-04,1.218540e-04,1334.694618,0.162618,5.156915e+01,2.535205e+14,5.386490e-06,7.509626e-01,3.557229e+01,1.262022e+06,5.081817e-27,1.345692e-12,3.620874e-01,1.164153e-01,2.181909e+04,3.271997e+04,3.290552e+04,-2.013973e+02,-1.539697e+01,2.203919e+01
C II 1335,2.846768e-06,1.509929e-04,1.538401e-04,1334.737305,0.205305,5.640061e+01,2.772635e+14,5.166836e-06,7.509626e-01,4.517266e+01,1.161193e+06,9.540057e-27,2.321662e-12,1.396359e-01,1.164153e-01,2.181909e+04,3.272046e+04,3.290552e+04,-2.343022e+02,-2.437038e+01,2.804821e+01
C II 1335,2.800190e-06,1.657509e-04,1.685516e-04,1334.756937,0.224937,1.697311e+02,8.343809e+14,5.425980e-06,7.509626e-01,4.955385e+01,1.280594e+06,9.992843e-27,2.682704e-12,5.017233e-01,1.164153e-01,2.181909e+04,3.272046e+04,3.290503e+04,-2.837334e+02,-2.836989e+01,2.893740e+01
C II 1335,2.632831e-06,1.458685e-04,1.485017e-04,1334.730180,0.198180,1.561271e+02,7.675196e+14,5.205981e-06,7.509626e-01,4.359828e+01,1.178855e+06,8.387662e-27,2.073100e-12,5.017233e-01,1.164153e-01,2.181909e+04,3.272046e+04,3.290454e+04,-2.789498e+02,-2.771919e+01,2.322809e+01
C II 1335,2.465472e-06,1.298478e-04,1.323136e-04,1334.708577,0.176577,9.722126e+01,4.779469e+14,5.258470e-06,7.509626e-01,3.881474e+01,1.202746e+06,6.296797e-27,1.588039e-12,5.017233e-01,1.164153e-01,2.181909e+04,3.272046e+04,3.290405e+04,-2.575091e+02,-2.923612e+01,1.913230e+01
C II 1335,2.298113e-06,1.037994e-04,1.060977e-04,1334.673591,0.141591,3.947739e+01,1.940787e+14,4.888627e-06,7.509626e-01,3.103907e+01,1.039511e+06,4.626458e-27,1.008526e-12,5.017233e-01,1.164153e-01,2.181909e+04,3.272046e+04,3.290356e+04,-2.153382e+02,-3.064154e+01,1.311710e+01
C II 1335,2.130755e-06,8.786259e-05,8.999353e-05,1334.652099,0.120099,1.506136e+00,7.404585e+12,5.006200e-06,7.509626e-01,2.626798e+01,1.090113e+06,3.939145e-27,9.006003e-13,3.594934e-02,1.164153e-01,2.181909e+04,3.272046e+04,3.290308e+04,-2.058534e+02,-3.254532e+01,8.293775e+00
C II 1335,2.118763e-06,1.381707e-04,1.402897e-04,1334.719221,0.187221,9.955075e+00,4.893946e+13,4.881099e-06,7.509626e-01,4.135495e+01,1.036312e+06,3.448038e-27,7.502328e-13,4.657739e-01,1.164153e-01,2.181909e+04,3.272095e+04,3.290308e+04,-1.959089e+02,-4.032637e+01,2.254912e+01
C II 1335,1.963396e-06,1.276353e-04,1.295990e-04,1334.704954,0.172954,4.307509e+00,2.117608e+13,4.588026e-06,7.509626e-01,3.818521e+01,9.156022e+05,4.624136e-27,8.891589e-13,1.402398e-01,1.164153e-01,2.181909e+04,3.272095e+04,3.290259e+04,-2.133291e+02,-3.789005e+01,1.890308e+01
C II 1335,1.916616e-06,1.692211e-04,1.711380e-04,1334.760389,0.228389,4.992453e+00,2.454230e+13,5.029289e-06,7.509626e-01,5.062757e+01,1.100192e+06,5.146466e-27,1.187945e-12,3.614835e-01,1.164153e-01,2.181958e+04,3.272095e+04,3.290259e+04,-2.449693e+02,-3.406830e+01,3.084269e+01
C II 1335,1.796037e-06,1.539531e-04,1.557495e-04,1334.739853,0.207853,9.313418e+00,4.578436e+13,5.044470e-06,7.509626e-01,4.603475e+01,1.106844e+06,6.440131e-27,1.496630e-12,5.017233e-01,1.164153e-01,2.181958e+04,3.272095e+04,3.290210e+04,-2.644501e+02,-2.952693e+01,2.610604e+01
C II 1335,1.628678e-06,1.378099e-04,1.394388e-04,1334.718086,0.186086,1.226525e+01,6.029649e+13,5.370842e-06,7.509626e-01,4.117111e+01,1.254700e+06,8.074696e-27,2.128157e-12,5.017233e-01,1.164153e-01,2.181958e+04,3.272095e+04,3.290161e+04,-2.914891e+02,-2.144378e+01,2.149355e+01
C II 1335,1.461319e-06,1.063524e-04,1.078139e-04,1334.675881,0.143881,9.307252e+00,4.575633e+13,5.541661e-06,7.509626e-01,3.174118e+01,1.335780e+06,9.305377e-27,2.611731e-12,2.115346e-01,1.164153e-01,2.181958e+04,3.272095e+04,3.290112e+04,-2.918077e+02,-3.680996e+00,1.587009e+01
C II 1335,1.390758e-06,1.354201e-04,1.368111e-04,1334.714579,0.182579,5.832814e+00,2.867448e+13,5.579627e-06,7.509626e-01,4.049138e+01,1.354146e+06,5.916511e-27,1.684045e-12,2.901887e-01,1.164153e-01,2.181958e+04,3.272144e+04,3.290112e+04,-2.511936e+02,-1.218738e+01,2.511846e+01
C II 1335,1.293960e-06,1.056549e-04,1.069490e-04,1334.674727,0.142727,1.154275e+01,5.674672e+13,5.731687e-06,7.509626e-01,3.159337e+01,1.428960e+06,5.021361e-27,1.508294e-12,5.017233e-01,1.164153e-01,2.181958e+04,3.272144e+04,3.290063e+04,-2.196259e+02,2.134752e-01,2.054622e+01
C II 1335,1.126602e-06,7.143483e-05,7.256151e-05,1334.628836,0.096836,9.356779e+00,4.600201e+13,6.039948e-06,7.509626e-01,2.135798e+01,1.586798e+06,3.422001e-27,1.141201e-12,5.017233e-01,1.164153e-01,2.181958e+04,3.272144e+04,3.290015e+04,-1.852711e+02,7.206968e+00,1.350853e+01
C II 1335,9.592427e-07,3.771133e-05,3.867061e-05,1334.583607,0.051607,4.338312e+00,2.132985e+13,6.120776e-06,7.509626e-01,1.126632e+01,1.629552e+06,1.918106e-27,6.568453e-13,5.017233e-01,1.164153e-01,2.181958e+04,3.272144e+04,3.289966e+04,-1.527547e+02,1.265358e+01,6.162768e+00
C II 1335,7.918839e-07,3.796686e-06,4.588573e-06,1334.538124,0.006124,1.346463e+00,6.620395e+12,6.339736e-06,7.509626e-01,1.105244e+00,1.748226e+06,1.404292e-27,5.156067e-13,3.871198e-01,1.164153e-01,2.181958e+04,3.272144e+04,3.289917e+04,-1.391963e+02,1.978805e+01,-1.899208e+00
C II 1335,6.627531e-07,3.012146e-05,3.078423e-05,1334.573083,0.041083,8.284167e-02,4.236161e+11,6.330852e-06,7.509626e-01,8.997657e+00,1.743329e+06,1.282603e-27,4.694416e-13,1.146035e-01,1.164153e-01,2.181958e+04,3.272192e+04,3.289917e+04,-1.390098e+02,1.258542e+01,4.564847e+00
C II 1335,6.245251e-07,-8.418815e-06,-7.794296e-06,1334.521598,-0.010402,1.733717e-01,8.934485e+11,6.561839e-06,7.509626e-01,-2.554364e+00,1.872864e+06,1.181889e-27,4.646543e-13,5.017233e-01,1.164153e-01,2.181958e+04,3.272192e+04,3.289868e+04,-1.335939e+02,1.978893e+01,-5.354121e+00
C II 1335,4.571662e-07,-3.691879e-05,-3.646165e-05,1334.483341,-0.048659,9.824481e-02,5.079567e+11,6.655510e-06,7.509626e-01,-1.109617e+01,1.926716e+06,1.108943e-27,4.484780e-13,5.017233e-01,1.164153e-01,2.181958e+04,3.272192e+04,3.289819e+04,-1.273213e+02,2.290414e+01,-1.307318e+01
C II 1335,2.898074e-07,-4.622671e-05,-4.593691e-05,1334.470696,-0.061304,1.589125e-03,1.606384e+11,6.709906e-06,7.509626e-01,-1.388546e+01,1.958340e+06,1.068816e-27,4.392516e-13,5.017233e-01,1.164153e-01,2.181958e+04,3.272192e+04,3.289771e+04,-1.241742e+02,2.348861e+01,-1.563343e+01
C II 1335,1.224485e-07,-3.965414e-05,-3.953170e-05,1334.479244,-0.052756,1.353737e-04,1.368289e+10,6.709230e-06,7.509626e-01,-1.191419e+01,1.957945e+06,1.050875e-27,4.316253e-13,3.675310e-01,1.164153e-01,2.181958e+04,3.272192e+04,3.289722e+04,-1.225077e+02,2.227624e+01,-1.379580e+01
C IV 1548,1.276470e-05,1.877187e-04,2.004858e-04,1548.497389,0.310389,3.354288e-01,8.319027e+11,5.713680e-06,6.913763e-02,5.621338e+01,1.419995e+06,3.522410e-28,1.050073e-13,7.725479e-01,7.450581e+00,2.181738e+04,3.271387e+04,3.293457e+04,-1.833383e+02,3.467393e+01,5.574308e+01
C IV 1548,1.250700e-05,2.195591e-04,2.320689e-04,1548.546286,0.359286,6.440826e-01,1.597291e+12,5.502537e-06,6.913763e-02,6.575905e+01,1.316986e+06,3.536924e-28,9.786978e-14,2.006893e+00,7.450581e+00,2.181738e+04,3.271387e+04,3.293262e+04,-1.843385e+02,1.354931e+01,6.064076e+01
C IV 1548,1.183757e-05,2.812969e-04,2.931378e-04,1548.640832,0.453832,6.971688e-01,1.728834e+12,5.491537e-06,6.913763e-02,8.426826e+01,1.311726e+06,3.201650e-28,8.830488e-14,2.006893e+00,7.450581e+00,2.181738e+04,3.271387e+04,3.293066e+04,-1.781990e+02,-9.765699e+00,7.463421e+01
C IV 1548,1.116813e-05,3.246263e-04,3.357981e-04,1548.706878,0.519878,7.199425e-01,1.785303e+12,5.720393e-06,6.913763e-02,9.724277e+01,1.423334e+06,3.919564e-28,1.173244e-13,9.392662e-01,7.450581e+00,2.181738e+04,3.271387e+04,3.292871e+04,-1.975277e+02,-2.563314e+01,8.326508e+01
C IV 1548,1.085482e-05,1.916410e-04,2.024979e-04,1548.500505,0.313505,5.089528e-01,1.262176e+12,5.145591e-06,6.913763e-02,5.738037e+01,1.151664e+06,4.603168e-28,1.114905e-13,1.067627e+00,7.450581e+00,2.181738e+04,3.271582e+04,3.292871e+04,-2.021865e+02,-2.405932e+01,4.241327e+01
C IV 1548,1.049870e-05,1.958772e-04,2.063779e-04,1548.506512,0.319512,6.269121e-01,1.554695e+12,5.013269e-06,6.913763e-02,5.865295e+01,1.093194e+06,5.332156e-28,1.225550e-13,2.006893e+00,7.450581e+00,2.181738e+04,3.271582e+04,3.292676e+04,-1.966533e+02,-3.638942e+01,4.118782e+01
C IV 1548,9.829261e-06,1.901716e-04,2.000027e-04,1548.496642,0.309642,1.206966e-01,3.065917e+11,4.991893e-06,6.913763e-02,5.696492e+01,1.083891e+06,4.940295e-28,1.126256e-13,2.006893e+00,7.450581e+00,2.181738e+04,3.271582e+04,3.292480e+04,-1.582727e+02,-3.870786e+01,4.101145e+01
C IV 1548,9.159826e-06,2.292650e-04,2.384270e-04,1548.556130,0.369130,3.081048e-04,1.353603e+10,4.983390e-06,6.913763e-02,6.868237e+01,1.080202e+06,5.445897e-28,1.237476e-13,2.006893e+00,7.450581e+00,2.181738e+04,3.271582e+04,3.292285e+04,-1.570111e+02,-5.006554e+01,5.050923e+01
C IV 1548,8.490390e-06,2.311308e-04,2.396232e-04,1548.557981,0.370981,3.800197e-04,1.618441e+10,4.829640e-06,6.913763e-02,6.924134e+01,1.014576e+06,5.605447e-28,1.194379e-13,1.289988e+00,7.450581e+00,2.181738e+04,3.271582e+04,3.292090e+04,-1.574362e+02,-5.046632e+01,5.096829e+01
C IV 1548,8.060092e-06,2.848571e-04,2.929195e-04,1548.640494,0.453494,3.810197e-05,1.925304e+09,5.730629e-06,6.913763e-02,8.535579e+01,1.428433e+06,3.848308e-28,1.153826e-13,3.516189e-01,7.450581e+00,2.181934e+04,3.271582e+04,3.292090e+04,-1.385094e+02,-2.212412e+01,7.507306e+01
C IV 1548,7.942803e-06,2.671921e-04,2.751370e-04,1548.612964,0.425964,8.261870e-02,2.175833e+11,5.964957e-06,6.913763e-02,8.005205e+01,1.547639e+06,5.696102e-28,1.844146e-13,3.652860e-01,7.450581e+00,2.181934e+04,3.271777e+04,3.292090e+04,-1.577796e+02,-1.505878e+01,7.019763e+01
C IV 1548,7.820955e-06,1.952452e-04,2.030676e-04,1548.501387,0.314387,4.654989e-01,1.156695e+12,7.300789e-06,6.913763e-02,5.850220e+01,2.318434e+06,4.603715e-28,2.214079e-13,2.006893e+00,7.450581e+00,2.181934e+04,3.271777e+04,3.291895e+04,-1.256108e+02,-8.925421e+00,5.121718e+01
C IV 1548,7.151520e-06,1.742089e-04,1.813617e-04,1548.467782,0.280782,7.362714e-02,2.205484e+11,8.267906e-06,6.913763e-02,5.220748e+01,2.973351e+06,3.300135e-28,2.033203e-13,1.003447e+00,9.313226e-01,2.181885e+04,3.271729e+04,3.291748e+04,-9.471923e+01,-2.469404e+01,4.280725e+01
C IV 1548,6.816802e-06,1.802675e-04,1.870855e-04,1548.476643,0.289643,1.692279e-01,4.244918e+11,8.917908e-06,6.913763e-02,5.402328e+01,3.459243e+06,3.519348e-28,2.521709e-13,9.893311e-01,9.313226e-01,2.181885e+04,3.271729e+04,3.291650e+04,-9.441545e+01,-3.038913e+01,4.338036e+01
C IV 1548,6.486793e-06,1.858737e-04,1.923617e-04,1548.484812,0.297812,1.449348e-04,1.265480e+10,9.909507e-06,6.913763e-02,5.568318e+01,4.271291e+06,7.498234e-28,6.618076e-13,1.411550e-02,9.313226e-01,2.181885e+04,3.271826e+04,3.291650e+04,-1.476866e+02,-2.007068e+01,4.455564e+01
C IV 1548,6.482084e-06,1.929145e-04,1.993979e-04,1548.495705,0.308705,6.179785e-01,1.569294e+12,9.962728e-06,6.913763e-02,5.777354e+01,4.317295e+06,1.045344e-27,9.328782e-13,1.003447e+00,9.313226e-01,2.181885e+04,3.271826e+04,3.291553e+04,-1.845809e+02,-1.819365e+01,4.512492e+01
C IV 1548,6.147367e-06,1.938886e-04,2.000372e-04,1548.496695,0.309695,8.338465e-01,2.104149e+12,9.481191e-06,6.913763e-02,5.803926e+01,3.910037e+06,1.338634e-27,1.082917e-12,1.003447e+00,9.313226e-01,2.181885e+04,3.271826e+04,3.291455e+04,-2.237635e+02,-8.823582e+00,4.541720e+01
C IV 1548,5.812649e-06,2.014775e-04,2.072913e-04,1548.507926,0.320926,6.882632e-01,1.725407e+12,8.853878e-06,6.913763e-02,6.032078e+01,3.409747e+06,1.171808e-27,8.282336e-13,1.003447e+00,9.313226e-01,2.181885e+04,3.271826e+04,3.291357e+04,-2.141544e+02,-2.079602e+00,4.983543e+01
C IV 1548,5.477931e-06,2.106769e-04,2.161560e-04,1548.521650,0.334650,3.307852e-01,8.245632e+11,8.072544e-06,6.913763e-02,6.310722e+01,2.834496e+06,7.340096e-28,4.325710e-13,1.003447e+00,9.313226e-01,2.181885e+04,3.271826e+04,3.291260e+04,-1.674040e+02,3.885086e+00,5.661690e+01
C IV 1548,5.143214e-06,2.073883e-04,2.125326e-04,1548.516040,0.329040,1.178025e-03,7.782781e+10,7.496981e-06,6.913763e-02,6.213696e+01,2.444713e+06,4.948713e-28,2.523137e-13,3.370550e-01,9.313226e-01,2.181885e+04,3.271826e+04,3.291162e+04,-1.347977e+02,1.309791e+01,5.951434e+01
C IV 1548,5.030783e-06,2.011324e-04,2.061642e-04,1548.506181,0.319181,8.189616e-04,5.183228e+10,7.181727e-06,6.913763e-02,6.026887e+01,2.243432e+06,5.097061e-28,2.382556e-13,6.663916e-01,9.313226e-01,2.181885e+04,3.271924e+04,3.291162e+04,-1.189883e+02,6.902128e+00,5.703184e+01
C IV 1548,4.808496e-06,1.904650e-04,1.952744e-04,1548.489321,0.302321,1.339550e-04,8.171558e+09,6.920365e-06,6.913763e-02,5.707666e+01,2.083114e+06,4.234994e-28,1.840980e-13,1.003447e+00,9.313226e-01,2.181885e+04,3.271924e+04,3.291064e+04,-1.047412e+02,6.432546e+00,5.442004e+01
C IV 1548,4.473778e-06,1.863838e-04,1.908584e-04,1548.482485,0.295485,1.030016e-04,5.918238e+09,6.518935e-06,6.913763e-02,5.585485e+01,1.848453e+06,5.218039e-28,2.017614e-13,1.003447e+00,9.313226e-01,2.181885e+04,3.271924e+04,3.290967e+04,-1.005973e+02,4.884321e+00,5.303445e+01
C IV 1548,4.139061e-06,1.743201e-04,1.784599e-04,1548.463289,0.276289,9.238186e-04,4.962363e+10,6.094302e-06,6.913763e-02,5.224228e+01,1.615485e+06,6.183101e-28,2.093971e-13,1.003447e+00,9.313226e-01,2.181885e+04,3.271924e+04,3.290869e+04,-9.017473e+01,1.144672e+00,4.903059e+01
C IV 1548,3.804343e-06,1.694172e-04,1.732222e-04,1548.455180,0.268180,1.448044e-03,7.026586e+10,5.505049e-06,6.913763e-02,5.077582e+01,1.318188e+06,7.080688e-28,1.957696e-13,5.017233e-01,1.164153e-01,2.181909e+04,3.271948e+04,3.290796e+04,-7.888546e+01,-5.871310e-01,4.774072e+01
C IV 1548,3.636984e-06,1.601708e-04,1.638084e-04,1548.440606,0.253606,6.465705e-04,3.101614e+10,5.439872e-06,6.913763e-02,4.800342e+01,1.287160e+06,8.066622e-28,2.178416e-13,1.865022e-01,1.164153e-01,2.181909e+04,3.271948e+04,3.290747e+04,-8.194451e+01,8.966935e-01,4.506644e+01
C IV 1548,3.574773e-06,1.641238e-04,1.676992e-04,1548.446630,0.259630,5.480270e-04,2.561072e+10,5.301199e-06,6.913763e-02,4.918755e+01,1.222372e+06,1.212425e-27,3.108033e-13,3.152211e-01,1.164153e-01,2.181909e+04,3.271997e+04,3.290747e+04,-8.457662e+01,2.065239e+00,4.640839e+01
C IV 1548,3.469625e-06,1.451125e-04,1.485826e-04,1548.417034,0.230034,7.278265e-04,3.331693e+10,5.192356e-06,6.913763e-02,4.348862e+01,1.172692e+06,1.282233e-27,3.158190e-13,5.017233e-01,1.164153e-01,2.181909e+04,3.271997e+04,3.290698e+04,-8.585231e+01,1.517956e+00,4.035726e+01
C IV 1548,3.302266e-06,1.406611e-04,1.439638e-04,1548.409883,0.222883,5.794826e-04,2.749008e+10,5.378984e-06,6.913763e-02,4.214654e+01,1.258507e+06,2.020151e-27,5.338737e-13,5.017233e-01,1.164153e-01,2.181909e+04,3.271997e+04,3.290649e+04,-1.104017e+02,-2.284836e+00,3.676649e+01
C IV 1548,3.134908e-06,1.302509e-04,1.333863e-04,1548.393507,0.206507,8.932350e-04,4.292869e+10,5.451997e-06,6.913763e-02,3.900844e+01,1.292904e+06,3.448337e-27,9.358122e-13,5.017233e-01,1.164153e-01,2.181909e+04,3.271997e+04,3.290601e+04,-1.513303e+02,-8.711438e+00,2.983467e+01
C IV 1548,2.967549e-06,1.188861e-04,1.218540e-04,1548.375653,0.188653,1.490372e-03,7.076467e+10,5.386490e-06,6.913763e-02,3.557229e+01,1.262022e+06,5.081817e-27,1.345692e-12,3.620874e-01,1.164153e-01,2.181909e+04,3.271997e+04,3.290552e+04,-2.013973e+02,-1.539697e+01,2.203919e+01
C IV 1548,2.846768e-06,1.509929e-04,1.538401e-04,1548.425173,0.238173,1.033205e-03,4.705929e+10,5.166836e-06,6.913763e-02,4.517266e+01,1.161193e+06,9.540057e-27,2.321662e-12,1.396359e-01,1.164153e-01,2.181909e+04,3.272046e+04,3.290552e+04,-2.343022e+02,-2.437038e+01,2.804821e+01
C IV 1548,2.800190e-06,1.657509e-04,1.685516e-04,1548.447949,0.260949,1.048740e-01,2.702152e+11,5.425980e-06,6.913763e-02,4.955385e+01,1.280594e+06,9.992843e-27,2.682704e-12,5.017233e-01,1.164153e-01,2.181909e+04,3.272046e+04,3.290503e+04,-2.837334e+02,-2.836989e+01,2.893740e+01
C IV 1548,2.632831e-06,1.458685e-04,1.485017e-04,1548.416908,0.229908,1.213767e-01,3.103647e+11,5.205981e-06,6.913763e-02,4.359828e+01,1.178855e+06,8.387662e-27,2.073100e-12,5.017233e-01,1.164153e-01,2.181909e+04,3.272046e+04,3.290454e+04,-2.789498e+02,-2.771919e+01,2.322809e+01
C IV 1548,2.465472e-06,1.298478e-04,1.323136e-04,1548.391846,0.204846,8.293623e-02,2.124473e+11,5.258470e-06,6.913763e-02,3.881474e+01,1.202746e+06,6.296797e-27,1.588039e-12,5.017233e-01,1.164153e-01,2.181909e+04,3.272046e+04,3.290405e+04,-2.575091e+02,-2.923612e+01,1.913230e+01
C IV 1548,2.298113e-06,1.037994e-04,1.060977e-04,1548.351259,0.164259,1.603969e-02,9.118712e+10,4.888627e-06,6.913763e-02,3.103907e+01,1.039511e+06,4.626458e-27,1.008526e-12,5.017233e-01,1.164153e-01,2.181909e+04,3.272046e+04,3.290356e+04,-2.153382e+02,-3.064154e+01,1.311710e+01
C IV 1548,2.130755e-06,8.786259e-05,8.999353e-05,1548.326327,0.139327,8.584631e-05,3.788789e+09,5.006200e-06,6.913763e-02,2.626798e+01,1.090113e+06,3.939145e-27,9.006003e-13,3.594934e-02,1.164153e-01,2.181909e+04,3.272046e+04,3.290308e+04,-2.058534e+02,-3.254532e+01,8.293775e+00
C IV 1548,2.118763e-06,1.381707e-04,1.402897e-04,1548.404195,0.217195,6.878019e-04,2.959750e+10,4.881099e-06,6.913763e-02,4.135495e+01,1.036312e+06,3.448038e-27,7.502328e-13,4.657739e-01,1.164153e-01,2.181909e+04,3.272095e+04,3.290308e+04,-1.959089e+02,-4.032637e+01,2.254912e+01
C IV 1548,1.963396e-06,1.276353e-04,1.295990e-04,1548.387643,0.200643,3.191753e-04,1.291372e+10,4.588026e-06,6.913763e-02,3.818521e+01,9.156022e+05,4.624136e-27,8.891589e-13,1.402398e-01,1.164153e-01,2.181909e+04,3.272095e+04,3.290259e+04,-2.133291e+02,-3.789005e+01,1.890308e+01
C IV 1548,1.916616e-06,1.692211e-04,1.711380e-04,1548.451954,0.264954,3.289011e-04,1.458546e+10,5.029289e-06,6.913763e-02,5.062757e+01,1.100192e+06,5.146466e-27,1.187945e-12,3.614835e-01,1.164153e-01,2.181958e+04,3.272095e+04,3.290259e+04,-2.449693e+02,-3.406830e+01,3.084269e+01
C IV 1548,1.796037e-06,1.539531e-04,1.557495e-04,1548.428129,0.241129,5.298669e-04,2.356859e+10,5.044470e-06,6.913763e-02,4.603475e+01,1.106844e+06,6.440131e-27,1.496630e-12,5.017233e-01,1.164153e-01,2.181958e+04,3.272095e+04,3.290210e+04,-2.644501e+02,-2.952693e+01,2.610604e+01
C IV 1548,1.628678e-06,1.378099e-04,1.394388e-04,1548.402877,0.215877,5.274725e-04,2.497456e+10,5.370842e-06,6.913763e-02,4.117111e+01,1.254700e+06,8.074696e-27,2.128157e-12,5.017233e-01,1.164153e-01,2.181958e+04,3.272095e+04,3.290161e+04,-2.914891e+02,-2.144378e+01,2.149355e+01
C IV 1548,1.461319e-06,1.063524e-04,1.078139e-04,1548.353916,0.166916,3.122768e-04,1.525415e+10,5.541661e-06,6.913763e-02,3.174118e+01,1.335780e+06,9.305377e-27,2.611731e-12,2.115346e-01,1.164153e-01,2.181958e+04,3.272095e+04,3.290112e+04,-2.918077e+02,-3.680996e+00,1.587009e+01
C IV 1548,1.390758e-06,1.354201e-04,1.368111e-04,1548.398809,0.211809,5.129182e-04,2.523329e+10,5.579627e-06,6.913763e-02,4.049138e+01,1.354146e+06,5.916511e-27,1.684045e-12,2.901887e-01,1.164153e-01,2.181958e+04,3.272144e+04,3.290112e+04,-2.511936e+02,-1.218738e+01,2.511846e+01
C IV 1548,1.293960e-06,1.056549e-04,1.069490e-04,1548.352577,0.165577,1.020145e-03,5.154367e+10,5.731687e-06,6.913763e-02,3.159337e+01,1.428960e+06,5.021361e-27,1.508294e-12,5.017233e-01,1.164153e-01,2.181958e+04,3.272144e+04,3.290063e+04,-2.196259e+02,2.134752e-01,2.054622e+01
C IV 1548,1.126602e-06,7.143483e-05,7.256151e-05,1548.299339,0.112339,1.015075e-03,5.405438e+10,6.039948e-06,6.913763e-02,2.135798e+01,1.586798e+06,3.422001e-27,1.141201e-12,5.017233e-01,1.164153e-01,2.181958e+04,3.272144e+04,3.290015e+04,-1.852711e+02,7.206968e+00,1.350853e+01
C IV 1548,9.592427e-07,3.771133e-05,3.867061e-05,1548.246869,0.059869,8.784525e-04,4.739199e+10,6.120776e-06,6.913763e-02,1.126632e+01,1.629552e+06,1.918106e-27,6.568453e-13,5.017233e-01,1.164153e-01,2.181958e+04,3.272144e+04,3.289966e+04,-1.527547e+02,1.265358e+01,6.162768e+00
C IV 1548,7.918839e-07,3.796686e-06,4.588573e-06,1548.194104,0.007104,4.698764e-04,2.625438e+10,6.339736e-06,6.913763e-02,1.105244e+00,1.748226e+06,1.404292e-27,5.156067e-13,3.871198e-01,1.164153e-01,2.181958e+04,3.272144e+04,3.289917e+04,-1.391963e+02,1.978805e+01,-1.899208e+00
C IV 1548,6.627531e-07,3.012146e-05,3.078423e-05,1548.234660,0.047660,2.076628e-04,1.158680e+10,6.330852e-06,6.913763e-02,8.997657e+00,1.743329e+06,1.282603e-27,4.694416e-13,1.146035e-01,1.164153e-01,2.181958e+04,3.272192e+04,3.289917e+04,-1.390098e+02,1.258542e+01,4.564847e+00
C IV 1548,6.245251e-07,-8.418815e-06,-7.794296e-06,1548.174933,-0.012067,5.327572e-04,3.080947e+10,6.561839e-06,6.913763e-02,-2.554364e+00,1.872864e+06,1.181889e-27,4.646543e-13,5.017233e-01,1.164153e-01,2.181958e+04,3.272192e+04,3.289868e+04,-1.335939e+02,1.978893e+01,-5.354121e+00
C IV 1548,4.571662e-07,-3.691879e-05,-3.646165e-05,1548.130551,-0.056449,2.586385e-04,1.517469e+10,6.655510e-06,6.913763e-02,-1.109617e+01,1.926716e+06,1.108943e-27,4.484780e-13,5.017233e-01,1.164153e-01,2.181958e+04,3.272192e+04,3.289819e+04,-1.273213e+02,2.290414e+01,-1.307318e+01
C IV 1548,2.898074e-07,-4.622671e-05,-4.593691e-05,1548.115881,-0.071119,1.007872e-04,5.960026e+09,6.709906e-06,6.913763e-02,-1.388546e+01,1.958340e+06,1.068816e-27,4.392516e-13,5.017233e-01,1.164153e-01,2.181958e+04,3.272192e+04,3.289771e+04,-1.241742e+02,2.348861e+01,-1.563343e+01
C IV 1548,1.224485e-07,-3.965414e-05,-3.953170e-05,1548.125798,-0.061202,3.272751e-05,1.935135e+09,6.709230e-06,6.913763e-02,-1.191419e+01,1.957945e+06,1.050875e-27,4.316253e-13,3.675310e-01,1.164153e-01,2.181958e+04,3.272192e+04,3.289722e+04,-1.225077e+02,2.227624e+01,-1.379580e+01
Ly a,1.276470e-05,1.877187e-04,2.004858e-04,1215.913725,0.243725,6.348589e+02,1.166233e+15,1.972344e-05,5.202168e+00,5.621338e+01,1.419995e+06,3.522410e-28,1.050073e-13,7.725479e-01,7.450581e+00,2.181738e+04,3.271387e+04,3.293457e+04,-1.833383e+02,3.467393e+01,5.574308e+01
Ly a,1.250700e-05,2.195591e-04,2.320689e-04,1215.952119,0.282119,1.281275e+03,2.353624e+15,1.899458e-05,5.202168e+00,6.575905e+01,1.316986e+06,3.536924e-28,9.786978e-14,2.006893e+00,7.450581e+00,2.181738e+04,3.271387e+04,3.293262e+04,-1.843385e+02,1.354931e+01,6.064076e+01
Ly a,1.183757e-05,2.812969e-04,2.931378e-04,1216.026359,0.356359,5.816353e+02,1.068363e+15,1.895661e-05,5.202168e+00,8.426826e+01,1.311726e+06,3.201650e-28,8.830488e-14,2.006893e+00,7.450581e+00,2.181738e+04,3.271387e+04,3.293066e+04,-1.781990e+02,-9.765699e+00,7.463421e+01
Ly a,1.116813e-05,3.246263e-04,3.357981e-04,1216.078220,0.408220,3.984609e+02,7.318721e+14,1.974662e-05,5.202168e+00,9.724277e+01,1.423334e+06,3.919564e-28,1.173244e-13,9.392662e-01,7.450581e+00,2.181738e+04,3.271387e+04,3.292871e+04,-1.975277e+02,-2.563314e+01,8.326508e+01
Ly a,1.085482e-05,1.916410e-04,2.024979e-04,1215.916171,0.246171,8.593997e+02,1.578711e+15,1.776242e-05,5.202168e+00,5.738037e+01,1.151664e+06,4.603168e-28,1.114905e-13,1.067627e+00,7.450581e+00,2.181738e+04,3.271582e+04,3.292871e+04,-2.021865e+02,-2.405932e+01,4.241327e+01
Ly a,1.049870e-05,1.958772e-04,2.063779e-04,1215.920887,0.250887,2.012538e+03,3.697002e+15,1.730565e-05,5.202168e+00,5.865295e+01,1.093194e+06,5.332156e-28,1.225550e-13,2.006893e+00,7.450581e+00,2.181738e+04,3.271582e+04,3.292676e+04,-1.966533e+02,-3.638942e+01,4.118782e+01
Ly a,9.829261e-06,1.901716e-04,2.000027e-04,1215.913137,0.243137,1.285924e+03,2.362239e+15,1.723186e-05,5.202168e+00,5.696492e+01,1.083891e+06,4.940295e-28,1.126256e-13,2.006893e+00,7.450581e+00,2.181738e+04,3.271582e+04,3.292480e+04,-1.582727e+02,-3.870786e+01,4.101145e+01
Ly a,9.159826e-06,2.292650e-04,2.384270e-04,1215.959849,0.289849,4.232611e+02,7.774996e+14,1.720250e-05,5.202168e+00,6.868237e+01,1.080202e+06,5.445897e-28,1.237476e-13,2.006893e+00,7.450581e+00,2.181738e+04,3.271582e+04,3.292285e+04,-1.570111e+02,-5.006554e+01,5.050923e+01
Ly a,8.490390e-06,2.311308e-04,2.396232e-04,1215.961303,0.291303,9.603682e+01,1.764124e+14,1.667177e-05,5.202168e+00,6.924134e+01,1.014576e+06,5.605447e-28,1.194379e-13,1.289988e+00,7.450581e+00,2.181738e+04,3.271582e+04,3.292090e+04,-1.574362e+02,-5.046632e+01,5.096829e+01
Ly a,8.060092e-06,2.848571e-04,2.929195e-04,1216.026093,0.356093,6.907487e+00,1.273439e+13,1.978195e-05,5.202168e+00,8.535579e+01,1.428433e+06,3.848308e-28,1.153826e-13,3.516189e-01,7.450581e+00,2.181934e+04,3.271582e+04,3.292090e+04,-1.385094e+02,-2.212412e+01,7.507306e+01
Ly a,7.942803e-06,2.671921e-04,2.751370e-04,1216.004476,0.334476,9.540731e+02,1.752498e+15,2.059084e-05,5.202168e+00,8.005205e+01,1.547639e+06,5.696102e-28,1.844146e-13,3.652860e-01,7.450581e+00,2.181934e+04,3.271777e+04,3.292090e+04,-1.577796e+02,-1.505878e+01,7.019763e+01
Ly a,7.820955e-06,1.952452e-04,2.030676e-04,1215.916863,0.246863,3.633220e+03,6.674227e+15,2.520209e-05,5.202168e+00,5.850220e+01,2.318434e+06,4.603715e-28,2.214079e-13,2.006893e+00,7.450581e+00,2.181934e+04,3.271777e+04,3.291895e+04,-1.256108e+02,-8.925421e+00,5.121718e+01
Ly a,7.151520e-06,1.742089e-04,1.813617e-04,1215.890476,0.220476,1.137174e+03,2.089019e+15,2.854055e-05,5.202168e+00,5.220748e+01,2.973351e+06,3.300135e-28,2.033203e-13,1.003447e+00,9.313226e-01,2.181885e+04,3.271729e+04,3.291748e+04,-9.471923e+01,-2.469404e+01,4.280725e+01
Ly a,6.816802e-06,1.802675e-04,1.870855e-04,1215.897434,0.227434,1.974577e+03,3.627327e+15,3.078434e-05,5.202168e+00,5.402328e+01,3.459243e+06,3.519348e-28,2.521709e-13,9.893311e-01,9.313226e-01,2.181885e+04,3.271729e+04,3.291650e+04,-9.441545e+01,-3.038913e+01,4.338036e+01
Ly a,6.486793e-06,1.858737e-04,1.923617e-04,1215.903848,0.233848,1.254199e+02,2.303970e+14,3.420731e-05,5.202168e+00,5.568318e+01,4.271291e+06,7.498234e-28,6.618076e-13,1.411550e-02,9.313226e-01,2.181885e+04,3.271826e+04,3.291650e+04,-1.476866e+02,-2.007068e+01,4.455564e+01
Ly a,6.482084e-06,1.929145e-04,1.993979e-04,1215.912402,0.242402,1.462256e+04,2.686153e+16,3.439102e-05,5.202168e+00,5.777354e+01,4.317295e+06,1.045344e-27,9.328782e-13,1.003447e+00,9.313226e-01,2.181885e+04,3.271826e+04,3.291553e+04,-1.845809e+02,-1.819365e+01,4.512492e+01
Ly a,6.147367e-06,1.938886e-04,2.000372e-04,1215.913179,0.243179,1.956971e+04,3.594939e+16,3.272877e-05,5.202168e+00,5.803926e+01,3.910037e+06,1.338634e-27,1.082917e-12,1.003447e+00,9.313226e-01,2.181885e+04,3.271826e+04,3.291455e+04,-2.237635e+02,-8.823582e+00,4.541720e+01
Ly a,5.812649e-06,2.014775e-04,2.072913e-04,1215.921998,0.251998,1.512049e+04,2.777600e+16,3.056331e-05,5.202168e+00,6.032078e+01,3.409747e+06,1.171808e-27,8.282336e-13,1.003447e+00,9.313226e-01,2.181885e+04,3.271826e+04,3.291357e+04,-2.141544e+02,-2.079602e+00,4.983543e+01
Ly a,5.477931e-06,2.106769e-04,2.161560e-04,1215.932774,0.262774,6.141153e+03,1.128107e+16,2.786617e-05,5.202168e+00,6.310722e+01,2.834496e+06,7.340096e-28,4.325710e-13,1.003447e+00,9.313226e-01,2.181885e+04,3.271826e+04,3.291260e+04,-1.674040e+02,3.885086e+00,5.661690e+01
Ly a,5.143214e-06,2.073883e-04,2.125326e-04,1215.928370,0.258370,5.986401e+02,1.099696e+15,2.587934e-05,5.202168e+00,6.213696e+01,2.444713e+06,4.948713e-28,2.523137e-13,3.370550e-01,9.313226e-01,2.181885e+04,3.271826e+04,3.291162e+04,-1.347977e+02,1.309791e+01,5.951434e+01
Ly a,5.030783e-06,2.011324e-04,2.061642e-04,1215.920628,0.250628,1.265540e+03,2.324787e+15,2.479109e-05,5.202168e+00,6.026887e+01,2.243432e+06,5.097061e-28,2.382556e-13,6.663916e-01,9.313226e-01,2.181885e+04,3.271924e+04,3.291162e+04,-1.189883e+02,6.902128e+00,5.703184e+01
Ly a,4.808496e-06,1.904650e-04,1.952744e-04,1215.907389,0.237389,2.561359e+02,4.705237e+14,2.388888e-05,5.202168e+00,5.707666e+01,2.083114e+06,4.234994e-28,1.840980e-13,1.003447e+00,9.313226e-01,2.181885e+04,3.271924e+04,3.291064e+04,-1.047412e+02,6.432546e+00,5.442004e+01
Ly a,4.473778e-06,1.863838e-04,1.908584e-04,1215.902021,0.232021,1.228212e+03,2.256242e+15,2.250316e-05,5.202168e+00,5.585485e+01,1.848453e+06,5.218039e-28,2.017614e-13,1.003447e+00,9.313226e-01,2.181885e+04,3.271924e+04,3.290967e+04,-1.005973e+02,4.884321e+00,5.303445e+01
Ly a,4.139061e-06,1.743201e-04,1.784599e-04,1215.886948,0.216948,2.090388e+03,3.840119e+15,2.103734e-05,5.202168e+00,5.224228e+01,1.615485e+06,6.183101e-28,2.093971e-13,1.003447e+00,9.313226e-01,2.181885e+04,3.271924e+04,3.290869e+04,-9.017473e+01,1.144672e+00,4.903059e+01
Ly a,3.804343e-06,1.694172e-04,1.732222e-04,1215.880581,0.210581,3.118878e+03,5.729524e+15,1.900326e-05,5.202168e+00,5.077582e+01,1.318188e+06,7.080688e-28,1.957696e-13,5.017233e-01,1.164153e-01,2.181909e+04,3.271948e+04,3.290796e+04,-7.888546e+01,-5.871310e-01,4.774072e+01
Ly a,3.636984e-06,1.601708e-04,1.638084e-04,1215.869137,0.199137,1.889693e+03,3.471486e+15,1.877827e-05,5.202168e+00,4.800342e+01,1.287160e+06,8.066622e-28,2.178416e-13,1.865022e-01,1.164153e-01,2.181909e+04,3.271948e+04,3.290747e+04,-8.194451e+01,8.966935e-01,4.506644e+01
Ly a,3.574773e-06,1.641238e-04,1.676992e-04,1215.873867,0.203867,1.344078e+04,2.469147e+16,1.829957e-05,5.202168e+00,4.918755e+01,1.222372e+06,1.212425e-27,3.108033e-13,3.152211e-01,1.164153e-01,2.181909e+04,3.271997e+04,3.290747e+04,-8.457662e+01,2.065239e+00,4.640839e+01
Ly a,3.469625e-06,1.451125e-04,1.485826e-04,1215.850627,0.180627,2.521399e+04,4.632040e+16,1.792385e-05,5.202168e+00,4.348862e+01,1.172692e+06,1.282233e-27,3.158190e-13,5.017233e-01,1.164153e-01,2.181909e+04,3.271997e+04,3.290698e+04,-8.585231e+01,1.517956e+00,4.035726e+01
Ly a,3.302266e-06,1.406611e-04,1.439638e-04,1215.845013,0.175013,6.380068e+04,1.172082e+17,1.856808e-05,5.202168e+00,4.214654e+01,1.258507e+06,2.020151e-27,5.338737e-13,5.017233e-01,1.164153e-01,2.181909e+04,3.271997e+04,3.290649e+04,-1.104017e+02,-2.284836e+00,3.676649e+01
Ly a,3.134908e-06,1.302509e-04,1.333863e-04,1215.832154,0.162154,1.301933e+05,2.391801e+17,1.882012e-05,5.202168e+00,3.900844e+01,1.292904e+06,3.448337e-27,9.358122e-13,5.017233e-01,1.164153e-01,2.181909e+04,3.271997e+04,3.290601e+04,-1.513303e+02,-8.711438e+00,2.983467e+01
Ly a,2.967549e-06,1.188861e-04,1.218540e-04,1215.818134,0.148134,1.412618e+05,2.595172e+17,1.859400e-05,5.202168e+00,3.557229e+01,1.262022e+06,5.081817e-27,1.345692e-12,3.620874e-01,1.164153e-01,2.181909e+04,3.271997e+04,3.290552e+04,-2.013973e+02,-1.539697e+01,2.203919e+01
Ly a,2.846768e-06,1.509929e-04,1.538401e-04,1215.857019,0.187019,1.383847e+05,2.542234e+17,1.783576e-05,5.202168e+00,4.517266e+01,1.161193e+06,9.540057e-27,2.321662e-12,1.396359e-01,1.164153e-01,2.181909e+04,3.272046e+04,3.290552e+04,-2.343022e+02,-2.437038e+01,2.804821e+01
Ly a,2.800190e-06,1.657509e-04,1.685516e-04,1215.874903,0.204903,4.702045e+05,8.637883e+17,1.873031e-05,5.202168e+00,4.955385e+01,1.280594e+06,9.992843e-27,2.682704e-12,5.017233e-01,1.164153e-01,2.181909e+04,3.272046e+04,3.290503e+04,-2.837334e+02,-2.836989e+01,2.893740e+01
Ly a,2.632831e-06,1.458685e-04,1.485017e-04,1215.850529,0.180529,3.299102e+05,6.060737e+17,1.797088e-05,5.202168e+00,4.359828e+01,1.178855e+06,8.387662e-27,2.073100e-12,5.017233e-01,1.164153e-01,2.181909e+04,3.272046e+04,3.290454e+04,-2.789498e+02,-2.771919e+01,2.322809e+01
Ly a,2.465472e-06,1.298478e-04,1.323136e-04,1215.830850,0.160850,1.996705e+05,3.668180e+17,1.815207e-05,5.202168e+00,3.881474e+01,1.202746e+06,6.296797e-27,1.588039e-12,5.017233e-01,1.164153e-01,2.181909e+04,3.272046e+04,3.290405e+04,-2.575091e+02,-2.923612e+01,1.913230e+01
Ly a,2.298113e-06,1.037994e-04,1.060977e-04,1215.798980,0.128980,1.318218e+05,2.421785e+17,1.687539e-05,5.202168e+00,3.103907e+01,1.039511e+06,4.626458e-27,1.008526e-12,5.017233e-01,1.164153e-01,2.181909e+04,3.272046e+04,3.290356e+04,-2.153382e+02,-3.064154e+01,1.311710e+01
Ly a,2.130755e-06,8.786259e-05,8.999353e-05,1215.779402,0.109402,7.156750e+03,1.314837e+16,1.728124e-05,5.202168e+00,2.626798e+01,1.090113e+06,3.939145e-27,9.006003e-13,3.594934e-02,1.164153e-01,2.181909e+04,3.272046e+04,3.290308e+04,-2.058534e+02,-3.254532e+01,8.293775e+00
Ly a,2.118763e-06,1.381707e-04,1.402897e-04,1215.840546,0.170546,7.046959e+04,1.294602e+17,1.684940e-05,5.202168e+00,4.135495e+01,1.036312e+06,3.448038e-27,7.502328e-13,4.657739e-01,1.164153e-01,2.181909e+04,3.272095e+04,3.290308e+04,-1.959089e+02,-4.032637e+01,2.254912e+01
Ly a,1.963396e-06,1.276353e-04,1.295990e-04,1215.827550,0.157550,3.471821e+04,6.378175e+16,1.583772e-05,5.202168e+00,3.818521e+01,9.156022e+05,4.624136e-27,8.891589e-13,1.402398e-01,1.164153e-01,2.181909e+04,3.272095e+04,3.290259e+04,-2.133291e+02,-3.789005e+01,1.890308e+01
Ly a,1.916616e-06,1.692211e-04,1.711380e-04,1215.878047,0.208047,9.861758e+04,1.811654e+17,1.736095e-05,5.202168e+00,5.062757e+01,1.100192e+06,5.146466e-27,1.187945e-12,3.614835e-01,1.164153e-01,2.181958e+04,3.272095e+04,3.290259e+04,-2.449693e+02,-3.406830e+01,3.084269e+01
Ly a,1.796037e-06,1.539531e-04,1.557495e-04,1215.859340,0.189340,2.038650e+05,3.745151e+17,1.741335e-05,5.202168e+00,4.603475e+01,1.106844e+06,6.440131e-27,1.496630e-12,5.017233e-01,1.164153e-01,2.181958e+04,3.272095e+04,3.290210e+04,-2.644501e+02,-2.952693e+01,2.610604e+01
Ly a,1.628678e-06,1.378099e-04,1.394388e-04,1215.839512,0.169512,2.920031e+05,5.364400e+17,1.853998e-05,5.202168e+00,4.117111e+01,1.254700e+06,8.074696e-27,2.128157e-12,5.017233e-01,1.164153e-01,2.181958e+04,3.272095e+04,3.290161e+04,-2.914891e+02,-2.144378e+01,2.149355e+01
Ly a,1.461319e-06,1.063524e-04,1.078139e-04,1215.801066,0.131066,1.664925e+05,3.058737e+17,1.912964e-05,5.202168e+00,3.174118e+01,1.335780e+06,9.305377e-27,2.611731e-12,2.115346e-01,1.164153e-01,2.181958e+04,3.272095e+04,3.290112e+04,-2.918077e+02,-3.680996e+00,1.587009e+01
Ly a,1.390758e-06,1.354201e-04,1.368111e-04,1215.836317,0.166317,1.071004e+05,1.967550e+17,1.926070e-05,5.202168e+00,4.049138e+01,1.354146e+06,5.916511e-27,1.684045e-12,2.901887e-01,1.164153e-01,2.181958e+04,3.272144e+04,3.290112e+04,-2.511936e+02,-1.218738e+01,2.511846e+01
Ly a,1.293960e-06,1.056549e-04,1.069490e-04,1215.800015,0.130015,1.648655e+05,3.028849e+17,1.978560e-05,5.202168e+00,3.159337e+01,1.428960e+06,5.021361e-27,1.508294e-12,5.017233e-01,1.164153e-01,2.181958e+04,3.272144e+04,3.290063e+04,-2.196259e+02,2.134752e-01,2.054622e+01
Ly a,1.126602e-06,7.143483e-05,7.256151e-05,1215.758211,0.088211,9.898730e+04,1.818621e+17,2.084971e-05,5.202168e+00,2.135798e+01,1.586798e+06,3.422001e-27,1.141201e-12,5.017233e-01,1.164153e-01,2.181958e+04,3.272144e+04,3.290015e+04,-1.852711e+02,7.206968e+00,1.350853e+01
Ly a,9.592427e-07,3.771133e-05,3.867061e-05,1215.717011,0.047011,2.463391e+04,4.525972e+16,2.112873e-05,5.202168e+00,1.126632e+01,1.629552e+06,1.918106e-27,6.568453e-13,5.017233e-01,1.164153e-01,2.181958e+04,3.272144e+04,3.289966e+04,-1.527547e+02,1.265358e+01,6.162768e+00
Ly a,7.918839e-07,3.796686e-06,4.588573e-06,1215.675578,0.005578,2.958606e+03,5.436012e+15,2.188457e-05,5.202168e+00,1.105244e+00,1.748226e+06,1.404292e-27,5.156067e-13,3.871198e-01,1.164153e-01,2.181958e+04,3.272144e+04,3.289917e+04,-1.391963e+02,1.978805e+01,-1.899208e+00
Ly a,6.627531e-07,3.012146e-05,3.078423e-05,1215.707423,0.037423,4.135371e+02,7.597950e+14,2.185390e-05,5.202168e+00,8.997657e+00,1.743329e+06,1.282603e-27,4.694416e-13,1.146035e-01,1.164153e-01,2.181958e+04,3.272192e+04,3.289917e+04,-1.390098e+02,1.258542e+01,4.564847e+00
Ly a,6.245251e-07,-8.418815e-06,-7.794296e-06,1215.660525,-0.009475,8.711565e+02,1.600645e+15,2.265126e-05,5.202168e+00,-2.554364e+00,1.872864e+06,1.181889e-27,4.646543e-13,5.017233e-01,1.164153e-01,2.181958e+04,3.272192e+04,3.289868e+04,-1.335939e+02,1.978893e+01,-5.354121e+00
Ly a,4.571662e-07,-3.691879e-05,-3.646165e-05,1215.625675,-0.044325,4.576409e+02,8.408842e+14,2.297461e-05,5.202168e+00,-1.109617e+01,1.926716e+06,1.108943e-27,4.484780e-13,5.017233e-01,1.164153e-01,2.181958e+04,3.272192e+04,3.289819e+04,-1.273213e+02,2.290414e+01,-1.307318e+01
Ly a,2.898074e-07,-4.622671e-05,-4.593691e-05,1215.614156,-0.055844,1.462777e+02,2.687779e+14,2.316238e-05,5.202168e+00,-1.388546e+01,1.958340e+06,1.068816e-27,4.392516e-13,5.017233e-01,1.164153e-01,2.181958e+04,3.272192e+04,3.289771e+04,-1.241742e+02,2.348861e+01,-1.563343e+01
Ly a,1.224485e-07,-3.965414e-05,-3.953170e-05,1215.621943,-0.048057,1.356922e+01,2.493260e+13,2.316005e-05,5.202168e+00,-1.191419e+01,1.957945e+06,1.050875e-27,4.316253e-13,3.675310e-01,1.164153e-01,2.181958e+04,3.272192e+04,3.289722e+04,-1.225077e+02,2.227624e+01,-1.379580e+01
Si II 1193,1.276470e-05,1.877187e-04,2.004858e-04,1193.529238,0.239238,3.568176e-02,5.184387e+10,3.736449e-06,4.526412e-01,5.621338e+01,1.419995e+06,3.522410e-28,1.050073e-13,7.725479e-01,7.450581e+00,2.181738e+04,3.271387e+04,3.293457e+04,-1.833383e+02,3.467393e+01,5.574308e+01
Si II 1193,1.250700e-05,2.195591e-04,2.320689e-04,1193.566925,0.276925,6.353220e-02,9.149682e+10,3.598372e-06,4.526412e-01,6.575905e+01,1.316986e+06,3.536924e-28,9.786978e-14,2.006893e+00,7.450581e+00,2.181738e+04,3.271387e+04,3.293262e+04,-1.843385e+02,1.354931e+01,6.064076e+01
Si II 1193,1.183757e-05,2.812969e-04,2.931378e-04,1193.639798,0.349798,1.776101e-01,2.450267e+11,3.591179e-06,4.526412e-01,8.426826e+01,1.311726e+06,3.201650e-28,8.830488e-14,2.006893e+00,7.450581e+00,2.181738e+04,3.271387e+04,3.293066e+04,-1.781990e+02,-9.765699e+00,7.463421e+01
Si II 1193,1.116813e-05,3.246263e-04,3.357981e-04,1193.690704,0.400704,2.249480e-01,3.103343e+11,3.740839e-06,4.526412e-01,9.724277e+01,1.423334e+06,3.919564e-28,1.173244e-13,9.392662e-01,7.450581e+00,2.181738e+04,3.271387e+04,3.292871e+04,-1.975277e+02,-2.563314e+01,8.326508e+01
Si II 1193,1.085482e-05,1.916410e-04,2.024979e-04,1193.531639,0.241639,1.492338e-01,2.122267e+11,3.364948e-06,4.526412e-01,5.738037e+01,1.151664e+06,4.603168e-28,1.114905e-13,1.067627e+00,7.450581e+00,2.181738e+04,3.271582e+04,3.292871e+04,-2.021865e+02,-2.405932e+01,4.241327e+01
Si II 1193,1.049870e-05,1.958772e-04,2.063779e-04,1193.536269,0.246269,1.984495e-01,2.737886e+11,3.278416e-06,4.526412e-01,5.865295e+01,1.093194e+06,5.332156e-28,1.225550e-13,2.006893e+00,7.450581e+00,2.181738e+04,3.271582e+04,3.292676e+04,-1.966533e+02,-3.638942e+01,4.118782e+01
Si II 1193,9.829261e-06,1.901716e-04,2.000027e-04,1193.528661,0.238661,1.436683e-01,2.033432e+11,3.264437e-06,4.526412e-01,5.696492e+01,1.083891e+06,4.940295e-28,1.126256e-13,2.006893e+00,7.450581e+00,2.181738e+04,3.271582e+04,3.292480e+04,-1.582727e+02,-3.870786e+01,4.101145e+01
Si II 1193,9.159826e-06,2.292650e-04,2.384270e-04,1193.574513,0.284513,9.407988e-04,1.162100e+10,3.258877e-06,4.526412e-01,6.868237e+01,1.080202e+06,5.445897e-28,1.237476e-13,2.006893e+00,7.450581e+00,2.181738e+04,3.271582e+04,3.292285e+04,-1.570111e+02,-5.006554e+01,5.050923e+01
Si II 1193,8.490390e-06,2.311308e-04,2.396232e-04,1193.575940,0.285940,1.385064e-06,1.661989e+07,3.158332e-06,4.526412e-01,6.924134e+01,1.014576e+06,5.605447e-28,1.194379e-13,1.289988e+00,7.450581e+00,2.181738e+04,3.271582e+04,3.292090e+04,-1.574362e+02,-5.046632e+01,5.096829e+01
Si II 1193,8.060092e-06,2.848571e-04,2.929195e-04,1193.639538,0.349538,5.373224e-05,7.638141e+08,3.747532e-06,4.526412e-01,8.535579e+01,1.428433e+06,3.848308e-28,1.153826e-13,3.516189e-01,7.450581e+00,2.181934e+04,3.271582e+04,3.292090e+04,-1.385094e+02,-2.212412e+01,7.507306e+01
Si II 1193,7.942803e-06,2.671921e-04,2.751370e-04,1193.618318,0.328318,2.334140e-01,3.220608e+11,3.900770e-06,4.526412e-01,8.005205e+01,1.547639e+06,5.696102e-28,1.844146e-13,3.652860e-01,7.450581e+00,2.181934e+04,3.271777e+04,3.292090e+04,-1.577796e+02,-1.505878e+01,7.019763e+01
Si II 1193,7.820955e-06,1.952452e-04,2.030676e-04,1193.532319,0.242319,8.934854e-01,1.235369e+12,4.774335e-06,4.526412e-01,5.850220e+01,2.318434e+06,4.603715e-28,2.214079e-13,2.006893e+00,7.450581e+00,2.181934e+04,3.271777e+04,3.291895e+04,-1.256108e+02,-8.925421e+00,5.121718e+01
Si II 1193,7.151520e-06,1.742089e-04,1.813617e-04,1193.506417,0.216417,1.901208e-01,2.640893e+11,5.406779e-06,4.526412e-01,5.220748e+01,2.973351e+06,3.300135e-28,2.033203e-13,1.003447e+00,9.313226e-01,2.181885e+04,3.271729e+04,3.291748e+04,-9.471923e+01,-2.469404e+01,4.280725e+01
Si II 1193,6.816802e-06,1.802675e-04,1.870855e-04,1193.513247,0.223247,5.168707e-01,7.217934e+11,5.831846e-06,4.526412e-01,5.402328e+01,3.459243e+06,3.519348e-28,2.521709e-13,9.893311e-01,9.313226e-01,2.181885e+04,3.271729e+04,3.291650e+04,-9.441545e+01,-3.038913e+01,4.338036e+01
Si II 1193,6.486793e-06,1.858737e-04,1.923617e-04,1193.519543,0.229543,1.201674e-03,2.945973e+10,6.480300e-06,4.526412e-01,5.568318e+01,4.271291e+06,7.498234e-28,6.618076e-13,1.411550e-02,9.313226e-01,2.181885e+04,3.271826e+04,3.291650e+04,-1.476866e+02,-2.007068e+01,4.455564e+01
Si II 1193,6.482084e-06,1.929145e-04,1.993979e-04,1193.527939,0.237939,3.119372e+00,4.303170e+12,6.515104e-06,4.526412e-01,5.777354e+01,4.317295e+06,1.045344e-27,9.328782e-13,1.003447e+00,9.313226e-01,2.181885e+04,3.271826e+04,3.291553e+04,-1.845809e+02,-1.819365e+01,4.512492e+01
Si II 1193,6.147367e-06,1.938886e-04,2.000372e-04,1193.528702,0.238702,4.134126e+00,5.702988e+12,6.200204e-06,4.526412e-01,5.803926e+01,3.910037e+06,1.338634e-27,1.082917e-12,1.003447e+00,9.313226e-01,2.181885e+04,3.271826e+04,3.291455e+04,-2.237635e+02,-8.823582e+00,4.541720e+01
Si II 1193,5.812649e-06,2.014775e-04,2.072913e-04,1193.537359,0.247359,2.982862e+00,4.114788e+12,5.789974e-06,4.526412e-01,6.032078e+01,3.409747e+06,1.171808e-27,8.282336e-13,1.003447e+00,9.313226e-01,2.181885e+04,3.271826e+04,3.291357e+04,-2.141544e+02,-2.079602e+00,4.983543e+01
Si II 1193,5.477931e-06,2.106769e-04,2.161560e-04,1193.547937,0.257937,1.064597e+00,1.476943e+12,5.279022e-06,4.526412e-01,6.310722e+01,2.834496e+06,7.340096e-28,4.325710e-13,1.003447e+00,9.313226e-01,2.181885e+04,3.271826e+04,3.291260e+04,-1.674040e+02,3.885086e+00,5.661690e+01
Si II 1193,5.143214e-06,2.073883e-04,2.125326e-04,1193.543613,0.253613,5.262703e-02,8.397257e+10,4.902634e-06,4.526412e-01,6.213696e+01,2.444713e+06,4.948713e-28,2.523137e-13,3.370550e-01,9.313226e-01,2.181885e+04,3.271826e+04,3.291162e+04,-1.347977e+02,1.309791e+01,5.951434e+01
Si II 1193,5.030783e-06,2.011324e-04,2.061642e-04,1193.536014,0.246014,5.984388e-02,9.371873e+10,4.696474e-06,4.526412e-01,6.026887e+01,2.243432e+06,5.097061e-28,2.382556e-13,6.663916e-01,9.313226e-01,2.181885e+04,3.271924e+04,3.291162e+04,-1.189883e+02,6.902128e+00,5.703184e+01
Si II 1193,4.808496e-06,1.904650e-04,1.952744e-04,1193.523019,0.233019,3.740854e-04,6.408333e+09,4.525557e-06,4.526412e-01,5.707666e+01,2.083114e+06,4.234994e-28,1.840980e-13,1.003447e+00,9.313226e-01,2.181885e+04,3.271924e+04,3.291064e+04,-1.047412e+02,6.432546e+00,5.442004e+01
Si II 1193,4.473778e-06,1.863838e-04,1.908584e-04,1193.517749,0.227749,1.054160e-03,1.701855e+10,4.263043e-06,4.526412e-01,5.585485e+01,1.848453e+06,5.218039e-28,2.017614e-13,1.003447e+00,9.313226e-01,2.181885e+04,3.271924e+04,3.290967e+04,-1.005973e+02,4.884321e+00,5.303445e+01
Si II 1193,4.139061e-06,1.743201e-04,1.784599e-04,1193.502954,0.212954,1.957747e-02,4.209893e+10,3.985355e-06,4.526412e-01,5.224228e+01,1.615485e+06,6.183101e-28,2.093971e-13,1.003447e+00,9.313226e-01,2.181885e+04,3.271924e+04,3.290869e+04,-9.017473e+01,1.144672e+00,4.903059e+01
Si II 1193,3.804343e-06,1.694172e-04,1.732222e-04,1193.496704,0.206704,8.318115e-01,1.147686e+12,3.600015e-06,4.526412e-01,5.077582e+01,1.318188e+06,7.080688e-28,1.957696e-13,5.017233e-01,1.164153e-01,2.181909e+04,3.271948e+04,3.290796e+04,-7.888546e+01,-5.871310e-01,4.774072e+01
Si II 1193,3.636984e-06,1.601708e-04,1.638084e-04,1193.485471,0.195471,5.018804e-01,6.924658e+11,3.557392e-06,4.526412e-01,4.800342e+01,1.287160e+06,8.066622e-28,2.178416e-13,1.865022e-01,1.164153e-01,2.181909e+04,3.271948e+04,3.290747e+04,-8.194451e+01,8.966935e-01,4.506644e+01
Si II 1193,3.574773e-06,1.641238e-04,1.676992e-04,1193.490114,0.200114,4.294940e+00,5.925803e+12,3.466707e-06,4.526412e-01,4.918755e+01,1.222372e+06,1.212425e-27,3.108033e-13,3.152211e-01,1.164153e-01,2.181909e+04,3.271997e+04,3.290747e+04,-8.457662e+01,2.065239e+00,4.640839e+01
Si II 1193,3.469625e-06,1.451125e-04,1.485826e-04,1193.467302,0.177302,7.054968e+00,9.733957e+12,3.395530e-06,4.526412e-01,4.348862e+01,1.172692e+06,1.282233e-27,3.158190e-13,5.017233e-01,1.164153e-01,2.181909e+04,3.271997e+04,3.290698e+04,-8.585231e+01,1.517956e+00,4.035726e+01
Si II 1193,3.302266e-06,1.406611e-04,1.439638e-04,1193.461791,0.171791,1.768691e+01,2.440370e+13,3.517575e-06,4.526412e-01,4.214654e+01,1.258507e+06,2.020151e-27,5.338737e-13,5.017233e-01,1.164153e-01,2.181909e+04,3.271997e+04,3.290649e+04,-1.104017e+02,-2.284836e+00,3.676649e+01
Si II 1193,3.134908e-06,1.302509e-04,1.333863e-04,1193.449168,0.159168,3.060429e+01,4.222743e+13,3.565322e-06,4.526412e-01,3.900844e+01,1.292904e+06,3.448337e-27,9.358122e-13,5.017233e-01,1.164153e-01,2.181909e+04,3.271997e+04,3.290601e+04,-1.513303e+02,-8.711438e+00,2.983467e+01
Si II 1193,2.967549e-06,1.188861e-04,1.218540e-04,1193.435407,0.145407,2.764412e+01,3.814312e+13,3.522484e-06,4.526412e-01,3.557229e+01,1.262022e+06,5.081817e-27,1.345692e-12,3.620874e-01,1.164153e-01,2.181909e+04,3.271997e+04,3.290552e+04,-2.013973e+02,-1.539697e+01,2.203919e+01
Si II 1193,2.846768e-06,1.509929e-04,1.538401e-04,1193.473576,0.183576,2.950903e+01,4.071424e+13,3.378841e-06,4.526412e-01,4.517266e+01,1.161193e+06,9.540057e-27,2.321662e-12,1.396359e-01,1.164153e-01,2.181909e+04,3.272046e+04,3.290552e+04,-2.343022e+02,-2.437038e+01,2.804821e+01
Si II 1193,2.800190e-06,1.657509e-04,1.685516e-04,1193.491131,0.201131,9.097813e+01,1.255066e+14,3.548308e-06,4.526412e-01,4.955385e+01,1.280594e+06,9.992843e-27,2.682704e-12,5.017233e-01,1.164153e-01,2.181909e+04,3.272046e+04,3.290503e+04,-2.837334e+02,-2.836989e+01,2.893740e+01
Si II 1193,2.632831e-06,1.458685e-04,1.485017e-04,1193.467206,0.177206,8.274198e+01,1.141618e+14,3.404440e-06,4.526412e-01,4.359828e+01,1.178855e+06,8.387662e-27,2.073100e-12,5.017233e-01,1.164153e-01,2.181909e+04,3.272046e+04,3.290454e+04,-2.789498e+02,-2.771919e+01,2.322809e+01
Si II 1193,2.465472e-06,1.298478e-04,1.323136e-04,1193.447888,0.157888,5.072362e+01,6.998644e+13,3.438765e-06,4.526412e-01,3.881474e+01,1.202746e+06,6.296797e-27,1.588039e-12,5.017233e-01,1.164153e-01,2.181909e+04,3.272046e+04,3.290405e+04,-2.575091e+02,-2.923612e+01,1.913230e+01
Si II 1193,2.298113e-06,1.037994e-04,1.060977e-04,1193.416605,0.126605,2.072747e+01,2.859917e+13,3.196907e-06,4.526412e-01,3.103907e+01,1.039511e+06,4.626458e-27,1.008526e-12,5.017233e-01,1.164153e-01,2.181909e+04,3.272046e+04,3.290356e+04,-2.153382e+02,-3.064154e+01,1.311710e+01
Si II 1193,2.130755e-06,8.786259e-05,8.999353e-05,1193.397388,0.107388,8.397839e-01,1.158733e+12,3.273793e-06,4.526412e-01,2.626798e+01,1.090113e+06,3.939145e-27,9.006003e-13,3.594934e-02,1.164153e-01,2.181909e+04,3.272046e+04,3.290308e+04,-2.058534e+02,-3.254532e+01,8.293775e+00
Si II 1193,2.118763e-06,1.381707e-04,1.402897e-04,1193.457406,0.167406,5.524804e+00,7.622704e+12,3.191984e-06,4.526412e-01,4.135495e+01,1.036312e+06,3.448038e-27,7.502328e-13,4.657739e-01,1.164153e-01,2.181909e+04,3.272095e+04,3.290308e+04,-1.959089e+02,-4.032637e+01,2.254912e+01
Si II 1193,1.963396e-06,1.276353e-04,1.295990e-04,1193.444649,0.154649,2.466160e+00,3.402639e+12,3.000329e-06,4.526412e-01,3.818521e+01,9.156022e+05,4.624136e-27,8.891589e-13,1.402398e-01,1.164153e-01,2.181909e+04,3.272095e+04,3.290259e+04,-2.133291e+02,-3.789005e+01,1.890308e+01
Si II 1193,1.916616e-06,1.692211e-04,1.711380e-04,1193.494217,0.204217,2.838136e+00,3.915742e+12,3.288893e-06,4.526412e-01,5.062757e+01,1.100192e+06,5.146466e-27,1.187945e-12,3.614835e-01,1.164153e-01,2.181958e+04,3.272095e+04,3.290259e+04,-2.449693e+02,-3.406830e+01,3.084269e+01
Si II 1193,1.796037e-06,1.539531e-04,1.557495e-04,1193.475854,0.185854,5.290358e+00,7.299159e+12,3.298820e-06,4.526412e-01,4.603475e+01,1.106844e+06,6.440131e-27,1.496630e-12,5.017233e-01,1.164153e-01,2.181958e+04,3.272095e+04,3.290210e+04,-2.644501e+02,-2.952693e+01,2.610604e+01
Si II 1193,1.628678e-06,1.378099e-04,1.394388e-04,1193.456391,0.166391,6.925192e+00,9.555136e+12,3.512250e-06,4.526412e-01,4.117111e+01,1.254700e+06,8.074696e-27,2.128157e-12,5.017233e-01,1.164153e-01,2.181958e+04,3.272095e+04,3.290161e+04,-2.914891e+02,-2.144378e+01,2.149355e+01
Si II 1193,1.461319e-06,1.063524e-04,1.078139e-04,1193.418653,0.128653,5.176370e+00,7.142574e+12,3.623957e-06,4.526412e-01,3.174118e+01,1.335780e+06,9.305377e-27,2.611731e-12,2.115346e-01,1.164153e-01,2.181958e+04,3.272095e+04,3.290112e+04,-2.918077e+02,-3.680996e+00,1.587009e+01
Si II 1193,1.390758e-06,1.354201e-04,1.368111e-04,1193.453255,0.163255,3.295101e+00,4.546616e+12,3.648785e-06,4.526412e-01,4.049138e+01,1.354146e+06,5.916511e-27,1.684045e-12,2.901887e-01,1.164153e-01,2.181958e+04,3.272144e+04,3.290112e+04,-2.511936e+02,-1.218738e+01,2.511846e+01
Si II 1193,1.293960e-06,1.056549e-04,1.069490e-04,1193.417621,0.127621,6.452333e+00,8.903576e+12,3.748224e-06,4.526412e-01,3.159337e+01,1.428960e+06,5.021361e-27,1.508294e-12,5.017233e-01,1.164153e-01,2.181958e+04,3.272144e+04,3.290063e+04,-2.196259e+02,2.134752e-01,2.054622e+01
Si II 1193,1.126602e-06,7.143483e-05,7.256151e-05,1193.376587,0.086587,5.214461e+00,7.196524e+12,3.949811e-06,4.526412e-01,2.135798e+01,1.586798e+06,3.422001e-27,1.141201e-12,5.017233e-01,1.164153e-01,2.181958e+04,3.272144e+04,3.290015e+04,-1.852711e+02,7.206968e+00,1.350853e+01
Si II 1193,9.592427e-07,3.771133e-05,3.867061e-05,1193.336145,0.046145,2.437542e+00,3.364337e+12,4.002668e-06,4.526412e-01,1.126632e+01,1.629552e+06,1.918106e-27,6.568453e-13,5.017233e-01,1.164153e-01,2.181958e+04,3.272144e+04,3.289966e+04,-1.527547e+02,1.265358e+01,6.162768e+00
Si II 1193,7.918839e-07,3.796686e-06,4.588573e-06,1193.295475,0.005475,7.620205e-01,1.051956e+12,4.145856e-06,4.526412e-01,1.105244e+00,1.748226e+06,1.404292e-27,5.156067e-13,3.871198e-01,1.164153e-01,2.181958e+04,3.272144e+04,3.289917e+04,-1.391963e+02,1.978805e+01,-1.899208e+00
Si II 1193,6.627531e-07,3.012146e-05,3.078423e-05,1193.326735,0.036735,4.294925e-02,6.421142e+10,4.140047e-06,4.526412e-01,8.997657e+00,1.743329e+06,1.282603e-27,4.694416e-13,1.146035e-01,1.164153e-01,2.181958e+04,3.272192e+04,3.289917e+04,-1.390098e+02,1.258542e+01,4.564847e+00
Si II 1193,6.245251e-07,-8.418815e-06,-7.794296e-06,1193.280699,-0.009301,9.611389e-02,1.327170e+11,4.291100e-06,4.526412e-01,-2.554364e+00,1.872864e+06,1.181889e-27,4.646543e-13,5.017233e-01,1.164153e-01,2.181958e+04,3.272192e+04,3.289868e+04,-1.335939e+02,1.978893e+01,-5.354121e+00
Si II 1193,4.571662e-07,-3.691879e-05,-3.646165e-05,1193.246491,-0.043509,5.039269e-02,7.663072e+10,4.352356e-06,4.526412e-01,-1.109617e+01,1.926716e+06,1.108943e-27,4.484780e-13,5.017233e-01,1.164153e-01,2.181958e+04,3.272192e+04,3.289819e+04,-1.273213e+02,2.290414e+01,-1.307318e+01
Si II 1193,2.898074e-07,-4.622671e-05,-4.593691e-05,1193.235184,-0.054816,1.456233e-03,2.418541e+10,4.387928e-06,4.526412e-01,-1.388546e+01,1.958340e+06,1.068816e-27,4.392516e-13,5.017233e-01,1.164153e-01,2.181958e+04,3.272192e+04,3.289771e+04,-1.241742e+02,2.348861e+01,-1.563343e+01
Si II 1193,1.224485e-07,-3.965414e-05,-3.953170e-05,1193.242827,-0.047173,1.219596e-04,2.025841e+09,4.387486e-06,4.526412e-01,-1.191419e+01,1.957945e+06,1.050875e-27,4.316253e-13,3.675310e-01,1.164153e-01,2.181958e+04,3.272192e+04,3.289722e+04,-1.225077e+02,2.227624e+01,-1.379580e+01
Si III 1206,1.276470e-05,1.877187e-04,2.004858e-04,1206.741886,0.241886,6.407531e-01,3.050813e+11,3.736449e-06,5.074064e-01,5.621338e+01,1.419995e+06,3.522410e-28,1.050073e-13,7.725479e-01,7.450581e+00,2.181738e+04,3.271387e+04,3.293457e+04,-1.833383e+02,3.467393e+01,5.574308e+01
Si III 1206,1.250700e-05,2.195591e-04,2.320689e-04,1206.779991,0.279991,1.267159e+00,6.032828e+11,3.598372e-06,5.074064e-01,6.575905e+01,1.316986e+06,3.536924e-28,9.786978e-14,2.006893e+00,7.450581e+00,2.181738e+04,3.271387e+04,3.293262e+04,-1.843385e+02,1.354931e+01,6.064076e+01
Si III 1206,1.183757e-05,2.812969e-04,2.931378e-04,1206.853671,0.353671,2.049514e+00,9.756917e+11,3.591179e-06,5.074064e-01,8.426826e+01,1.311726e+06,3.201650e-28,8.830488e-14,2.006893e+00,7.450581e+00,2.181738e+04,3.271387e+04,3.293066e+04,-1.781990e+02,-9.765699e+00,7.463421e+01
Si III 1206,1.116813e-05,3.246263e-04,3.357981e-04,1206.905140,0.405140,2.344097e+00,1.115944e+12,3.740839e-06,5.074064e-01,9.724277e+01,1.423334e+06,3.919564e-28,1.173244e-13,9.392662e-01,7.450581e+00,2.181738e+04,3.271387e+04,3.292871e+04,-1.975277e+02,-2.563314e+01,8.326508e+01
Si III 1206,1.085482e-05,1.916410e-04,2.024979e-04,1206.744314,0.244314,1.620685e+00,7.715819e+11,3.364948e-06,5.074064e-01,5.738037e+01,1.151664e+06,4.603168e-28,1.114905e-13,1.067627e+00,7.450581e+00,2.181738e+04,3.271582e+04,3.292871e+04,-2.021865e+02,-2.405932e+01,4.241327e+01
Si III 1206,1.049870e-05,1.958772e-04,2.063779e-04,1206.748995,0.248995,2.073060e+00,9.869394e+11,3.278416e-06,5.074064e-01,5.865295e+01,1.093194e+06,5.332156e-28,1.225550e-13,2.006893e+00,7.450581e+00,2.181738e+04,3.271582e+04,3.292676e+04,-1.966533e+02,-3.638942e+01,4.118782e+01
Si III 1206,9.829261e-06,1.901716e-04,2.000027e-04,1206.741303,0.241303,8.235730e-01,3.920876e+11,3.264437e-06,5.074064e-01,5.696492e+01,1.083891e+06,4.940295e-28,1.126256e-13,2.006893e+00,7.450581e+00,2.181738e+04,3.271582e+04,3.292480e+04,-1.582727e+02,-3.870786e+01,4.101145e+01
Si III 1206,9.159826e-06,2.292650e-04,2.384270e-04,1206.787662,0.287662,3.451356e-02,1.687793e+10,3.258877e-06,5.074064e-01,6.868237e+01,1.080202e+06,5.445897e-28,1.237476e-13,2.006893e+00,7.450581e+00,2.181738e+04,3.271582e+04,3.292285e+04,-1.570111e+02,-5.006554e+01,5.050923e+01
Si III 1206,8.490390e-06,2.311308e-04,2.396232e-04,1206.789105,0.289105,8.172869e-06,3.416631e+07,3.158332e-06,5.074064e-01,6.924134e+01,1.014576e+06,5.605447e-28,1.194379e-13,1.289988e+00,7.450581e+00,2.181738e+04,3.271582e+04,3.292090e+04,-1.574362e+02,-5.046632e+01,5.096829e+01
Si III 1206,8.060092e-06,2.848571e-04,2.929195e-04,1206.853407,0.353407,3.804395e-04,1.884111e+09,3.747532e-06,5.074064e-01,8.535579e+01,1.428433e+06,3.848308e-28,1.153826e-13,3.516189e-01,7.450581e+00,2.181934e+04,3.271582e+04,3.292090e+04,-1.385094e+02,-2.212412e+01,7.507306e+01
Si III 1206,7.942803e-06,2.671921e-04,2.751370e-04,1206.831953,0.331953,1.318946e+00,6.280055e+11,3.900770e-06,5.074064e-01,8.005205e+01,1.547639e+06,5.696102e-28,1.844146e-13,3.652860e-01,7.450581e+00,2.181934e+04,3.271777e+04,3.292090e+04,-1.577796e+02,-1.505878e+01,7.019763e+01
Si III 1206,7.820955e-06,1.952452e-04,2.030676e-04,1206.745001,0.245001,6.058019e+00,2.883773e+12,4.774335e-06,5.074064e-01,5.850220e+01,2.318434e+06,4.603715e-28,2.214079e-13,2.006893e+00,7.450581e+00,2.181934e+04,3.271777e+04,3.291895e+04,-1.256108e+02,-8.925421e+00,5.121718e+01
Si III 1206,7.151520e-06,1.742089e-04,1.813617e-04,1206.718813,0.218813,1.120132e+00,5.332234e+11,5.406779e-06,5.074064e-01,5.220748e+01,2.973351e+06,3.300135e-28,2.033203e-13,1.003447e+00,9.313226e-01,2.181885e+04,3.271729e+04,3.291748e+04,-9.471923e+01,-2.469404e+01,4.280725e+01
Si III 1206,6.816802e-06,1.802675e-04,1.870855e-04,1206.725719,0.225719,2.379842e+00,1.132886e+12,5.831846e-06,5.074064e-01,5.402328e+01,3.459243e+06,3.519348e-28,2.521709e-13,9.893311e-01,9.313226e-01,2.181885e+04,3.271729e+04,3.291650e+04,-9.441545e+01,-3.038913e+01,4.338036e+01
Si III 1206,6.486793e-06,1.858737e-04,1.923617e-04,1206.732084,0.232084,8.157271e-02,3.984812e+10,6.480300e-06,5.074064e-01,5.568318e+01,4.271291e+06,7.498234e-28,6.618076e-13,1.411550e-02,9.313226e-01,2.181885e+04,3.271826e+04,3.291650e+04,-1.476866e+02,-2.007068e+01,4.455564e+01
Si III 1206,6.482084e-06,1.929145e-04,1.993979e-04,1206.740574,0.240574,1.129055e+01,5.374673e+12,6.515104e-06,5.074064e-01,5.777354e+01,4.317295e+06,1.045344e-27,9.328782e-13,1.003447e+00,9.313226e-01,2.181885e+04,3.271826e+04,3.291553e+04,-1.845809e+02,-1.819365e+01,4.512492e+01
Si III 1206,6.147367e-06,1.938886e-04,2.000372e-04,1206.741345,0.241345,1.502741e+01,7.153493e+12,6.200204e-06,5.074064e-01,5.803926e+01,3.910037e+06,1.338634e-27,1.082917e-12,1.003447e+00,9.313226e-01,2.181885e+04,3.271826e+04,3.291455e+04,-2.237635e+02,-8.823582e+00,4.541720e+01
Si III 1206,5.812649e-06,2.014775e-04,2.072913e-04,1206.750097,0.250097,1.145173e+01,5.451307e+12,5.789974e-06,5.074064e-01,6.032078e+01,3.409747e+06,1.171808e-27,8.282336e-13,1.003447e+00,9.313226e-01,2.181885e+04,3.271826e+04,3.291357e+04,-2.141544e+02,-2.079602e+00,4.983543e+01
Si III 1206,5.477931e-06,2.106769e-04,2.161560e-04,1206.760792,0.260792,4.703600e+00,2.239007e+12,5.279022e-06,5.074064e-01,6.310722e+01,2.834496e+06,7.340096e-28,4.325710e-13,1.003447e+00,9.313226e-01,2.181885e+04,3.271826e+04,3.291260e+04,-1.674040e+02,3.885086e+00,5.661690e+01
Si III 1206,5.143214e-06,2.073883e-04,2.125326e-04,1206.756421,0.256421,3.471098e-01,1.657698e+11,4.902634e-06,5.074064e-01,6.213696e+01,2.444713e+06,4.948713e-28,2.523137e-13,3.370550e-01,9.313226e-01,2.181885e+04,3.271826e+04,3.291162e+04,-1.347977e+02,1.309791e+01,5.951434e+01
Si III 1206,5.030783e-06,2.011324e-04,2.061642e-04,1206.748737,0.248737,4.090522e-01,1.951418e+11,4.696474e-06,5.074064e-01,6.026887e+01,2.243432e+06,5.097061e-28,2.382556e-13,6.663916e-01,9.313226e-01,2.181885e+04,3.271924e+04,3.291162e+04,-1.189883e+02,6.902128e+00,5.703184e+01
Si III 1206,4.808496e-06,1.904650e-04,1.952744e-04,1206.735599,0.235599,4.754224e-02,2.541939e+10,4.525557e-06,5.074064e-01,5.707666e+01,2.083114e+06,4.234994e-28,1.840980e-13,1.003447e+00,9.313226e-01,2.181885e+04,3.271924e+04,3.291064e+04,-1.047412e+02,6.432546e+00,5.442004e+01
Si III 1206,4.473778e-06,1.863838e-04,1.908584e-04,1206.730271,0.230271,1.010025e-03,5.693314e+09,4.263043e-06,5.074064e-01,5.585485e+01,1.848453e+06,5.218039e-28,2.017614e-13,1.003447e+00,9.313226e-01,2.181885e+04,3.271924e+04,3.290967e+04,-1.005973e+02,4.884321e+00,5.303445e+01
Si III 1206,4.139061e-06,1.743201e-04,1.784599e-04,1206.715312,0.215312,1.788747e-02,1.338030e+10,3.985355e-06,5.074064e-01,5.224228e+01,1.615485e+06,6.183101e-28,2.093971e-13,1.003447e+00,9.313226e-01,2.181885e+04,3.271924e+04,3.290869e+04,-9.017473e+01,1.144672e+00,4.903059e+01
Si III 1206,3.804343e-06,1.694172e-04,1.732222e-04,1206.708993,0.208993,6.085239e-01,2.897296e+11,3.600015e-06,5.074064e-01,5.077582e+01,1.318188e+06,7.080688e-28,1.957696e-13,5.017233e-01,1.164153e-01,2.181909e+04,3.271948e+04,3.290796e+04,-7.888546e+01,-5.871310e-01,4.774072e+01
Si III 1206,3.636984e-06,1.601708e-04,1.638084e-04,1206.697635,0.197635,3.684412e-01,1.754213e+11,3.557392e-06,5.074064e-01,4.800342e+01,1.287160e+06,8.066622e-28,2.178416e-13,1.865022e-01,1.164153e-01,2.181909e+04,3.271948e+04,3.290747e+04,-8.194451e+01,8.966935e-01,4.506644e+01
Si III 1206,3.574773e-06,1.641238e-04,1.676992e-04,1206.702329,0.202329,3.109231e+00,1.480327e+12,3.466707e-06,5.074064e-01,4.918755e+01,1.222372e+06,1.212425e-27,3.108033e-13,3.152211e-01,1.164153e-01,2.181909e+04,3.271997e+04,3.290747e+04,-8.457662e+01,2.065239e+00,4.640839e+01
Si III 1206,3.469625e-06,1.451125e-04,1.485826e-04,1206.679265,0.179265,4.971197e+00,2.366844e+12,3.395530e-06,5.074064e-01,4.348862e+01,1.172692e+06,1.282233e-27,3.158190e-13,5.017233e-01,1.164153e-01,2.181909e+04,3.271997e+04,3.290698e+04,-8.585231e+01,1.517956e+00,4.035726e+01
Si III 1206,3.302266e-06,1.406611e-04,1.439638e-04,1206.673692,0.173692,1.161666e+01,5.530955e+12,3.517575e-06,5.074064e-01,4.214654e+01,1.258507e+06,2.020151e-27,5.338737e-13,5.017233e-01,1.164153e-01,2.181909e+04,3.271997e+04,3.290649e+04,-1.104017e+02,-2.284836e+00,3.676649e+01
Si III 1206,3.134908e-06,1.302509e-04,1.333863e-04,1206.660931,0.160931,1.933995e+01,9.208391e+12,3.565322e-06,5.074064e-01,3.900844e+01,1.292904e+06,3.448337e-27,9.358122e-13,5.017233e-01,1.164153e-01,2.181909e+04,3.271997e+04,3.290601e+04,-1.513303e+02,-8.711438e+00,2.983467e+01
Si III 1206,2.967549e-06,1.188861e-04,1.218540e-04,1206.647017,0.147017,1.783054e+01,8.489722e+12,3.522484e-06,5.074064e-01,3.557229e+01,1.262022e+06,5.081817e-27,1.345692e-12,3.620874e-01,1.164153e-01,2.181909e+04,3.271997e+04,3.290552e+04,-2.013973e+02,-1.539697e+01,2.203919e+01
Si III 1206,2.846768e-06,1.509929e-04,1.538401e-04,1206.685608,0.185608,1.780675e+01,8.477931e+12,3.378841e-06,5.074064e-01,4.517266e+01,1.161193e+06,9.540057e-27,2.321662e-12,1.396359e-01,1.164153e-01,2.181909e+04,3.272046e+04,3.290552e+04,-2.343022e+02,-2.437038e+01,2.804821e+01
Si III 1206,2.800190e-06,1.657509e-04,1.685516e-04,1206.703357,0.203357,6.399344e+01,3.046353e+13,3.548308e-06,5.074064e-01,4.955385e+01,1.280594e+06,9.992843e-27,2.682704e-12,5.017233e-01,1.164153e-01,2.181909e+04,3.272046e+04,3.290503e+04,-2.837334e+02,-2.836989e+01,2.893740e+01
Si III 1206,2.632831e-06,1.458685e-04,1.485017e-04,1206.679167,0.179167,6.939649e+01,3.304050e+13,3.404440e-06,5.074064e-01,4.359828e+01,1.178855e+06,8.387662e-27,2.073100e-12,5.017233e-01,1.164153e-01,2.181909e+04,3.272046e+04,3.290454e+04,-2.789498e+02,-2.771919e+01,2.322809e+01
Si III 1206,2.465472e-06,1.298478e-04,1.323136e-04,1206.659636,0.159636,4.751654e+01,2.262367e+13,3.438765e-06,5.074064e-01,3.881474e+01,1.202746e+06,6.296797e-27,1.588039e-12,5.017233e-01,1.164153e-01,2.181909e+04,3.272046e+04,3.290405e+04,-2.575091e+02,-2.923612e+01,1.913230e+01
Si III 1206,2.298113e-06,1.037994e-04,1.060977e-04,1206.628007,0.128007,1.900583e+01,9.049132e+12,3.196907e-06,5.074064e-01,3.103907e+01,1.039511e+06,4.626458e-27,1.008526e-12,5.017233e-01,1.164153e-01,2.181909e+04,3.272046e+04,3.290356e+04,-2.153382e+02,-3.064154e+01,1.311710e+01
Si III 1206,2.130755e-06,8.786259e-05,8.999353e-05,1206.608577,0.108577,5.894865e-01,2.806744e+11,3.273793e-06,5.074064e-01,2.626798e+01,1.090113e+06,3.939145e-27,9.006003e-13,3.594934e-02,1.164153e-01,2.181909e+04,3.272046e+04,3.290308e+04,-2.058534e+02,-3.254532e+01,8.293775e+00
Si III 1206,2.118763e-06,1.381707e-04,1.402897e-04,1206.669260,0.169260,4.249182e+00,2.023068e+12,3.191984e-06,5.074064e-01,4.135495e+01,1.036312e+06,3.448038e-27,7.502328e-13,4.657739e-01,1.164153e-01,2.181909e+04,3.272095e+04,3.290308e+04,-1.959089e+02,-4.032637e+01,2.254912e+01
Si III 1206,1.963396e-06,1.276353e-04,1.295990e-04,1206.656361,0.156361,1.678395e+00,7.991006e+11,3.000329e-06,5.074064e-01,3.818521e+01,9.156022e+05,4.624136e-27,8.891589e-13,1.402398e-01,1.164153e-01,2.181909e+04,3.272095e+04,3.290259e+04,-2.133291e+02,-3.789005e+01,1.890308e+01
Si III 1206,1.916616e-06,1.692211e-04,1.711380e-04,1206.706478,0.206478,1.795472e+00,8.548161e+11,3.288893e-06,5.074064e-01,5.062757e+01,1.100192e+06,5.146466e-27,1.187945e-12,3.614835e-01,1.164153e-01,2.181958e+04,3.272095e+04,3.290259e+04,-2.449693e+02,-3.406830e+01,3.084269e+01
Si III 1206,1.796037e-06,1.539531e-04,1.557495e-04,1206.687912,0.187912,3.272743e+00,1.558164e+12,3.298820e-06,5.074064e-01,4.603475e+01,1.106844e+06,6.440131e-27,1.496630e-12,5.017233e-01,1.164153e-01,2.181958e+04,3.272095e+04,3.290210e+04,-2.644501e+02,-2.952693e+01,2.610604e+01
Si III 1206,1.628678e-06,1.378099e-04,1.394388e-04,1206.668233,0.168233,3.935225e+00,1.873657e+12,3.512250e-06,5.074064e-01,4.117111e+01,1.254700e+06,8.074696e-27,2.128157e-12,5.017233e-01,1.164153e-01,2.181958e+04,3.272095e+04,3.290161e+04,-2.914891e+02,-2.144378e+01,2.149355e+01
Si III 1206,1.461319e-06,1.063524e-04,1.078139e-04,1206.630077,0.130077,2.340370e+00,1.114375e+12,3.623957e-06,5.074064e-01,3.174118e+01,1.335780e+06,9.305377e-27,2.611731e-12,2.115346e-01,1.164153e-01,2.181958e+04,3.272095e+04,3.290112e+04,-2.918077e+02,-3.680996e+00,1.587009e+01
Si III 1206,1.390758e-06,1.354201e-04,1.368111e-04,1206.665063,0.165063,2.044258e+00,9.733580e+11,3.648785e-06,5.074064e-01,4.049138e+01,1.354146e+06,5.916511e-27,1.684045e-12,2.901887e-01,1.164153e-01,2.181958e+04,3.272144e+04,3.290112e+04,-2.511936e+02,-1.218738e+01,2.511846e+01
Si III 1206,1.293960e-06,1.056549e-04,1.069490e-04,1206.629034,0.129034,3.544859e+00,1.687980e+12,3.748224e-06,5.074064e-01,3.159337e+01,1.428960e+06,5.021361e-27,1.508294e-12,5.017233e-01,1.164153e-01,2.181958e+04,3.272144e+04,3.290063e+04,-2.196259e+02,2.134752e-01,2.054622e+01
Si III 1206,1.126602e-06,7.143483e-05,7.256151e-05,1206.587545,0.087545,2.902979e+00,1.382565e+12,3.949811e-06,5.074064e-01,2.135798e+01,1.586798e+06,3.422001e-27,1.141201e-12,5.017233e-01,1.164153e-01,2.181958e+04,3.272144e+04,3.290015e+04,-1.852711e+02,7.206968e+00,1.350853e+01
Si III 1206,9.592427e-07,3.771133e-05,3.867061e-05,1206.546656,0.046656,1.768053e+00,8.421190e+11,4.002668e-06,5.074064e-01,1.126632e+01,1.629552e+06,1.918106e-27,6.568453e-13,5.017233e-01,1.164153e-01,2.181958e+04,3.272144e+04,3.289966e+04,-1.527547e+02,1.265358e+01,6.162768e+00
Si III 1206,7.918839e-07,3.796686e-06,4.588573e-06,1206.505536,0.005536,7.292739e-01,3.474256e+11,4.145856e-06,5.074064e-01,1.105244e+00,1.748226e+06,1.404292e-27,5.156067e-13,3.871198e-01,1.164153e-01,2.181958e+04,3.272144e+04,3.289917e+04,-1.391963e+02,1.978805e+01,-1.899208e+00
Si III 1206,6.627531e-07,3.012146e-05,3.078423e-05,1206.537141,0.037141,1.547242e-01,7.370807e+10,4.140047e-06,5.074064e-01,8.997657e+00,1.743329e+06,1.282603e-27,4.694416e-13,1.146035e-01,1.164153e-01,2.181958e+04,3.272192e+04,3.289917e+04,-1.390098e+02,1.258542e+01,4.564847e+00
Si III 1206,6.245251e-07,-8.418815e-06,-7.794296e-06,1206.490596,-0.009404,3.867578e-01,1.843032e+11,4.291100e-06,5.074064e-01,-2.554364e+00,1.872864e+06,1.181889e-27,4.646543e-13,5.017233e-01,1.164153e-01,2.181958e+04,3.272192e+04,3.289868e+04,-1.335939e+02,1.978893e+01,-5.354121e+00
Si III 1206,4.571662e-07,-3.691879e-05,-3.646165e-05,1206.456009,-0.043991,1.898336e-01,9.047638e+10,4.352356e-06,5.074064e-01,-1.109617e+01,1.926716e+06,1.108943e-27,4.484780e-13,5.017233e-01,1.164153e-01,2.181958e+04,3.272192e+04,3.289819e+04,-1.273213e+02,2.290414e+01,-1.307318e+01
Si III 1206,2.898074e-07,-4.622671e-05,-4.593691e-05,1206.444577,-0.055423,5.526279e-02,2.920135e+10,4.387928e-06,5.074064e-01,-1.388546e+01,1.958340e+06,1.068816e-27,4.392516e-13,5.017233e-01,1.164153e-01,2.181958e+04,3.272192e+04,3.289771e+04,-1.241742e+02,2.348861e+01,-1.563343e+01
Si III 1206,1.224485e-07,-3.965414e-05,-3.953170e-05,1206.452305,-0.047695,5.006705e-04,2.901740e+09,4.387486e-06,5.074064e-01,-1.191419e+01,1.957945e+06,1.050875e-27,4.316253e-13,3.675310e-01,1.164153e-01,2.181958e+04,3.272192e+04,3.289722e+04,-1.225077e+02,2.227624e+01,-1.379580e+01
