Line	 z_cosmo	 z_doppler	 z_effective	 wavelength [A]	delta wavelength [A]	 optical depth	column density [cm^-2]	 thermal broadening [km/s]	equivalent width [A]	 velocity_los [km/s]	temperature [K]	 density [g/cm^3]	 pressure [dyne/cm^2]	dl [kpccm/h]	 cell_volume [kpccm/h^3]	 x [kpccm/h]	y [kpccm/h]	 z [kpccm/h]	 v_x [km/s]	 v_y [km/s]	v_z [km/s]	 
Line,z_cosmo,z_dopp,z_eff,lambda,delta_lamdba,tau,N,thermal_b,EW,v_los,T,rho,p,dl,cell_volume,x,y,z,vx,vy,vz
C II 1335,1.513835e-05,3.400051e-04,3.551486e-04,1335.005957,0.473957,1.126723e-04,1.274080e+10,7.509166e-06,7.140287e-01,1.018774e+02,2.452667e+06,1.430144e-28,7.299705e-14,9.793890e-01,7.450581e+00,2.181934e+04,3.270801e+04,3.294043e+04,-1.422188e+02,1.237896e+01,1.082460e+02
C II 1335,1.481165e-05,3.470138e-04,3.618306e-04,1335.014875,0.482875,7.811843e-05,8.531321e+09,7.252177e-06,7.140287e-01,1.039825e+02,2.287662e+06,1.342665e-28,6.393629e-14,6.357838e-01,7.450581e+00,2.181934e+04,3.270801e+04,3.293848e+04,-1.334063e+02,7.721746e+00,1.091402e+02
C II 1335,1.459958e-05,3.338701e-04,3.484746e-04,1334.997051,0.465051,4.812519e-04,4.899884e+10,6.760175e-06,7.140287e-01,1.000319e+02,1.987792e+06,1.627634e-28,6.743868e-14,1.412100e+00,7.450581e+00,2.181934e+04,3.270996e+04,3.293848e+04,-1.562647e+02,1.318856e+01,1.063217e+02
C II 1335,1.412854e-05,2.945813e-04,3.087140e-04,1334.943989,0.411989,7.910836e-02,4.059649e+11,6.446829e-06,7.140287e-01,8.826721e+01,1.807788e+06,1.490822e-28,5.621261e-14,2.047884e+00,7.450581e+00,2.181934e+04,3.270996e+04,3.293652e+04,-1.338125e+02,1.974193e+01,9.643918e+01
C II 1335,1.344543e-05,2.501156e-04,2.635644e-04,1334.883735,0.351735,1.899904e-01,9.682692e+11,6.229612e-06,7.140287e-01,7.494598e+01,1.688018e+06,1.758341e-28,6.192516e-14,2.047884e+00,7.450581e+00,2.181934e+04,3.270996e+04,3.293457e+04,-1.230688e+02,1.605525e+01,8.149782e+01
C II 1335,1.276232e-05,2.934264e-04,3.061924e-04,1334.940624,0.408624,1.668432e-01,8.580250e+11,6.507696e-06,7.140287e-01,8.791652e+01,1.842085e+06,2.569425e-28,9.877362e-14,9.979406e-01,7.450581e+00,2.181934e+04,3.270996e+04,3.293262e+04,-1.496862e+02,-3.129245e+00,8.859636e+01
C II 1335,1.242944e-05,2.595021e-04,2.719348e-04,1334.894906,0.362906,2.014060e-01,1.010587e+12,5.647499e-06,7.140287e-01,7.774598e+01,1.387290e+06,3.194243e-28,9.285818e-14,1.049943e+00,7.450581e+00,2.181934e+04,3.271191e+04,3.293262e+04,-1.558744e+02,-1.299294e+00,7.840090e+01
C II 1335,1.207921e-05,3.225383e-04,3.346214e-04,1334.978563,0.446563,4.112443e-01,2.021313e+12,5.861018e-06,7.140287e-01,9.664075e+01,1.494174e+06,2.988162e-28,9.364948e-14,2.047884e+00,7.450581e+00,2.181934e+04,3.271191e+04,3.293066e+04,-1.526309e+02,-1.915559e+01,9.264796e+01
C II 1335,1.139610e-05,3.276751e-04,3.390750e-04,1334.984506,0.452506,8.188301e-01,4.024642e+12,5.973818e-06,7.140287e-01,9.818071e+01,1.552241e+06,2.956228e-28,9.630675e-14,2.047884e+00,7.450581e+00,2.181934e+04,3.271191e+04,3.292871e+04,-1.519791e+02,-2.497148e+01,9.244324e+01
C II 1335,1.071299e-05,2.861881e-04,2.969042e-04,1334.928228,0.396228,4.203941e-01,2.066373e+12,5.988710e-06,7.140287e-01,8.574500e+01,1.559990e+06,3.073102e-28,1.005984e-13,1.360097e+00,7.450581e+00,2.181934e+04,3.271191e+04,3.292676e+04,-1.556199e+02,-3.201427e+01,7.712403e+01
C II 1335,1.025931e-05,2.750868e-04,2.853489e-04,1334.912807,0.380807,2.528217e-01,1.268055e+12,5.629261e-06,7.140287e-01,8.240991e+01,1.378345e+06,3.895262e-28,1.128906e-13,6.877864e-01,7.450581e+00,2.181934e+04,3.271387e+04,3.292676e+04,-1.702480e+02,-3.158518e+01,7.350806e+01
C II 1335,1.002988e-05,2.561720e-04,2.662045e-04,1334.887258,0.355258,4.897492e-01,2.407339e+12,5.863078e-06,7.140287e-01,7.674705e+01,1.495224e+06,3.831637e-28,1.204911e-13,2.047884e+00,7.450581e+00,2.181934e+04,3.271387e+04,3.292480e+04,-1.574868e+02,-4.366873e+01,6.398853e+01
C II 1335,9.346774e-06,2.735742e-04,2.829236e-04,1334.909571,0.377571,4.521188e-02,3.025570e+11,5.878596e-06,7.140287e-01,8.196841e+01,1.503150e+06,3.882605e-28,1.227161e-13,2.047884e+00,7.450581e+00,2.181934e+04,3.271387e+04,3.292285e+04,-1.461901e+02,-4.569752e+01,6.902086e+01
C II 1335,8.663664e-06,2.677049e-04,2.763709e-04,1334.900826,0.368826,5.364606e-05,4.603697e+09,5.694633e-06,7.140287e-01,8.021700e+01,1.410544e+06,3.665271e-28,1.085561e-13,1.722254e+00,7.450581e+00,2.181934e+04,3.271387e+04,3.292090e+04,-1.310566e+02,-3.018442e+01,7.233058e+01
C II 1335,8.089174e-06,2.687809e-04,2.768723e-04,1334.901495,0.369495,6.072753e-05,5.243582e+09,5.730629e-06,7.140287e-01,8.053627e+01,1.428433e+06,3.848308e-28,1.153826e-13,3.256295e-01,7.450581e+00,2.181934e+04,3.271582e+04,3.292090e+04,-1.385094e+02,-2.212412e+01,7.507306e+01
C II 1335,7.980554e-06,2.134730e-04,2.214552e-04,1334.827539,0.295539,1.699767e-03,1.648046e+11,6.436941e-06,7.140287e-01,6.396963e+01,1.802246e+06,3.083226e-28,1.159969e-13,2.047884e+00,7.450581e+00,2.181934e+04,3.271582e+04,3.291895e+04,-1.135397e+02,-2.162746e+01,5.829280e+01
C II 1335,7.297444e-06,2.115105e-04,2.188095e-04,1334.824008,0.292008,1.110427e-03,1.214236e+11,7.261268e-06,7.140287e-01,6.338500e+01,2.293401e+06,3.075010e-28,1.470605e-13,8.793908e-01,9.313226e-01,2.181885e+04,3.271533e+04,3.291748e+04,-1.024778e+02,-3.275879e+01,5.436810e+01
C II 1335,7.004107e-06,1.807333e-04,1.877387e-04,1334.782543,0.250543,4.451219e-04,5.008893e+10,7.472051e-06,7.140287e-01,5.416473e+01,2.428481e+06,2.675734e-28,1.351271e-13,1.445511e-01,9.313226e-01,2.181885e+04,3.271631e+04,3.291748e+04,-8.745590e+01,-2.994038e+01,4.584864e+01
C II 1335,6.955889e-06,1.907012e-04,1.976584e-04,1334.795781,0.263781,3.288311e-01,1.618834e+12,8.237391e-06,7.140287e-01,5.715302e+01,2.951443e+06,2.704043e-28,1.657920e-13,1.023942e+00,9.313226e-01,2.181885e+04,3.271631e+04,3.291650e+04,-8.474546e+01,-3.473516e+01,4.751972e+01
C II 1335,6.614334e-06,1.922185e-04,1.988341e-04,1334.797351,0.265351,1.280821e+00,6.309218e+12,8.502644e-06,7.140287e-01,5.760032e+01,3.144583e+06,3.930445e-28,2.567343e-13,1.023942e+00,9.313226e-01,2.181885e+04,3.271631e+04,3.291553e+04,-1.084298e+02,-3.385887e+01,4.785308e+01
C II 1335,6.272779e-06,1.782463e-04,1.845202e-04,1334.778248,0.246248,1.124282e+00,5.534825e+12,8.228333e-06,7.140287e-01,5.338672e+01,2.944956e+06,6.858650e-28,4.199681e-13,4.174658e-01,9.313226e-01,2.181885e+04,3.271631e+04,3.291455e+04,-1.655132e+02,-2.559156e+01,4.504569e+01
C II 1335,6.133526e-06,2.060478e-04,2.121826e-04,1334.815164,0.283164,1.311638e+00,6.471303e+12,9.015455e-06,7.140287e-01,6.172811e+01,3.535333e+06,5.155700e-28,3.784975e-13,6.064761e-01,9.313226e-01,2.181982e+04,3.271631e+04,3.291455e+04,-1.490414e+02,-3.524220e+01,5.104013e+01
C II 1335,5.931224e-06,1.880201e-04,1.939524e-04,1334.790836,0.258836,1.003447e-01,5.636860e+11,8.534601e-06,7.140287e-01,5.630013e+01,3.168266e+06,7.252321e-28,4.777434e-13,3.652733e-02,9.313226e-01,2.181982e+04,3.271631e+04,3.291357e+04,-1.929274e+02,-2.241499e+01,4.862408e+01
C II 1335,5.919040e-06,2.063534e-04,2.122737e-04,1334.815286,0.283286,1.956464e+00,9.654578e+12,9.065387e-06,7.140287e-01,6.181080e+01,3.574603e+06,6.280272e-28,4.659505e-13,9.874146e-01,9.313226e-01,2.181982e+04,3.271729e+04,3.291357e+04,-1.670886e+02,-2.067734e+01,5.539799e+01
C II 1335,5.589669e-06,2.081960e-04,2.137868e-04,1334.817305,0.285305,1.500169e+00,7.386687e+12,8.333923e-06,7.140287e-01,6.236287e+01,3.021023e+06,6.007582e-28,3.777742e-13,1.023942e+00,9.313226e-01,2.181982e+04,3.271729e+04,3.291260e+04,-1.669965e+02,-5.659033e+00,6.070588e+01
C II 1335,5.248114e-06,2.095502e-04,2.147994e-04,1334.818657,0.286657,8.543801e-01,4.204582e+12,8.041486e-06,7.140287e-01,6.277478e+01,2.812728e+06,5.167007e-28,3.030647e-13,1.023942e+00,9.313226e-01,2.181982e+04,3.271729e+04,3.291162e+04,-1.533205e+02,1.065350e+01,6.651020e+01
C II 1335,4.906559e-06,1.915995e-04,1.965070e-04,1334.794245,0.262245,6.136445e-02,3.308420e+11,7.683199e-06,7.140287e-01,5.740059e+01,2.567671e+06,4.669553e-28,2.503604e-13,2.176057e-01,9.313226e-01,2.181982e+04,3.271729e+04,3.291064e+04,-1.375367e+02,2.297775e+01,6.502888e+01
C II 1335,4.833973e-06,2.046689e-04,2.095038e-04,1334.811590,0.279590,1.604398e-03,1.836112e+11,7.598639e-06,7.140287e-01,6.132739e+01,2.511463e+06,3.647761e-28,1.910262e-13,8.063362e-01,9.313226e-01,2.181982e+04,3.271826e+04,3.291064e+04,-1.164989e+02,1.731149e+01,6.772808e+01
C II 1335,4.565004e-06,1.793837e-04,1.839496e-04,1334.777487,0.245487,1.915157e-03,2.031791e+11,7.044075e-06,7.140287e-01,5.375088e+01,2.158256e+06,4.311871e-28,1.942956e-13,1.023942e+00,9.313226e-01,2.181982e+04,3.271826e+04,3.290967e+04,-1.090528e+02,2.255957e+01,6.156533e+01
C II 1335,4.223449e-06,1.423404e-04,1.465645e-04,1334.727595,0.195595,3.102818e-01,1.525400e+12,6.337689e-06,7.140287e-01,4.264764e+01,1.747097e+06,5.929623e-28,2.166292e-13,1.023942e+00,9.313226e-01,2.181982e+04,3.271826e+04,3.290869e+04,-1.069897e+02,2.865356e+01,5.187749e+01
C II 1335,3.881894e-06,9.328736e-05,9.716962e-05,1334.661676,0.129676,3.113286e-01,1.578335e+12,6.044919e-06,7.140287e-01,2.793699e+01,1.589411e+06,8.437292e-28,2.809432e-13,3.986842e-01,9.313226e-01,2.181982e+04,3.271826e+04,3.290771e+04,-1.228013e+02,3.645874e+01,3.863532e+01
C II 1335,3.748905e-06,1.491383e-04,1.528877e-04,1334.736034,0.204034,1.557976e-03,1.351479e+11,5.758845e-06,7.140287e-01,4.469025e+01,1.442534e+06,7.026378e-28,2.125032e-13,1.132868e-01,1.164153e-01,2.181958e+04,3.271899e+04,3.290796e+04,-9.638773e+01,1.737025e+01,5.065166e+01
C II 1335,3.711117e-06,1.287194e-04,1.324310e-04,1334.708733,0.176733,2.055802e-01,1.029695e+12,5.559167e-06,7.140287e-01,3.856840e+01,1.344233e+06,8.175035e-28,2.305402e-13,5.119710e-01,1.164153e-01,2.181958e+04,3.271899e+04,3.290747e+04,-1.010837e+02,1.643035e+01,4.385536e+01
C II 1335,3.540339e-06,1.125059e-04,1.160466e-04,1334.686868,0.154868,2.564310e-01,1.293349e+12,5.855200e-06,7.140287e-01,3.370179e+01,1.491209e+06,9.705737e-28,3.037299e-13,5.119710e-01,1.164153e-01,2.181958e+04,3.271899e+04,3.290698e+04,-1.187869e+02,1.823765e+01,3.901397e+01
C II 1335,3.369562e-06,8.138620e-05,8.475604e-05,1334.645110,0.113110,3.136021e-01,1.585258e+12,5.940508e-06,7.140287e-01,2.436749e+01,1.534978e+06,1.151838e-27,3.711172e-13,4.892234e-01,1.164153e-01,2.181958e+04,3.271899e+04,3.290649e+04,-1.335334e+02,1.573023e+01,2.818132e+01
C II 1335,3.206372e-06,1.226177e-04,1.258245e-04,1334.699917,0.167917,1.496202e-03,1.316534e+11,5.838357e-06,7.140287e-01,3.673329e+01,1.482642e+06,1.135871e-27,3.533811e-13,2.274757e-02,1.164153e-01,2.181958e+04,3.271948e+04,3.290649e+04,-1.194737e+02,9.636222e+00,3.947308e+01
C II 1335,3.198784e-06,8.047972e-05,8.367877e-05,1334.643672,0.111672,3.498518e+00,1.719993e+13,5.846005e-06,7.140287e-01,2.409036e+01,1.486529e+06,1.621421e-27,5.062750e-13,5.119710e-01,1.164153e-01,2.181958e+04,3.271948e+04,3.290601e+04,-1.462774e+02,7.908539e+00,2.520725e+01
C II 1335,3.028007e-06,5.386507e-05,5.689324e-05,1334.607926,0.075926,1.700378e+01,8.359879e+13,5.870019e-06,7.140287e-01,1.609130e+01,1.498767e+06,2.553097e-27,8.034909e-13,5.119710e-01,1.164153e-01,2.181958e+04,3.271948e+04,3.290552e+04,-1.843219e+02,3.311283e+00,1.471202e+01
C II 1335,2.857229e-06,4.450816e-05,4.736552e-05,1334.595211,0.063211,3.807460e+01,1.871943e+14,5.761200e-06,7.140287e-01,1.325858e+01,1.443714e+06,3.904019e-27,1.183089e-12,5.119710e-01,1.164153e-01,2.181958e+04,3.271948e+04,3.290503e+04,-2.250565e+02,-3.478641e+00,8.896862e+00
C II 1335,2.686452e-06,3.488983e-05,3.757637e-05,1334.582147,0.050147,6.240956e+00,3.068403e+13,5.718911e-06,7.140287e-01,1.035104e+01,1.422597e+06,5.182890e-27,1.546074e-12,6.779164e-02,1.164153e-01,2.181958e+04,3.271948e+04,3.290454e+04,-2.550581e+02,-9.326315e+00,3.486311e+00
C II 1335,2.663838e-06,1.013538e-04,1.040179e-04,1334.670815,0.138815,1.092340e+02,5.370175e+14,5.014459e-06,7.140287e-01,3.024121e+01,1.093713e+06,8.151068e-27,1.867450e-12,4.441793e-01,1.164153e-01,2.181958e+04,3.271997e+04,3.290454e+04,-2.925654e+02,-1.198114e+01,2.285418e+01
C II 1335,2.515674e-06,9.814255e-05,1.006585e-04,1334.666332,0.134332,8.487429e+01,4.172615e+14,5.291080e-06,7.140287e-01,2.927256e+01,1.217710e+06,8.182531e-27,2.086379e-12,5.119710e-01,1.164153e-01,2.181958e+04,3.271997e+04,3.290405e+04,-2.985433e+02,-1.724672e+01,2.007719e+01
C II 1335,2.344897e-06,6.503592e-05,6.738097e-05,1334.621922,0.089922,3.578087e+01,1.759127e+14,5.007247e-06,7.140287e-01,1.939550e+01,1.090569e+06,6.105202e-27,1.393507e-12,5.119710e-01,1.164153e-01,2.181958e+04,3.271997e+04,3.290356e+04,-2.460209e+02,-2.002140e+01,9.760007e+00
C II 1335,2.174119e-06,4.258655e-05,4.476076e-05,1334.591735,0.059735,5.199772e+00,2.556469e+13,5.048397e-06,7.140287e-01,1.269440e+01,1.108568e+06,4.284383e-27,9.942022e-13,1.583308e-01,1.164153e-01,2.181958e+04,3.271997e+04,3.290308e+04,-2.079208e+02,-1.893898e+01,3.736443e+00
C II 1335,2.121305e-06,9.773239e-05,9.985390e-05,1334.665258,0.133258,1.033802e+01,5.082410e+13,4.899496e-06,7.140287e-01,2.920643e+01,1.044138e+06,5.111172e-27,1.117986e-12,3.536401e-01,1.164153e-01,2.181958e+04,3.272046e+04,3.290308e+04,-2.338416e+02,-2.747563e+01,1.791210e+01
C II 1335,2.003342e-06,8.445593e-05,8.645944e-05,1334.647383,0.115383,1.319667e+01,6.487873e+13,4.923715e-06,7.140287e-01,2.522759e+01,1.054486e+06,5.124142e-27,1.132554e-12,5.119710e-01,1.164153e-01,2.181958e+04,3.272046e+04,3.290259e+04,-2.327318e+02,-2.387539e+01,1.489277e+01
C II 1335,1.832564e-06,7.705767e-05,7.889038e-05,1334.637282,0.105282,1.845445e+01,9.072823e+13,4.966454e-06,7.140287e-01,2.298732e+01,1.072872e+06,7.215397e-27,1.623919e-12,5.119710e-01,1.164153e-01,2.181958e+04,3.272046e+04,3.290210e+04,-2.602607e+02,-2.087714e+01,1.300933e+01
C II 1335,1.661787e-06,4.990752e-05,5.156939e-05,1334.600821,0.068821,1.140381e+01,5.606649e+13,5.079226e-06,7.140287e-01,1.481719e+01,1.122148e+06,9.897805e-27,2.331375e-12,2.488701e-01,1.164153e-01,2.181958e+04,3.272046e+04,3.290161e+04,-2.943084e+02,-9.119668e+00,7.552288e+00
C II 1335,1.578771e-06,1.064395e-04,1.080185e-04,1334.676154,0.144154,6.431628e+00,3.161914e+13,5.370842e-06,7.140287e-01,3.176651e+01,1.254700e+06,8.074696e-27,2.128157e-12,2.631009e-01,1.164153e-01,2.181958e+04,3.272095e+04,3.290161e+04,-2.914891e+02,-2.144378e+01,2.149355e+01
C II 1335,1.491009e-06,7.077697e-05,7.226808e-05,1334.628444,0.096444,2.252527e+01,1.107427e+14,5.541661e-06,7.140287e-01,2.107593e+01,1.335780e+06,9.305377e-27,2.611731e-12,5.119710e-01,1.164153e-01,2.181958e+04,3.272095e+04,3.290112e+04,-2.918077e+02,-3.680996e+00,1.587009e+01
C II 1335,1.320232e-06,4.181301e-05,4.313329e-05,1334.589563,0.057563,4.143325e+01,2.037085e+14,5.853672e-06,7.140287e-01,1.240138e+01,1.490431e+06,1.049553e-26,3.287914e-12,5.119710e-01,1.164153e-01,2.181958e+04,3.272095e+04,3.290063e+04,-2.826395e+02,1.426404e+01,1.258267e+01
C II 1335,1.149454e-06,1.477042e-05,1.591989e-05,1334.553246,0.021246,2.874837e+01,1.413475e+14,6.037292e-06,7.140287e-01,4.333279e+00,1.585402e+06,8.310665e-27,2.769420e-12,3.394093e-01,1.164153e-01,2.181958e+04,3.272095e+04,3.290015e+04,-2.374122e+02,2.041842e+01,6.846140e+00
C II 1335,1.036238e-06,4.618971e-05,4.722599e-05,1334.595025,0.063025,3.218070e+00,1.582184e+13,6.039948e-06,7.140287e-01,1.378968e+01,1.586798e+06,3.422001e-27,1.141201e-12,1.725617e-01,1.164153e-01,2.181958e+04,3.272144e+04,3.290015e+04,-1.852711e+02,7.206968e+00,1.350853e+01
C II 1335,9.786765e-07,1.550790e-05,1.648659e-05,1334.554002,0.022002,4.426824e+00,2.176551e+13,6.120776e-06,7.140287e-01,4.609904e+00,1.629552e+06,1.918106e-27,6.568453e-13,5.119710e-01,1.164153e-01,2.181958e+04,3.272144e+04,3.289966e+04,-1.527547e+02,1.265358e+01,6.162768e+00
C II 1335,8.078990e-07,-1.805440e-05,-1.724651e-05,1334.508984,-0.023016,1.780676e+00,8.755558e+12,6.339736e-06,7.140287e-01,-5.445545e+00,1.748226e+06,1.404292e-27,5.156067e-13,5.119710e-01,1.164153e-01,2.181958e+04,3.272144e+04,3.289917e+04,-1.391963e+02,1.978805e+01,-1.899208e+00
C II 1335,6.371215e-07,-4.959873e-05,-4.896164e-05,1334.466659,-0.065341,9.998495e-01,4.916542e+12,6.558566e-06,7.140287e-01,-1.490130e+01,1.870996e+06,1.303316e-27,5.119420e-13,4.299485e-01,1.164153e-01,2.181958e+04,3.272144e+04,3.289868e+04,-1.358226e+02,2.500001e+01,-1.011451e+01
C II 1335,4.937041e-07,-2.936438e-05,-2.887069e-05,1334.493471,-0.038529,1.477943e-03,1.460623e+11,6.561839e-06,7.140287e-01,-8.833687e+00,1.872864e+06,1.181889e-27,4.646543e-13,8.202247e-02,1.164153e-01,2.181958e+04,3.272192e+04,3.289868e+04,-1.335939e+02,1.978893e+01,-5.354121e+00
C II 1335,4.663440e-07,-5.739483e-05,-5.692851e-05,1334.456027,-0.075973,1.002505e-01,5.183317e+11,6.655510e-06,7.140287e-01,-1.723473e+01,1.926716e+06,1.108943e-27,4.484780e-13,5.119710e-01,1.164153e-01,2.181958e+04,3.272192e+04,3.289819e+04,-1.273213e+02,2.290414e+01,-1.307318e+01
C II 1335,2.955665e-07,-6.630282e-05,-6.600727e-05,1334.443911,-0.088089,1.622106e-03,1.639195e+11,6.709906e-06,7.140287e-01,-1.990413e+01,1.958340e+06,1.068816e-27,4.392516e-13,5.119710e-01,1.164153e-01,2.181958e+04,3.272192e+04,3.289771e+04,-1.241742e+02,2.348861e+01,-1.563343e+01
C II 1335,1.247890e-07,-5.933770e-05,-5.921292e-05,1334.452978,-0.079022,1.381745e-04,1.396236e+10,6.709230e-06,7.140287e-01,-1.781517e+01,1.957945e+06,1.050875e-27,4.316253e-13,3.750378e-01,1.164153e-01,2.181958e+04,3.272192e+04,3.289722e+04,-1.225077e+02,2.227624e+01,-1.379580e+01
C IV 1548,1.513835e-05,3.400051e-04,3.551486e-04,1548.736836,0.549836,1.341038e-03,8.874359e+10,7.509166e-06,9.591300e-02,1.018774e+02,2.452667e+06,1.430144e-28,7.299705e-14,9.793890e-01,7.450581e+00,2.181934e+04,3.270801e+04,3.294043e+04,-1.422188e+02,1.237896e+01,1.082460e+02
C IV 1548,1.481165e-05,3.470138e-04,3.618306e-04,1548.747181,0.560181,5.348742e-04,3.418552e+10,7.252177e-06,9.591300e-02,1.039825e+02,2.287662e+06,1.342665e-28,6.393629e-14,6.357838e-01,7.450581e+00,2.181934e+04,3.270801e+04,3.293848e+04,-1.334063e+02,7.721746e+00,1.091402e+02
C IV 1548,1.459958e-05,3.338701e-04,3.484746e-04,1548.726504,0.539504,7.989300e-02,2.188814e+11,6.760175e-06,9.591300e-02,1.000319e+02,1.987792e+06,1.627634e-28,6.743868e-14,1.412100e+00,7.450581e+00,2.181934e+04,3.270996e+04,3.293848e+04,-1.562647e+02,1.318856e+01,1.063217e+02
C IV 1548,1.412854e-05,2.945813e-04,3.087140e-04,1548.664947,0.477947,5.287964e-01,1.311839e+12,6.446829e-06,9.591300e-02,8.826721e+01,1.807788e+06,1.490822e-28,5.621261e-14,2.047884e+00,7.450581e+00,2.181934e+04,3.270996e+04,3.293652e+04,-1.338125e+02,1.974193e+01,9.643918e+01
C IV 1548,1.344543e-05,2.501156e-04,2.635644e-04,1548.595047,0.408047,9.888075e-01,2.452724e+12,6.229612e-06,9.591300e-02,7.494598e+01,1.688018e+06,1.758341e-28,6.192516e-14,2.047884e+00,7.450581e+00,2.181934e+04,3.270996e+04,3.293457e+04,-1.230688e+02,1.605525e+01,8.149782e+01
C IV 1548,1.276232e-05,2.934264e-04,3.061924e-04,1548.661043,0.474043,4.444540e-01,1.102673e+12,6.507696e-06,9.591300e-02,8.791652e+01,1.842085e+06,2.569425e-28,9.877362e-14,9.979406e-01,7.450581e+00,2.181934e+04,3.270996e+04,3.293262e+04,-1.496862e+02,-3.129245e+00,8.859636e+01
C IV 1548,1.242944e-05,2.595021e-04,2.719348e-04,1548.608006,0.421006,5.621866e-01,1.394170e+12,5.647499e-06,9.591300e-02,7.774598e+01,1.387290e+06,3.194243e-28,9.285818e-14,1.049943e+00,7.450581e+00,2.181934e+04,3.271191e+04,3.293262e+04,-1.558744e+02,-1.299294e+00,7.840090e+01
C IV 1548,1.207921e-05,3.225383e-04,3.346214e-04,1548.705057,0.518057,6.089576e-01,1.510143e+12,5.861018e-06,9.591300e-02,9.664075e+01,1.494174e+06,2.988162e-28,9.364948e-14,2.047884e+00,7.450581e+00,2.181934e+04,3.271191e+04,3.293066e+04,-1.526309e+02,-1.915559e+01,9.264796e+01
C IV 1548,1.139610e-05,3.276751e-04,3.390750e-04,1548.711951,0.524951,1.092230e+00,2.708701e+12,5.973818e-06,9.591300e-02,9.818071e+01,1.552241e+06,2.956228e-28,9.630675e-14,2.047884e+00,7.450581e+00,2.181934e+04,3.271191e+04,3.292871e+04,-1.519791e+02,-2.497148e+01,9.244324e+01
C IV 1548,1.071299e-05,2.861881e-04,2.969042e-04,1548.646663,0.459663,8.111140e-01,2.011636e+12,5.988710e-06,9.591300e-02,8.574500e+01,1.559990e+06,3.073102e-28,1.005984e-13,1.360097e+00,7.450581e+00,2.181934e+04,3.271191e+04,3.292676e+04,-1.556199e+02,-3.201427e+01,7.712403e+01
C IV 1548,1.025931e-05,2.750868e-04,2.853489e-04,1548.628773,0.441773,3.739941e-01,9.274548e+11,5.629261e-06,9.591300e-02,8.240991e+01,1.378345e+06,3.895262e-28,1.128906e-13,6.877864e-01,7.450581e+00,2.181934e+04,3.271387e+04,3.292676e+04,-1.702480e+02,-3.158518e+01,7.350806e+01
C IV 1548,1.002988e-05,2.561720e-04,2.662045e-04,1548.599134,0.412134,7.894840e-01,1.957964e+12,5.863078e-06,9.591300e-02,7.674705e+01,1.495224e+06,3.831637e-28,1.204911e-13,2.047884e+00,7.450581e+00,2.181934e+04,3.271387e+04,3.292480e+04,-1.574868e+02,-4.366873e+01,6.398853e+01
C IV 1548,9.346774e-06,2.735742e-04,2.829236e-04,1548.625019,0.438019,1.430699e-01,3.753410e+11,5.878596e-06,9.591300e-02,8.196841e+01,1.503150e+06,3.882605e-28,1.227161e-13,2.047884e+00,7.450581e+00,2.181934e+04,3.271387e+04,3.292285e+04,-1.461901e+02,-4.569752e+01,6.902086e+01
C IV 1548,8.663664e-06,2.677049e-04,2.763709e-04,1548.614874,0.427874,2.840024e-04,1.425520e+10,5.694633e-06,9.591300e-02,8.021700e+01,1.410544e+06,3.665271e-28,1.085561e-13,1.722254e+00,7.450581e+00,2.181934e+04,3.271387e+04,3.292090e+04,-1.310566e+02,-3.018442e+01,7.233058e+01
C IV 1548,8.089174e-06,2.687809e-04,2.768723e-04,1548.615650,0.428650,3.529901e-05,1.782998e+09,5.730629e-06,9.591300e-02,8.053627e+01,1.428433e+06,3.848308e-28,1.153826e-13,3.256295e-01,7.450581e+00,2.181934e+04,3.271582e+04,3.292090e+04,-1.385094e+02,-2.212412e+01,7.507306e+01
C IV 1548,7.980554e-06,2.134730e-04,2.214552e-04,1548.529854,0.342854,6.021242e-04,3.417080e+10,6.436941e-06,9.591300e-02,6.396963e+01,1.802246e+06,3.083226e-28,1.159969e-13,2.047884e+00,7.450581e+00,2.181934e+04,3.271582e+04,3.291895e+04,-1.135397e+02,-2.162746e+01,5.829280e+01
C IV 1548,7.297444e-06,2.115105e-04,2.188095e-04,1548.525758,0.338758,4.036891e-04,2.583211e+10,7.261268e-06,9.591300e-02,6.338500e+01,2.293401e+06,3.075010e-28,1.470605e-13,8.793908e-01,9.313226e-01,2.181885e+04,3.271533e+04,3.291748e+04,-1.024778e+02,-3.275879e+01,5.436810e+01
C IV 1548,7.004107e-06,1.807333e-04,1.877387e-04,1548.477655,0.290655,1.195091e-04,7.869810e+09,7.472051e-06,9.591300e-02,5.416473e+01,2.428481e+06,2.675734e-28,1.351271e-13,1.445511e-01,9.313226e-01,2.181885e+04,3.271631e+04,3.291748e+04,-8.745590e+01,-2.994038e+01,4.584864e+01
C IV 1548,6.955889e-06,1.907012e-04,1.976584e-04,1548.493012,0.306012,9.135551e-02,2.731232e+11,8.237391e-06,9.591300e-02,5.715302e+01,2.951443e+06,2.704043e-28,1.657920e-13,1.023942e+00,9.313226e-01,2.181885e+04,3.271631e+04,3.291650e+04,-8.474546e+01,-3.473516e+01,4.751972e+01
C IV 1548,6.614334e-06,1.922185e-04,1.988341e-04,1548.494832,0.307832,4.270957e-01,1.067615e+12,8.502644e-06,9.591300e-02,5.760032e+01,3.144583e+06,3.930445e-28,2.567343e-13,1.023942e+00,9.313226e-01,2.181885e+04,3.271631e+04,3.291553e+04,-1.084298e+02,-3.385887e+01,4.785308e+01
C IV 1548,6.272779e-06,1.782463e-04,1.845202e-04,1548.472672,0.285672,3.883261e-01,9.689116e+11,8.228333e-06,9.591300e-02,5.338672e+01,2.944956e+06,6.858650e-28,4.199681e-13,4.174658e-01,9.313226e-01,2.181885e+04,3.271631e+04,3.291455e+04,-1.655132e+02,-2.559156e+01,4.504569e+01
C IV 1548,6.133526e-06,2.060478e-04,2.121826e-04,1548.515498,0.328498,5.212563e-01,1.308702e+12,9.015455e-06,9.591300e-02,6.172811e+01,3.535333e+06,5.155700e-28,3.784975e-13,6.064761e-01,9.313226e-01,2.181982e+04,3.271631e+04,3.291455e+04,-1.490414e+02,-3.524220e+01,5.104013e+01
C IV 1548,5.931224e-06,1.880201e-04,1.939524e-04,1548.487275,0.300275,1.552881e-03,1.167880e+11,8.534601e-06,9.591300e-02,5.630013e+01,3.168266e+06,7.252321e-28,4.777434e-13,3.652733e-02,9.313226e-01,2.181982e+04,3.271631e+04,3.291357e+04,-1.929274e+02,-2.241499e+01,4.862408e+01
C IV 1548,5.919040e-06,2.063534e-04,2.122737e-04,1548.515639,0.328639,6.273881e-01,1.575940e+12,9.065387e-06,9.591300e-02,6.181080e+01,3.574603e+06,6.280272e-28,4.659505e-13,9.874146e-01,9.313226e-01,2.181982e+04,3.271729e+04,3.291357e+04,-1.670886e+02,-2.067734e+01,5.539799e+01
C IV 1548,5.589669e-06,2.081960e-04,2.137868e-04,1548.517982,0.330982,5.900475e-01,1.473189e+12,8.333923e-06,9.591300e-02,6.236287e+01,3.021023e+06,6.007582e-28,3.777742e-13,1.023942e+00,9.313226e-01,2.181982e+04,3.271729e+04,3.291260e+04,-1.669965e+02,-5.659033e+00,6.070588e+01
C IV 1548,5.248114e-06,2.095502e-04,2.147994e-04,1548.519550,0.332550,3.612209e-01,9.002842e+11,8.041486e-06,9.591300e-02,6.277478e+01,2.812728e+06,5.167007e-28,3.030647e-13,1.023942e+00,9.313226e-01,2.181982e+04,3.271729e+04,3.291162e+04,-1.533205e+02,1.065350e+01,6.651020e+01
C IV 1548,4.906559e-06,1.915995e-04,1.965070e-04,1548.491230,0.304230,1.082408e-03,7.329597e+10,7.683199e-06,9.591300e-02,5.740059e+01,2.567671e+06,4.669553e-28,2.503604e-13,2.176057e-01,9.313226e-01,2.181982e+04,3.271729e+04,3.291064e+04,-1.375367e+02,2.297775e+01,6.502888e+01
C IV 1548,4.833973e-06,2.046689e-04,2.095038e-04,1548.511351,0.324351,6.248589e-04,4.184707e+10,7.598639e-06,9.591300e-02,6.132739e+01,2.511463e+06,3.647761e-28,1.910262e-13,8.063362e-01,9.313226e-01,2.181982e+04,3.271826e+04,3.291064e+04,-1.164989e+02,1.731149e+01,6.772808e+01
C IV 1548,4.565004e-06,1.793837e-04,1.839496e-04,1548.471788,0.284788,1.534936e-03,9.529644e+10,7.044075e-06,9.591300e-02,5.375088e+01,2.158256e+06,4.311871e-28,1.942956e-13,1.023942e+00,9.313226e-01,2.181982e+04,3.271826e+04,3.290967e+04,-1.090528e+02,2.255957e+01,6.156533e+01
C IV 1548,4.223449e-06,1.423404e-04,1.465645e-04,1548.413909,0.226909,1.760739e-01,4.719870e+11,6.337689e-06,9.591300e-02,4.264764e+01,1.747097e+06,5.929623e-28,2.166292e-13,1.023942e+00,9.313226e-01,2.181982e+04,3.271826e+04,3.290869e+04,-1.069897e+02,2.865356e+01,5.187749e+01
C IV 1548,3.881894e-06,9.328736e-05,9.716962e-05,1548.337437,0.150437,1.453882e-01,3.843380e+11,6.044919e-06,9.591300e-02,2.793699e+01,1.589411e+06,8.437292e-28,2.809432e-13,3.986842e-01,9.313226e-01,2.181982e+04,3.271826e+04,3.290771e+04,-1.228013e+02,3.645874e+01,3.863532e+01
C IV 1548,3.748905e-06,1.491383e-04,1.528877e-04,1548.423699,0.236699,1.061223e-03,5.386866e+10,5.758845e-06,9.591300e-02,4.469025e+01,1.442534e+06,7.026378e-28,2.125032e-13,1.132868e-01,1.164153e-01,2.181958e+04,3.271899e+04,3.290796e+04,-9.638773e+01,1.737025e+01,5.065166e+01
C IV 1548,3.711117e-06,1.287194e-04,1.324310e-04,1548.392028,0.205028,1.123408e-01,2.909144e+11,5.559167e-06,9.591300e-02,3.856840e+01,1.344233e+06,8.175035e-28,2.305402e-13,5.119710e-01,1.164153e-01,2.181958e+04,3.271899e+04,3.290747e+04,-1.010837e+02,1.643035e+01,4.385536e+01
C IV 1548,3.540339e-06,1.125059e-04,1.160466e-04,1548.366662,0.179662,1.113298e-01,2.918150e+11,5.855200e-06,9.591300e-02,3.370179e+01,1.491209e+06,9.705737e-28,3.037299e-13,5.119710e-01,1.164153e-01,2.181958e+04,3.271899e+04,3.290698e+04,-1.187869e+02,1.823765e+01,3.901397e+01
C IV 1548,3.369562e-06,8.138620e-05,8.475604e-05,1548.318218,0.131218,8.982852e-02,2.363534e+11,5.940508e-06,9.591300e-02,2.436749e+01,1.534978e+06,1.151838e-27,3.711172e-13,4.892234e-01,1.164153e-01,2.181958e+04,3.271899e+04,3.290649e+04,-1.335334e+02,1.573023e+01,2.818132e+01
C IV 1548,3.206372e-06,1.226177e-04,1.258245e-04,1548.381800,0.194800,1.135770e-04,5.845703e+09,5.838357e-06,9.591300e-02,3.673329e+01,1.482642e+06,1.135871e-27,3.533811e-13,2.274757e-02,1.164153e-01,2.181958e+04,3.271948e+04,3.290649e+04,-1.194737e+02,9.636222e+00,3.947308e+01
C IV 1548,3.198784e-06,8.047972e-05,8.367877e-05,1548.316550,0.129550,1.835925e-03,9.460345e+10,5.846005e-06,9.591300e-02,2.409036e+01,1.486529e+06,1.621421e-27,5.062750e-13,5.119710e-01,1.164153e-01,2.181958e+04,3.271948e+04,3.290601e+04,-1.462774e+02,7.908539e+00,2.520725e+01
C IV 1548,3.028007e-06,5.386507e-05,5.689324e-05,1548.275081,0.088081,1.650283e-03,8.538271e+10,5.870019e-06,9.591300e-02,1.609130e+01,1.498767e+06,2.553097e-27,8.034909e-13,5.119710e-01,1.164153e-01,2.181958e+04,3.271948e+04,3.290552e+04,-1.843219e+02,3.311283e+00,1.471202e+01
C IV 1548,2.857229e-06,4.450816e-05,4.736552e-05,1548.260331,0.073331,1.854438e-03,9.420695e+10,5.761200e-06,9.591300e-02,1.325858e+01,1.443714e+06,3.904019e-27,1.183089e-12,5.119710e-01,1.164153e-01,2.181958e+04,3.271948e+04,3.290503e+04,-2.250565e+02,-3.478641e+00,8.896862e+00
C IV 1548,2.686452e-06,3.488983e-05,3.757637e-05,1548.245175,0.058175,3.209243e-04,1.617706e+10,5.718911e-06,9.591300e-02,1.035104e+01,1.422597e+06,5.182890e-27,1.546074e-12,6.779164e-02,1.164153e-01,2.181958e+04,3.271948e+04,3.290454e+04,-2.550581e+02,-9.326315e+00,3.486311e+00
C IV 1548,2.663838e-06,1.013538e-04,1.040179e-04,1548.348039,0.161039,9.021977e-02,2.293488e+11,5.014459e-06,9.591300e-02,3.024121e+01,1.093713e+06,8.151068e-27,1.867450e-12,4.441793e-01,1.164153e-01,2.181958e+04,3.271997e+04,3.290454e+04,-2.925654e+02,-1.198114e+01,2.285418e+01
C IV 1548,2.515674e-06,9.814255e-05,1.006585e-04,1548.342838,0.155838,7.460702e-02,1.913235e+11,5.291080e-06,9.591300e-02,2.927256e+01,1.217710e+06,8.182531e-27,2.086379e-12,5.119710e-01,1.164153e-01,2.181958e+04,3.271997e+04,3.290405e+04,-2.985433e+02,-1.724672e+01,2.007719e+01
C IV 1548,2.344897e-06,6.503592e-05,6.738097e-05,1548.291318,0.104318,1.971728e-03,8.706499e+10,5.007247e-06,9.591300e-02,1.939550e+01,1.090569e+06,6.105202e-27,1.393507e-12,5.119710e-01,1.164153e-01,2.181958e+04,3.271997e+04,3.290356e+04,-2.460209e+02,-2.002140e+01,9.760007e+00
C IV 1548,2.174119e-06,4.258655e-05,4.476076e-05,1548.256298,0.069298,3.005096e-04,1.337447e+10,5.048397e-06,9.591300e-02,1.269440e+01,1.108568e+06,4.284383e-27,9.942022e-13,1.583308e-01,1.164153e-01,2.181958e+04,3.271997e+04,3.290308e+04,-2.079208e+02,-1.893898e+01,3.736443e+00
C IV 1548,2.121305e-06,9.773239e-05,9.985390e-05,1548.341593,0.154593,5.967788e-04,2.578457e+10,4.899496e-06,9.591300e-02,2.920643e+01,1.044138e+06,5.111172e-27,1.117986e-12,3.536401e-01,1.164153e-01,2.181958e+04,3.272046e+04,3.290308e+04,-2.338416e+02,-2.747563e+01,1.791210e+01
C IV 1548,2.003342e-06,8.445593e-05,8.645944e-05,1548.320855,0.133855,7.158410e-04,3.108582e+10,4.923715e-06,9.591300e-02,2.522759e+01,1.054486e+06,5.124142e-27,1.132554e-12,5.119710e-01,1.164153e-01,2.181958e+04,3.272046e+04,3.290259e+04,-2.327318e+02,-2.387539e+01,1.489277e+01
C IV 1548,1.832564e-06,7.705767e-05,7.889038e-05,1548.309137,0.122137,7.768068e-04,3.402539e+10,4.966454e-06,9.591300e-02,2.298732e+01,1.072872e+06,7.215397e-27,1.623919e-12,5.119710e-01,1.164153e-01,2.181958e+04,3.272046e+04,3.290210e+04,-2.602607e+02,-2.087714e+01,1.300933e+01
C IV 1548,1.661787e-06,4.990752e-05,5.156939e-05,1548.266839,0.079839,3.265505e-04,1.462267e+10,5.079226e-06,9.591300e-02,1.481719e+01,1.122148e+06,9.897805e-27,2.331375e-12,2.488701e-01,1.164153e-01,2.181958e+04,3.272046e+04,3.290161e+04,-2.943084e+02,-9.119668e+00,7.552288e+00
C IV 1548,1.578771e-06,1.064395e-04,1.080185e-04,1548.354233,0.167233,2.766270e-04,1.309652e+10,5.370842e-06,9.591300e-02,3.176651e+01,1.254700e+06,8.074696e-27,2.128157e-12,2.631009e-01,1.164153e-01,2.181958e+04,3.272095e+04,3.290161e+04,-2.914891e+02,-2.144378e+01,2.149355e+01
C IV 1548,1.491009e-06,7.077697e-05,7.226808e-05,1548.298885,0.111885,7.555814e-04,3.691918e+10,5.541661e-06,9.591300e-02,2.107593e+01,1.335780e+06,9.305377e-27,2.611731e-12,5.119710e-01,1.164153e-01,2.181958e+04,3.272095e+04,3.290112e+04,-2.918077e+02,-3.680996e+00,1.587009e+01
C IV 1548,1.320232e-06,4.181301e-05,4.313329e-05,1548.253778,0.066778,9.522422e-04,4.913160e+10,5.853672e-06,9.591300e-02,1.240138e+01,1.490431e+06,1.049553e-26,3.287914e-12,5.119710e-01,1.164153e-01,2.181958e+04,3.272095e+04,3.290063e+04,-2.826395e+02,1.426404e+01,1.258267e+01
C IV 1548,1.149454e-06,1.477042e-05,1.591989e-05,1548.211647,0.024647,7.410753e-04,3.944103e+10,6.037292e-06,9.591300e-02,4.333279e+00,1.585402e+06,8.310665e-27,2.769420e-12,3.394093e-01,1.164153e-01,2.181958e+04,3.272095e+04,3.290015e+04,-2.374122e+02,2.041842e+01,6.846140e+00
C IV 1548,1.036238e-06,4.618971e-05,4.722599e-05,1548.260115,0.073115,3.490928e-04,1.859135e+10,6.039948e-06,9.591300e-02,1.378968e+01,1.586798e+06,3.422001e-27,1.141201e-12,1.725617e-01,1.164153e-01,2.181958e+04,3.272144e+04,3.290015e+04,-1.852711e+02,7.206968e+00,1.350853e+01
C IV 1548,9.786765e-07,1.550790e-05,1.648659e-05,1548.212524,0.025524,8.963556e-04,4.835996e+10,6.120776e-06,9.591300e-02,4.609904e+00,1.629552e+06,1.918106e-27,6.568453e-13,5.119710e-01,1.164153e-01,2.181958e+04,3.272144e+04,3.289966e+04,-1.527547e+02,1.265358e+01,6.162768e+00
C IV 1548,8.078990e-07,-1.805440e-05,-1.724651e-05,1548.160299,-0.026701,6.212127e-04,3.472175e+10,6.339736e-06,9.591300e-02,-5.445545e+00,1.748226e+06,1.404292e-27,5.156067e-13,5.119710e-01,1.164153e-01,2.181958e+04,3.272144e+04,3.289917e+04,-1.391963e+02,1.978805e+01,-1.899208e+00
C IV 1548,6.371215e-07,-4.959873e-05,-4.896164e-05,1548.111198,-0.075802,3.277481e-04,1.894826e+10,6.558566e-06,9.591300e-02,-1.490130e+01,1.870996e+06,1.303316e-27,5.119420e-13,4.299485e-01,1.164153e-01,2.181958e+04,3.272144e+04,3.289868e+04,-1.358226e+02,2.500001e+01,-1.011451e+01
C IV 1548,4.937041e-07,-2.936438e-05,-2.887069e-05,1548.142303,-0.044697,8.708680e-05,5.036778e+09,6.561839e-06,9.591300e-02,-8.833687e+00,1.872864e+06,1.181889e-27,4.646543e-13,8.202247e-02,1.164153e-01,2.181958e+04,3.272192e+04,3.289868e+04,-1.335939e+02,1.978893e+01,-5.354121e+00
C IV 1548,4.663440e-07,-5.739483e-05,-5.692851e-05,1548.098864,-0.088136,2.639393e-04,1.548463e+10,6.655510e-06,9.591300e-02,-1.723473e+01,1.926716e+06,1.108943e-27,4.484780e-13,5.119710e-01,1.164153e-01,2.181958e+04,3.272192e+04,3.289819e+04,-1.273213e+02,2.290414e+01,-1.307318e+01
C IV 1548,2.955665e-07,-6.630282e-05,-6.600727e-05,1548.084808,-0.102192,1.028468e-04,6.081759e+09,6.709906e-06,9.591300e-02,-1.990413e+01,1.958340e+06,1.068816e-27,4.392516e-13,5.119710e-01,1.164153e-01,2.181958e+04,3.272192e+04,3.289771e+04,-1.241742e+02,2.348861e+01,-1.563343e+01
C IV 1548,1.247890e-07,-5.933770e-05,-5.921292e-05,1548.095327,-0.091673,3.339621e-05,1.974660e+09,6.709230e-06,9.591300e-02,-1.781517e+01,1.957945e+06,1.050875e-27,4.316253e-13,3.750378e-01,1.164153e-01,2.181958e+04,3.272192e+04,3.289722e+04,-1.225077e+02,2.227624e+01,-1.379580e+01
Ly a,1.513835e-05,3.400051e-04,3.551486e-04,1216.101743,0.431743,2.174592e+01,3.994135e+13,2.592141e-05,4.512752e+00,1.018774e+02,2.452667e+06,1.430144e-28,7.299705e-14,9.793890e-01,7.450581e+00,2.181934e+04,3.270801e+04,3.294043e+04,-1.422188e+02,1.237896e+01,1.082460e+02
Ly a,1.481165e-05,3.470138e-04,3.618306e-04,1216.109867,0.439867,7.881924e+00,1.447679e+13,2.503428e-05,4.512752e+00,1.039825e+02,2.287662e+06,1.342665e-28,6.393629e-14,6.357838e-01,7.450581e+00,2.181934e+04,3.270801e+04,3.293848e+04,-1.334063e+02,7.721746e+00,1.091402e+02
Ly a,1.459958e-05,3.338701e-04,3.484746e-04,1216.093630,0.423630,1.929575e+01,3.544100e+13,2.333591e-05,4.512752e+00,1.000319e+02,1.987792e+06,1.627634e-28,6.743868e-14,1.412100e+00,7.450581e+00,2.181934e+04,3.270996e+04,3.293848e+04,-1.562647e+02,1.318856e+01,1.063217e+02
Ly a,1.412854e-05,2.945813e-04,3.087140e-04,1216.045294,0.375294,9.950041e+01,1.827621e+14,2.225425e-05,4.512752e+00,8.826721e+01,1.807788e+06,1.490822e-28,5.621261e-14,2.047884e+00,7.450581e+00,2.181934e+04,3.270996e+04,3.293652e+04,-1.338125e+02,1.974193e+01,9.643918e+01
Ly a,1.344543e-05,2.501156e-04,2.635644e-04,1215.990407,0.320407,2.009223e+02,3.690702e+14,2.150442e-05,4.512752e+00,7.494598e+01,1.688018e+06,1.758341e-28,6.192516e-14,2.047884e+00,7.450581e+00,2.181934e+04,3.270996e+04,3.293457e+04,-1.230688e+02,1.605525e+01,8.149782e+01
Ly a,1.276232e-05,2.934264e-04,3.061924e-04,1216.042229,0.372229,9.446357e+01,1.735109e+14,2.246436e-05,4.512752e+00,8.791652e+01,1.842085e+06,2.569425e-28,9.877362e-14,9.979406e-01,7.450581e+00,2.181934e+04,3.270996e+04,3.293262e+04,-1.496862e+02,-3.129245e+00,8.859636e+01
Ly a,1.242944e-05,2.595021e-04,2.719348e-04,1216.000583,0.330583,3.410383e+02,6.264412e+14,1.949499e-05,4.512752e+00,7.774598e+01,1.387290e+06,3.194243e-28,9.285818e-14,1.049943e+00,7.450581e+00,2.181934e+04,3.271191e+04,3.293262e+04,-1.558744e+02,-1.299294e+00,7.840090e+01
Ly a,1.207921e-05,3.225383e-04,3.346214e-04,1216.076789,0.406789,1.914769e+02,3.516951e+14,2.023205e-05,4.512752e+00,9.664075e+01,1.494174e+06,2.988162e-28,9.364948e-14,2.047884e+00,7.450581e+00,2.181934e+04,3.271191e+04,3.293066e+04,-1.526309e+02,-1.915559e+01,9.264796e+01
Ly a,1.139610e-05,3.276751e-04,3.390750e-04,1216.082203,0.412203,2.924156e+02,5.370919e+14,2.062143e-05,4.512752e+00,9.818071e+01,1.552241e+06,2.956228e-28,9.630675e-14,2.047884e+00,7.450581e+00,2.181934e+04,3.271191e+04,3.292871e+04,-1.519791e+02,-2.497148e+01,9.244324e+01
Ly a,1.071299e-05,2.861881e-04,2.969042e-04,1216.030937,0.360937,2.999374e+02,5.509307e+14,2.067284e-05,4.512752e+00,8.574500e+01,1.559990e+06,3.073102e-28,1.005984e-13,1.360097e+00,7.450581e+00,2.181934e+04,3.271191e+04,3.292676e+04,-1.556199e+02,-3.201427e+01,7.712403e+01
Ly a,1.025931e-05,2.750868e-04,2.853489e-04,1216.016890,0.346890,2.249463e+02,4.131904e+14,1.943203e-05,4.512752e+00,8.240991e+01,1.378345e+06,3.895262e-28,1.128906e-13,6.877864e-01,7.450581e+00,2.181934e+04,3.271387e+04,3.292676e+04,-1.702480e+02,-3.158518e+01,7.350806e+01
Ly a,1.002988e-05,2.561720e-04,2.662045e-04,1215.993617,0.323617,4.658059e+02,8.556274e+14,2.023916e-05,4.512752e+00,7.674705e+01,1.495224e+06,3.831637e-28,1.204911e-13,2.047884e+00,7.450581e+00,2.181934e+04,3.271387e+04,3.292480e+04,-1.574868e+02,-4.366873e+01,6.398853e+01
Ly a,9.346774e-06,2.735742e-04,2.829236e-04,1216.013942,0.343942,3.558080e+02,6.535641e+14,2.029273e-05,4.512752e+00,8.196841e+01,1.503150e+06,3.882605e-28,1.227161e-13,2.047884e+00,7.450581e+00,2.181934e+04,3.271387e+04,3.292285e+04,-1.461901e+02,-4.569752e+01,6.902086e+01
Ly a,8.663664e-06,2.677049e-04,2.763709e-04,1216.005976,0.335976,1.662441e+02,3.053665e+14,1.965769e-05,4.512752e+00,8.021700e+01,1.410544e+06,3.665271e-28,1.085561e-13,1.722254e+00,7.450581e+00,2.181934e+04,3.271387e+04,3.292090e+04,-1.310566e+02,-3.018442e+01,7.233058e+01
Ly a,8.089174e-06,2.687809e-04,2.768723e-04,1216.006585,0.336585,6.396830e+00,1.179314e+13,1.978195e-05,4.512752e+00,8.053627e+01,1.428433e+06,3.848308e-28,1.153826e-13,3.256295e-01,7.450581e+00,2.181934e+04,3.271582e+04,3.292090e+04,-1.385094e+02,-2.212412e+01,7.507306e+01
Ly a,7.980554e-06,2.134730e-04,2.214552e-04,1215.939216,0.269216,1.269647e+02,2.332289e+14,2.222012e-05,4.512752e+00,6.396963e+01,1.802246e+06,3.083226e-28,1.159969e-13,2.047884e+00,7.450581e+00,2.181934e+04,3.271582e+04,3.291895e+04,-1.135397e+02,-2.162746e+01,5.829280e+01
Ly a,7.297444e-06,2.115105e-04,2.188095e-04,1215.936000,0.266000,1.785795e+01,3.280453e+13,2.506567e-05,4.512752e+00,6.338500e+01,2.293401e+06,3.075010e-28,1.470605e-13,8.793908e-01,9.313226e-01,2.181885e+04,3.271533e+04,3.291748e+04,-1.024778e+02,-3.275879e+01,5.436810e+01
Ly a,7.004107e-06,1.807333e-04,1.877387e-04,1215.898228,0.228228,2.414197e+01,4.434963e+13,2.579328e-05,4.512752e+00,5.416473e+01,2.428481e+06,2.675734e-28,1.351271e-13,1.445511e-01,9.313226e-01,2.181885e+04,3.271631e+04,3.291748e+04,-8.745590e+01,-2.994038e+01,4.584864e+01
Ly a,6.955889e-06,1.907012e-04,1.976584e-04,1215.910287,0.240287,3.826073e+02,7.028868e+14,2.843521e-05,4.512752e+00,5.715302e+01,2.951443e+06,2.704043e-28,1.657920e-13,1.023942e+00,9.313226e-01,2.181885e+04,3.271631e+04,3.291650e+04,-8.474546e+01,-3.473516e+01,4.751972e+01
Ly a,6.614334e-06,1.922185e-04,1.988341e-04,1215.911717,0.241717,1.572214e+03,2.888148e+15,2.935086e-05,4.512752e+00,5.760032e+01,3.144583e+06,3.930445e-28,2.567343e-13,1.023942e+00,9.313226e-01,2.181885e+04,3.271631e+04,3.291553e+04,-1.084298e+02,-3.385887e+01,4.785308e+01
Ly a,6.272779e-06,1.782463e-04,1.845202e-04,1215.894316,0.224316,1.703636e+03,3.129614e+15,2.840395e-05,4.512752e+00,5.338672e+01,2.944956e+06,6.858650e-28,4.199681e-13,4.174658e-01,9.313226e-01,2.181885e+04,3.271631e+04,3.291455e+04,-1.655132e+02,-2.559156e+01,4.504569e+01
Ly a,6.133526e-06,2.060478e-04,2.121826e-04,1215.927944,0.257944,1.579080e+03,2.900722e+15,3.112107e-05,4.512752e+00,6.172811e+01,3.535333e+06,5.155700e-28,3.784975e-13,6.064761e-01,9.313226e-01,2.181982e+04,3.271631e+04,3.291455e+04,-1.490414e+02,-3.524220e+01,5.104013e+01
Ly a,5.931224e-06,1.880201e-04,1.939524e-04,1215.905782,0.235782,1.485176e+02,2.728538e+14,2.946118e-05,4.512752e+00,5.630013e+01,3.168266e+06,7.252321e-28,4.777434e-13,3.652733e-02,9.313226e-01,2.181982e+04,3.271631e+04,3.291357e+04,-1.929274e+02,-2.241499e+01,4.862408e+01
Ly a,5.919040e-06,2.063534e-04,2.122737e-04,1215.928055,0.258055,4.146619e+03,7.617211e+15,3.129343e-05,4.512752e+00,6.181080e+01,3.574603e+06,6.280272e-28,4.659505e-13,9.874146e-01,9.313226e-01,2.181982e+04,3.271729e+04,3.291357e+04,-1.670886e+02,-2.067734e+01,5.539799e+01
Ly a,5.589669e-06,2.081960e-04,2.137868e-04,1215.929894,0.259894,2.956255e+03,5.430541e+15,2.876844e-05,4.512752e+00,6.236287e+01,3.021023e+06,6.007582e-28,3.777742e-13,1.023942e+00,9.313226e-01,2.181982e+04,3.271729e+04,3.291260e+04,-1.669965e+02,-5.659033e+00,6.070588e+01
Ly a,5.248114e-06,2.095502e-04,2.147994e-04,1215.931125,0.261125,1.548301e+03,2.844174e+15,2.775895e-05,4.512752e+00,6.277478e+01,2.812728e+06,5.167007e-28,3.030647e-13,1.023942e+00,9.313226e-01,2.181982e+04,3.271729e+04,3.291162e+04,-1.533205e+02,1.065350e+01,6.651020e+01
Ly a,4.906559e-06,1.915995e-04,1.965070e-04,1215.908888,0.238888,1.431581e+02,2.629857e+14,2.652216e-05,4.512752e+00,5.740059e+01,2.567671e+06,4.669553e-28,2.503604e-13,2.176057e-01,9.313226e-01,2.181982e+04,3.271729e+04,3.291064e+04,-1.375367e+02,2.297775e+01,6.502888e+01
Ly a,4.833973e-06,2.046689e-04,2.095038e-04,1215.924688,0.254688,1.703881e+02,3.130030e+14,2.623026e-05,4.512752e+00,6.132739e+01,2.511463e+06,3.647761e-28,1.910262e-13,8.063362e-01,9.313226e-01,2.181982e+04,3.271826e+04,3.291064e+04,-1.164989e+02,1.731149e+01,6.772808e+01
Ly a,4.565004e-06,1.793837e-04,1.839496e-04,1215.893622,0.223622,2.018729e+02,3.708467e+14,2.431592e-05,4.512752e+00,5.375088e+01,2.158256e+06,4.311871e-28,1.942956e-13,1.023942e+00,9.313226e-01,2.181982e+04,3.271826e+04,3.290967e+04,-1.090528e+02,2.255957e+01,6.156533e+01
Ly a,4.223449e-06,1.423404e-04,1.465645e-04,1215.848174,0.178174,5.799201e+02,1.065369e+15,2.187750e-05,4.512752e+00,4.264764e+01,1.747097e+06,5.929623e-28,2.166292e-13,1.023942e+00,9.313226e-01,2.181982e+04,3.271826e+04,3.290869e+04,-1.069897e+02,2.865356e+01,5.187749e+01
Ly a,3.881894e-06,9.328736e-05,9.716962e-05,1215.788126,0.118126,6.470882e+02,1.188821e+15,2.086687e-05,4.512752e+00,2.793699e+01,1.589411e+06,8.437292e-28,2.809432e-13,3.986842e-01,9.313226e-01,2.181982e+04,3.271826e+04,3.290771e+04,-1.228013e+02,3.645874e+01,3.863532e+01
Ly a,3.748905e-06,1.491383e-04,1.528877e-04,1215.855861,0.185861,9.776279e+01,1.795984e+14,1.987935e-05,4.512752e+00,4.469025e+01,1.442534e+06,7.026378e-28,2.125032e-13,1.132868e-01,1.164153e-01,2.181958e+04,3.271899e+04,3.290796e+04,-9.638773e+01,1.737025e+01,5.065166e+01
Ly a,3.711117e-06,1.287194e-04,1.324310e-04,1215.830992,0.160992,1.061278e+03,1.949696e+15,1.919007e-05,4.512752e+00,3.856840e+01,1.344233e+06,8.175035e-28,2.305402e-13,5.119710e-01,1.164153e-01,2.181958e+04,3.271899e+04,3.290747e+04,-1.010837e+02,1.643035e+01,4.385536e+01
Ly a,3.540339e-06,1.125059e-04,1.160466e-04,1215.811074,0.141074,2.427582e+03,4.459834e+15,2.021197e-05,4.512752e+00,3.370179e+01,1.491209e+06,9.705737e-28,3.037299e-13,5.119710e-01,1.164153e-01,2.181958e+04,3.271899e+04,3.290698e+04,-1.187869e+02,1.823765e+01,3.901397e+01
Ly a,3.369562e-06,8.138620e-05,8.475604e-05,1215.773035,0.103035,5.314257e+03,9.763399e+15,2.050645e-05,4.512752e+00,2.436749e+01,1.534978e+06,1.151838e-27,3.711172e-13,4.892234e-01,1.164153e-01,2.181958e+04,3.271899e+04,3.290649e+04,-1.335334e+02,1.573023e+01,2.818132e+01
Ly a,3.206372e-06,1.226177e-04,1.258245e-04,1215.822961,0.152961,3.333577e+02,6.124224e+14,2.015382e-05,4.512752e+00,3.673329e+01,1.482642e+06,1.135871e-27,3.533811e-13,2.274757e-02,1.164153e-01,2.181958e+04,3.271948e+04,3.290649e+04,-1.194737e+02,9.636222e+00,3.947308e+01
Ly a,3.198784e-06,8.047972e-05,8.367877e-05,1215.771726,0.101726,2.154250e+04,3.957811e+16,2.018022e-05,4.512752e+00,2.409036e+01,1.486529e+06,1.621421e-27,5.062750e-13,5.119710e-01,1.164153e-01,2.181958e+04,3.271948e+04,3.290601e+04,-1.462774e+02,7.908539e+00,2.520725e+01
Ly a,3.028007e-06,5.386507e-05,5.689324e-05,1215.739163,0.069163,5.260597e+04,9.665083e+16,2.026312e-05,4.512752e+00,1.609130e+01,1.498767e+06,2.553097e-27,8.034909e-13,5.119710e-01,1.164153e-01,2.181958e+04,3.271948e+04,3.290552e+04,-1.843219e+02,3.311283e+00,1.471202e+01
Ly a,2.857229e-06,4.450816e-05,4.736552e-05,1215.727581,0.057581,1.006240e+05,1.848737e+17,1.988748e-05,4.512752e+00,1.325858e+01,1.443714e+06,3.904019e-27,1.183089e-12,5.119710e-01,1.164153e-01,2.181958e+04,3.271948e+04,3.290503e+04,-2.250565e+02,-3.478641e+00,8.896862e+00
Ly a,2.686452e-06,3.488983e-05,3.757637e-05,1215.715680,0.045680,2.011108e+04,3.695000e+16,1.974150e-05,4.512752e+00,1.035104e+01,1.422597e+06,5.182890e-27,1.546074e-12,6.779164e-02,1.164153e-01,2.181958e+04,3.271948e+04,3.290454e+04,-2.550581e+02,-9.326315e+00,3.486311e+00
Ly a,2.663838e-06,1.013538e-04,1.040179e-04,1215.796451,0.126451,2.593696e+05,4.765057e+17,1.730975e-05,4.512752e+00,3.024121e+01,1.093713e+06,8.151068e-27,1.867450e-12,4.441793e-01,1.164153e-01,2.181958e+04,3.271997e+04,3.290454e+04,-2.925654e+02,-1.198114e+01,2.285418e+01
Ly a,2.515674e-06,9.814255e-05,1.006585e-04,1215.792367,0.122367,3.030248e+05,5.567097e+17,1.826464e-05,4.512752e+00,2.927256e+01,1.217710e+06,8.182531e-27,2.086379e-12,5.119710e-01,1.164153e-01,2.181958e+04,3.271997e+04,3.290405e+04,-2.985433e+02,-1.724672e+01,2.007719e+01
Ly a,2.344897e-06,6.503592e-05,6.738097e-05,1215.751913,0.081913,2.098171e+05,3.854836e+17,1.728486e-05,4.512752e+00,1.939550e+01,1.090569e+06,6.105202e-27,1.393507e-12,5.119710e-01,1.164153e-01,2.181958e+04,3.271997e+04,3.290356e+04,-2.460209e+02,-2.002140e+01,9.760007e+00
Ly a,2.174119e-06,4.258655e-05,4.476076e-05,1215.724414,0.054414,3.781838e+04,6.948305e+16,1.742691e-05,4.512752e+00,1.269440e+01,1.108568e+06,4.284383e-27,9.942022e-13,1.583308e-01,1.164153e-01,2.181958e+04,3.271997e+04,3.290308e+04,-2.079208e+02,-1.893898e+01,3.736443e+00
Ly a,2.121305e-06,9.773239e-05,9.985390e-05,1215.791389,0.121389,1.033303e+05,1.898365e+17,1.691291e-05,4.512752e+00,2.920643e+01,1.044138e+06,5.111172e-27,1.117986e-12,3.536401e-01,1.164153e-01,2.181958e+04,3.272046e+04,3.290308e+04,-2.338416e+02,-2.747563e+01,1.791210e+01
Ly a,2.003342e-06,8.445593e-05,8.645944e-05,1215.775106,0.105106,1.517434e+05,2.787832e+17,1.699651e-05,4.512752e+00,2.522759e+01,1.054486e+06,5.124142e-27,1.132554e-12,5.119710e-01,1.164153e-01,2.181958e+04,3.272046e+04,3.290259e+04,-2.327318e+02,-2.387539e+01,1.489277e+01
Ly a,1.832564e-06,7.705767e-05,7.889038e-05,1215.765905,0.095905,2.696725e+05,4.954464e+17,1.714404e-05,4.512752e+00,2.298732e+01,1.072872e+06,7.215397e-27,1.623919e-12,5.119710e-01,1.164153e-01,2.181958e+04,3.272046e+04,3.290210e+04,-2.602607e+02,-2.087714e+01,1.300933e+01
Ly a,1.661787e-06,4.990752e-05,5.156939e-05,1215.732691,0.062691,2.119643e+05,3.894347e+17,1.753333e-05,4.512752e+00,1.481719e+01,1.122148e+06,9.897805e-27,2.331375e-12,2.488701e-01,1.164153e-01,2.181958e+04,3.272046e+04,3.290161e+04,-2.943084e+02,-9.119668e+00,7.552288e+00
Ly a,1.578771e-06,1.064395e-04,1.080185e-04,1215.801315,0.131315,1.531200e+05,2.813062e+17,1.853998e-05,4.512752e+00,3.176651e+01,1.254700e+06,8.074696e-27,2.128157e-12,2.631009e-01,1.164153e-01,2.181958e+04,3.272095e+04,3.290161e+04,-2.914891e+02,-2.144378e+01,2.149355e+01
Ly a,1.491009e-06,7.077697e-05,7.226808e-05,1215.757854,0.087854,4.029427e+05,7.402972e+17,1.912964e-05,4.512752e+00,2.107593e+01,1.335780e+06,9.305377e-27,2.611731e-12,5.119710e-01,1.164153e-01,2.181958e+04,3.272095e+04,3.290112e+04,-2.918077e+02,-3.680996e+00,1.587009e+01
Ly a,1.320232e-06,4.181301e-05,4.313329e-05,1215.722436,0.052436,5.463083e+05,1.003720e+18,2.020669e-05,4.512752e+00,1.240138e+01,1.490431e+06,1.049553e-26,3.287914e-12,5.119710e-01,1.164153e-01,2.181958e+04,3.272095e+04,3.290063e+04,-2.826395e+02,1.426404e+01,1.258267e+01
Ly a,1.149454e-06,1.477042e-05,1.591989e-05,1215.689353,0.019353,2.938202e+05,5.398449e+17,2.084054e-05,4.512752e+00,4.333279e+00,1.585402e+06,8.310665e-27,2.769420e-12,3.394093e-01,1.164153e-01,2.181958e+04,3.272095e+04,3.290015e+04,-2.374122e+02,2.041842e+01,6.846140e+00
Ly a,1.036238e-06,4.618971e-05,4.722599e-05,1215.727411,0.057411,3.404454e+04,6.254928e+16,2.084971e-05,4.512752e+00,1.378968e+01,1.586798e+06,3.422001e-27,1.141201e-12,1.725617e-01,1.164153e-01,2.181958e+04,3.272144e+04,3.290015e+04,-1.852711e+02,7.206968e+00,1.350853e+01
Ly a,9.786765e-07,1.550790e-05,1.648659e-05,1215.690042,0.020042,2.513650e+04,4.618415e+16,2.112873e-05,4.512752e+00,4.609904e+00,1.629552e+06,1.918106e-27,6.568453e-13,5.119710e-01,1.164153e-01,2.181958e+04,3.272144e+04,3.289966e+04,-1.527547e+02,1.265358e+01,6.162768e+00
Ly a,8.078990e-07,-1.805440e-05,-1.724651e-05,1215.649034,-0.020966,3.912709e+03,7.189196e+15,2.188457e-05,4.512752e+00,-5.445545e+00,1.748226e+06,1.404292e-27,5.156067e-13,5.119710e-01,1.164153e-01,2.181958e+04,3.272144e+04,3.289917e+04,-1.391963e+02,1.978805e+01,-1.899208e+00
Ly a,6.371215e-07,-4.959873e-05,-4.896164e-05,1215.610479,-0.059521,2.616049e+03,4.806871e+15,2.263996e-05,4.512752e+00,-1.490130e+01,1.870996e+06,1.303316e-27,5.119420e-13,4.299485e-01,1.164153e-01,2.181958e+04,3.272144e+04,3.289868e+04,-1.358226e+02,2.500001e+01,-1.011451e+01
Ly a,4.937041e-07,-2.936438e-05,-2.887069e-05,1215.634903,-0.035097,1.424150e+02,2.616758e+14,2.265126e-05,4.512752e+00,-8.833687e+00,1.872864e+06,1.181889e-27,4.646543e-13,8.202247e-02,1.164153e-01,2.181958e+04,3.272192e+04,3.289868e+04,-1.335939e+02,1.978893e+01,-5.354121e+00
Ly a,4.663440e-07,-5.739483e-05,-5.692851e-05,1215.600794,-0.069206,4.669787e+02,8.580592e+14,2.297461e-05,4.512752e+00,-1.723473e+01,1.926716e+06,1.108943e-27,4.484780e-13,5.119710e-01,1.164153e-01,2.181958e+04,3.272192e+04,3.289819e+04,-1.273213e+02,2.290414e+01,-1.307318e+01
Ly a,2.955665e-07,-6.630282e-05,-6.600727e-05,1215.589757,-0.080243,1.492624e+02,2.742676e+14,2.316238e-05,4.512752e+00,-1.990413e+01,1.958340e+06,1.068816e-27,4.392516e-13,5.119710e-01,1.164153e-01,2.181958e+04,3.272192e+04,3.289771e+04,-1.241742e+02,2.348861e+01,-1.563343e+01
Ly a,1.247890e-07,-5.933770e-05,-5.921292e-05,1215.598017,-0.071983,1.384610e+01,2.544185e+13,2.316005e-05,4.512752e+00,-1.781517e+01,1.957945e+06,1.050875e-27,4.316253e-13,3.750378e-01,1.164153e-01,2.181958e+04,3.272192e+04,3.289722e+04,-1.225077e+02,2.227624e+01,-1.379580e+01
Si II 1193,1.513835e-05,3.400051e-04,3.551486e-04,1193.713795,0.423795,3.070366e-05,5.705004e+08,4.910603e-06,4.370448e-01,1.018774e+02,2.452667e+06,1.430144e-28,7.299705e-14,9.793890e-01,7.450581e+00,2.181934e+04,3.270801e+04,3.294043e+04,-1.422188e+02,1.237896e+01,1.082460e+02
Si II 1193,1.481165e-05,3.470138e-04,3.618306e-04,1193.721769,0.431769,1.902726e-05,3.416234e+08,4.742545e-06,4.370448e-01,1.039825e+02,2.287662e+06,1.342665e-28,6.393629e-14,6.357838e-01,7.450581e+00,2.181934e+04,3.270801e+04,3.293848e+04,-1.334063e+02,7.721746e+00,1.091402e+02
Si II 1193,1.459958e-05,3.338701e-04,3.484746e-04,1193.705831,0.415831,1.713829e-04,2.867707e+09,4.420801e-06,4.370448e-01,1.000319e+02,1.987792e+06,1.627634e-28,6.743868e-14,1.412100e+00,7.450581e+00,2.181934e+04,3.270996e+04,3.293848e+04,-1.562647e+02,1.318856e+01,1.063217e+02
Si II 1193,1.412854e-05,2.945813e-04,3.087140e-04,1193.658385,0.368385,1.788660e-03,2.856506e+10,4.215890e-06,4.370448e-01,8.826721e+01,1.807788e+06,1.490822e-28,5.621261e-14,2.047884e+00,7.450581e+00,2.181934e+04,3.270996e+04,3.293652e+04,-1.338125e+02,1.974193e+01,9.643918e+01
Si II 1193,1.344543e-05,2.501156e-04,2.635644e-04,1193.604509,0.314509,4.554810e-02,6.773915e+10,4.073841e-06,4.370448e-01,7.494598e+01,1.688018e+06,1.758341e-28,6.192516e-14,2.047884e+00,7.450581e+00,2.181934e+04,3.270996e+04,3.293457e+04,-1.230688e+02,1.605525e+01,8.149782e+01
Si II 1193,1.276232e-05,2.934264e-04,3.061924e-04,1193.655376,0.365376,5.585154e-02,8.424438e+10,4.255694e-06,4.370448e-01,8.791652e+01,1.842085e+06,2.569425e-28,9.877362e-14,9.979406e-01,7.450581e+00,2.181934e+04,3.270996e+04,3.293262e+04,-1.496862e+02,-3.129245e+00,8.859636e+01
Si II 1193,1.242944e-05,2.595021e-04,2.719348e-04,1193.614497,0.324497,4.259344e-02,6.169243e+10,3.693169e-06,4.370448e-01,7.774598e+01,1.387290e+06,3.194243e-28,9.285818e-14,1.049943e+00,7.450581e+00,2.181934e+04,3.271191e+04,3.293262e+04,-1.558744e+02,-1.299294e+00,7.840090e+01
Si II 1193,1.207921e-05,3.225383e-04,3.346214e-04,1193.689300,0.399300,1.580550e-01,2.180599e+11,3.832800e-06,4.370448e-01,9.664075e+01,1.494174e+06,2.988162e-28,9.364948e-14,2.047884e+00,7.450581e+00,2.181934e+04,3.271191e+04,3.293066e+04,-1.526309e+02,-1.915559e+01,9.264796e+01
Si II 1193,1.139610e-05,3.276751e-04,3.390750e-04,1193.694615,0.404615,3.954682e-01,5.456267e+11,3.906565e-06,4.370448e-01,9.818071e+01,1.552241e+06,2.956228e-28,9.630675e-14,2.047884e+00,7.450581e+00,2.181934e+04,3.271191e+04,3.292871e+04,-1.519791e+02,-2.497148e+01,9.244324e+01
Si II 1193,1.071299e-05,2.861881e-04,2.969042e-04,1193.644293,0.354293,1.880251e-01,2.594305e+11,3.916304e-06,4.370448e-01,8.574500e+01,1.559990e+06,3.073102e-28,1.005984e-13,1.360097e+00,7.450581e+00,2.181934e+04,3.271191e+04,3.292676e+04,-1.556199e+02,-3.201427e+01,7.712403e+01
Si II 1193,1.025931e-05,2.750868e-04,2.853489e-04,1193.630504,0.340504,1.103376e-01,1.597484e+11,3.681243e-06,4.370448e-01,8.240991e+01,1.378345e+06,3.895262e-28,1.128906e-13,6.877864e-01,7.450581e+00,2.181934e+04,3.271387e+04,3.292676e+04,-1.702480e+02,-3.158518e+01,7.350806e+01
Si II 1193,1.002988e-05,2.561720e-04,2.662045e-04,1193.607659,0.317659,2.148791e-01,2.964768e+11,3.834147e-06,4.370448e-01,7.674705e+01,1.495224e+06,3.831637e-28,1.204911e-13,2.047884e+00,7.450581e+00,2.181934e+04,3.271387e+04,3.292480e+04,-1.574868e+02,-4.366873e+01,6.398853e+01
Si II 1193,9.346774e-06,2.735742e-04,2.829236e-04,1193.627610,0.337610,1.626140e-02,3.405119e+10,3.844295e-06,4.370448e-01,8.196841e+01,1.503150e+06,3.882605e-28,1.227161e-13,2.047884e+00,7.450581e+00,2.181934e+04,3.271387e+04,3.292285e+04,-1.461901e+02,-4.569752e+01,6.902086e+01
Si II 1193,8.663664e-06,2.677049e-04,2.763709e-04,1193.619791,0.329791,2.423037e-05,3.423534e+08,3.723993e-06,4.370448e-01,8.021700e+01,1.410544e+06,3.665271e-28,1.085561e-13,1.722254e+00,7.450581e+00,2.181934e+04,3.271387e+04,3.292090e+04,-1.310566e+02,-3.018442e+01,7.233058e+01
Si II 1193,8.089174e-06,2.687809e-04,2.768723e-04,1193.620389,0.330389,4.975823e-05,7.073580e+08,3.747532e-06,4.370448e-01,8.053627e+01,1.428433e+06,3.848308e-28,1.153826e-13,3.256295e-01,7.450581e+00,2.181934e+04,3.271582e+04,3.292090e+04,-1.385094e+02,-2.212412e+01,7.507306e+01
Si II 1193,7.980554e-06,2.134730e-04,2.214552e-04,1193.554260,0.264260,1.246709e-03,1.986691e+10,4.209423e-06,4.370448e-01,6.396963e+01,1.802246e+06,3.083226e-28,1.159969e-13,2.047884e+00,7.450581e+00,2.181934e+04,3.271582e+04,3.291895e+04,-1.135397e+02,-2.162746e+01,5.829280e+01
Si II 1193,7.297444e-06,2.115105e-04,2.188095e-04,1193.551103,0.261103,1.020972e-03,1.835788e+10,4.748490e-06,4.370448e-01,6.338500e+01,2.293401e+06,3.075010e-28,1.470605e-13,8.793908e-01,9.313226e-01,2.181885e+04,3.271533e+04,3.291748e+04,-1.024778e+02,-3.275879e+01,5.436810e+01
Si II 1193,7.004107e-06,1.807333e-04,1.877387e-04,1193.514027,0.224027,3.943935e-04,7.291901e+09,4.886331e-06,4.370448e-01,5.416473e+01,2.428481e+06,2.675734e-28,1.351271e-13,1.445511e-01,9.313226e-01,2.181885e+04,3.271631e+04,3.291748e+04,-8.745590e+01,-2.994038e+01,4.584864e+01
Si II 1193,6.955889e-06,1.907012e-04,1.976584e-04,1193.525864,0.235864,1.816162e-01,2.522203e+11,5.386824e-06,4.370448e-01,5.715302e+01,2.951443e+06,2.704043e-28,1.657920e-13,1.023942e+00,9.313226e-01,2.181885e+04,3.271631e+04,3.291650e+04,-8.474546e+01,-3.473516e+01,4.751972e+01
Si II 1193,6.614334e-06,1.922185e-04,1.988341e-04,1193.527267,0.237267,7.089260e-01,9.864059e+11,5.560285e-06,4.370448e-01,5.760032e+01,3.144583e+06,3.930445e-28,2.567343e-13,1.023942e+00,9.313226e-01,2.181885e+04,3.271631e+04,3.291553e+04,-1.084298e+02,-3.385887e+01,4.785308e+01
Si II 1193,6.272779e-06,1.782463e-04,1.845202e-04,1193.510186,0.220186,6.170465e-01,8.569215e+11,5.380900e-06,4.370448e-01,5.338672e+01,2.944956e+06,6.858650e-28,4.199681e-13,4.174658e-01,9.313226e-01,2.181885e+04,3.271631e+04,3.291455e+04,-1.655132e+02,-2.559156e+01,4.504569e+01
Si II 1193,6.133526e-06,2.060478e-04,2.121826e-04,1193.543195,0.253195,7.121391e-01,9.823750e+11,5.895637e-06,4.370448e-01,6.172811e+01,3.535333e+06,5.155700e-28,3.784975e-13,6.064761e-01,9.313226e-01,2.181982e+04,3.271631e+04,3.291455e+04,-1.490414e+02,-3.524220e+01,5.104013e+01
Si II 1193,5.931224e-06,1.880201e-04,1.939524e-04,1193.521441,0.231441,5.007798e-02,8.526692e+10,5.581184e-06,4.370448e-01,5.630013e+01,3.168266e+06,7.252321e-28,4.777434e-13,3.652733e-02,9.313226e-01,2.181982e+04,3.271631e+04,3.291357e+04,-1.929274e+02,-2.241499e+01,4.862408e+01
Si II 1193,5.919040e-06,2.063534e-04,2.122737e-04,1193.543304,0.253304,1.096237e+00,1.512227e+12,5.928290e-06,4.370448e-01,6.181080e+01,3.574603e+06,6.280272e-28,4.659505e-13,9.874146e-01,9.313226e-01,2.181982e+04,3.271729e+04,3.291357e+04,-1.670886e+02,-2.067734e+01,5.539799e+01
Si II 1193,5.589669e-06,2.081960e-04,2.137868e-04,1193.545110,0.255110,8.059610e-01,1.119997e+12,5.449951e-06,4.370448e-01,6.236287e+01,3.021023e+06,6.007582e-28,3.777742e-13,1.023942e+00,9.313226e-01,2.181982e+04,3.271729e+04,3.291260e+04,-1.669965e+02,-5.659033e+00,6.070588e+01
Si II 1193,5.248114e-06,2.095502e-04,2.147994e-04,1193.546318,0.256318,4.565745e-01,6.332960e+11,5.258712e-06,4.370448e-01,6.277478e+01,2.812728e+06,5.167007e-28,3.030647e-13,1.023942e+00,9.313226e-01,2.181982e+04,3.271729e+04,3.291162e+04,-1.533205e+02,1.065350e+01,6.651020e+01
Si II 1193,4.906559e-06,1.915995e-04,1.965070e-04,1193.524490,0.234490,3.103314e-02,5.007880e+10,5.024411e-06,4.370448e-01,5.740059e+01,2.567671e+06,4.669553e-28,2.503604e-13,2.176057e-01,9.313226e-01,2.181982e+04,3.271729e+04,3.291064e+04,-1.375367e+02,2.297775e+01,6.502888e+01
Si II 1193,4.833973e-06,2.046689e-04,2.095038e-04,1193.539999,0.249999,1.474624e-03,2.775289e+10,4.969113e-06,4.370448e-01,6.132739e+01,2.511463e+06,3.647761e-28,1.910262e-13,8.063362e-01,9.313226e-01,2.181982e+04,3.271826e+04,3.291064e+04,-1.164989e+02,1.731149e+01,6.772808e+01
Si II 1193,4.565004e-06,1.793837e-04,1.839496e-04,1193.509505,0.219505,1.477690e-03,2.578540e+10,4.606457e-06,4.370448e-01,5.375088e+01,2.158256e+06,4.311871e-28,1.942956e-13,1.023942e+00,9.313226e-01,2.181982e+04,3.271826e+04,3.290967e+04,-1.090528e+02,2.255957e+01,6.156533e+01
Si II 1193,4.223449e-06,1.423404e-04,1.465645e-04,1193.464894,0.174894,1.404322e-01,1.938365e+11,4.144518e-06,4.370448e-01,4.264764e+01,1.747097e+06,5.929623e-28,2.166292e-13,1.023942e+00,9.313226e-01,2.181982e+04,3.271826e+04,3.290869e+04,-1.069897e+02,2.865356e+01,5.187749e+01
Si II 1193,3.881894e-06,9.328736e-05,9.716962e-05,1193.405952,0.115952,1.461969e-01,2.017631e+11,3.953062e-06,4.370448e-01,2.793699e+01,1.589411e+06,8.437292e-28,2.809432e-13,3.986842e-01,9.313226e-01,2.181982e+04,3.271826e+04,3.290771e+04,-1.228013e+02,3.645874e+01,3.863532e+01
Si II 1193,3.748905e-06,1.491383e-04,1.528877e-04,1193.472439,0.182439,1.245983e-03,1.778008e+10,3.765984e-06,4.370448e-01,4.469025e+01,1.442534e+06,7.026378e-28,2.125032e-13,1.132868e-01,1.164153e-01,2.181958e+04,3.271899e+04,3.290796e+04,-9.638773e+01,1.737025e+01,5.065166e+01
Si II 1193,3.711117e-06,1.287194e-04,1.324310e-04,1193.448029,0.158029,9.775437e-02,1.411204e+11,3.635405e-06,4.370448e-01,3.856840e+01,1.344233e+06,8.175035e-28,2.305402e-13,5.119710e-01,1.164153e-01,2.181958e+04,3.271899e+04,3.290747e+04,-1.010837e+02,1.643035e+01,4.385536e+01
Si II 1193,3.540339e-06,1.125059e-04,1.160466e-04,1193.428477,0.138477,1.308917e-01,1.806229e+11,3.828995e-06,4.370448e-01,3.370179e+01,1.491209e+06,9.705737e-28,3.037299e-13,5.119710e-01,1.164153e-01,2.181958e+04,3.271899e+04,3.290698e+04,-1.187869e+02,1.823765e+01,3.901397e+01
Si II 1193,3.369562e-06,8.138620e-05,8.475604e-05,1193.391139,0.101139,1.680060e-01,2.318536e+11,3.884782e-06,4.370448e-01,2.436749e+01,1.534978e+06,1.151838e-27,3.711172e-13,4.892234e-01,1.164153e-01,2.181958e+04,3.271899e+04,3.290649e+04,-1.335334e+02,1.573023e+01,2.818132e+01
Si II 1193,3.206372e-06,1.226177e-04,1.258245e-04,1193.440145,0.150145,1.470660e-03,2.130024e+10,3.817981e-06,4.370448e-01,3.673329e+01,1.482642e+06,1.135871e-27,3.533811e-13,2.274757e-02,1.164153e-01,2.181958e+04,3.271948e+04,3.290649e+04,-1.194737e+02,9.636222e+00,3.947308e+01
Si II 1193,3.198784e-06,8.047972e-05,8.367877e-05,1193.389853,0.099853,1.975907e+00,2.726720e+12,3.822982e-06,4.370448e-01,2.409036e+01,1.486529e+06,1.621421e-27,5.062750e-13,5.119710e-01,1.164153e-01,2.181958e+04,3.271948e+04,3.290601e+04,-1.462774e+02,7.908539e+00,2.520725e+01
Si II 1193,3.028007e-06,5.386507e-05,5.689324e-05,1193.357890,0.067890,9.426597e+00,1.300899e+13,3.838686e-06,4.370448e-01,1.609130e+01,1.498767e+06,2.553097e-27,8.034909e-13,5.119710e-01,1.164153e-01,2.181958e+04,3.271948e+04,3.290552e+04,-1.843219e+02,3.311283e+00,1.471202e+01
Si II 1193,2.857229e-06,4.450816e-05,4.736552e-05,1193.346521,0.056521,2.076275e+01,2.865244e+13,3.767524e-06,4.370448e-01,1.325858e+01,1.443714e+06,3.904019e-27,1.183089e-12,5.119710e-01,1.164153e-01,2.181958e+04,3.271948e+04,3.290503e+04,-2.250565e+02,-3.478641e+00,8.896862e+00
Si II 1193,2.686452e-06,3.488983e-05,3.757637e-05,1193.334840,0.044840,3.367429e+00,4.647018e+12,3.739869e-06,4.370448e-01,1.035104e+01,1.422597e+06,5.182890e-27,1.546074e-12,6.779164e-02,1.164153e-01,2.181958e+04,3.271948e+04,3.290454e+04,-2.550581e+02,-9.326315e+00,3.486311e+00
Si II 1193,2.663838e-06,1.013538e-04,1.040179e-04,1193.414123,0.124123,5.792629e+01,7.992551e+13,3.279194e-06,4.370448e-01,3.024121e+01,1.093713e+06,8.151068e-27,1.867450e-12,4.441793e-01,1.164153e-01,2.181958e+04,3.271997e+04,3.290454e+04,-2.925654e+02,-1.198114e+01,2.285418e+01
Si II 1193,2.515674e-06,9.814255e-05,1.006585e-04,1193.410115,0.120115,4.456109e+01,6.148578e+13,3.460090e-06,4.370448e-01,2.927256e+01,1.217710e+06,8.182531e-27,2.086379e-12,5.119710e-01,1.164153e-01,2.181958e+04,3.271997e+04,3.290405e+04,-2.985433e+02,-1.724672e+01,2.007719e+01
Si II 1193,2.344897e-06,6.503592e-05,6.738097e-05,1193.370405,0.080405,1.899030e+01,2.620339e+13,3.274478e-06,4.370448e-01,1.939550e+01,1.090569e+06,6.105202e-27,1.393507e-12,5.119710e-01,1.164153e-01,2.181958e+04,3.271997e+04,3.290356e+04,-2.460209e+02,-2.002140e+01,9.760007e+00
Si II 1193,2.174119e-06,4.258655e-05,4.476076e-05,1193.343413,0.053413,2.903863e+00,4.006934e+12,3.301388e-06,4.370448e-01,1.269440e+01,1.108568e+06,4.284383e-27,9.942022e-13,1.583308e-01,1.164153e-01,2.181958e+04,3.271997e+04,3.290308e+04,-2.079208e+02,-1.893898e+01,3.736443e+00
Si II 1193,2.121305e-06,9.773239e-05,9.985390e-05,1193.409155,0.119155,5.635818e+00,7.776191e+12,3.204015e-06,4.370448e-01,2.920643e+01,1.044138e+06,5.111172e-27,1.117986e-12,3.536401e-01,1.164153e-01,2.181958e+04,3.272046e+04,3.290308e+04,-2.338416e+02,-2.747563e+01,1.791210e+01
Si II 1193,2.003342e-06,8.445593e-05,8.645944e-05,1193.393171,0.103171,7.481269e+00,1.032266e+13,3.219853e-06,4.370448e-01,2.522759e+01,1.054486e+06,5.124142e-27,1.132554e-12,5.119710e-01,1.164153e-01,2.181958e+04,3.272046e+04,3.290259e+04,-2.327318e+02,-2.387539e+01,1.489277e+01
Si II 1193,1.832564e-06,7.705767e-05,7.889038e-05,1193.384139,0.094139,1.039808e+01,1.434739e+13,3.247802e-06,4.370448e-01,2.298732e+01,1.072872e+06,7.215397e-27,1.623919e-12,5.119710e-01,1.164153e-01,2.181958e+04,3.272046e+04,3.290210e+04,-2.602607e+02,-2.087714e+01,1.300933e+01
Si II 1193,1.661787e-06,4.990752e-05,5.156939e-05,1193.351537,0.061537,6.355856e+00,8.770167e+12,3.321549e-06,4.370448e-01,1.481719e+01,1.122148e+06,9.897805e-27,2.331375e-12,2.488701e-01,1.164153e-01,2.181958e+04,3.272046e+04,3.290161e+04,-2.943084e+02,-9.119668e+00,7.552288e+00
Si II 1193,1.578771e-06,1.064395e-04,1.080185e-04,1193.418897,0.128897,3.631416e+00,5.010660e+12,3.512250e-06,4.370448e-01,3.176651e+01,1.254700e+06,8.074696e-27,2.128157e-12,2.631009e-01,1.164153e-01,2.181958e+04,3.272095e+04,3.290161e+04,-2.914891e+02,-2.144378e+01,2.149355e+01
Si II 1193,1.491009e-06,7.077697e-05,7.226808e-05,1193.376237,0.086237,1.252778e+01,1.728696e+13,3.623957e-06,4.370448e-01,2.107593e+01,1.335780e+06,9.305377e-27,2.611731e-12,5.119710e-01,1.164153e-01,2.181958e+04,3.272095e+04,3.290112e+04,-2.918077e+02,-3.680996e+00,1.587009e+01
Si II 1193,1.320232e-06,4.181301e-05,4.313329e-05,1193.341471,0.051471,2.288926e+01,3.158028e+13,3.827996e-06,4.370448e-01,1.240138e+01,1.490431e+06,1.049553e-26,3.287914e-12,5.119710e-01,1.164153e-01,2.181958e+04,3.272095e+04,3.290063e+04,-2.826395e+02,1.426404e+01,1.258267e+01
Si II 1193,1.149454e-06,1.477042e-05,1.591989e-05,1193.308997,0.018997,1.592254e+01,2.196891e+13,3.948074e-06,4.370448e-01,4.333279e+00,1.585402e+06,8.310665e-27,2.769420e-12,3.394093e-01,1.164153e-01,2.181958e+04,3.272095e+04,3.290015e+04,-2.374122e+02,2.041842e+01,6.846140e+00
Si II 1193,1.036238e-06,4.618971e-05,4.722599e-05,1193.346354,0.056354,1.793406e+00,2.475158e+12,3.949811e-06,4.370448e-01,1.378968e+01,1.586798e+06,3.422001e-27,1.141201e-12,1.725617e-01,1.164153e-01,2.181958e+04,3.272144e+04,3.290015e+04,-1.852711e+02,7.206968e+00,1.350853e+01
Si II 1193,9.786765e-07,1.550790e-05,1.648659e-05,1193.309673,0.019673,2.487261e+00,3.433053e+12,4.002668e-06,4.370448e-01,4.609904e+00,1.629552e+06,1.918106e-27,6.568453e-13,5.119710e-01,1.164153e-01,2.181958e+04,3.272144e+04,3.289966e+04,-1.527547e+02,1.265358e+01,6.162768e+00
Si II 1193,8.078990e-07,-1.805440e-05,-1.724651e-05,1193.269420,-0.020580,1.007753e+00,1.391226e+12,4.145856e-06,4.370448e-01,-5.445545e+00,1.748226e+06,1.404292e-27,5.156067e-13,5.119710e-01,1.164153e-01,2.181958e+04,3.272144e+04,3.289917e+04,-1.391963e+02,1.978805e+01,-1.899208e+00
Si II 1193,6.371215e-07,-4.959873e-05,-4.896164e-05,1193.231575,-0.058425,5.716729e-01,7.894102e+11,4.288960e-06,4.370448e-01,-1.490130e+01,1.870996e+06,1.303316e-27,5.119420e-13,4.299485e-01,1.164153e-01,2.181958e+04,3.272144e+04,3.289868e+04,-1.358226e+02,2.500001e+01,-1.011451e+01
Si II 1193,4.937041e-07,-2.936438e-05,-2.887069e-05,1193.255549,-0.034451,1.335740e-03,2.169678e+10,4.291100e-06,4.370448e-01,-8.833687e+00,1.872864e+06,1.181889e-27,4.646543e-13,8.202247e-02,1.164153e-01,2.181958e+04,3.272192e+04,3.289868e+04,-1.335939e+02,1.978893e+01,-5.354121e+00
Si II 1193,4.663440e-07,-5.739483e-05,-5.692851e-05,1193.222068,-0.067932,5.141497e-02,7.819590e+10,4.352356e-06,4.370448e-01,-1.723473e+01,1.926716e+06,1.108943e-27,4.484780e-13,5.119710e-01,1.164153e-01,2.181958e+04,3.272192e+04,3.289819e+04,-1.273213e+02,2.290414e+01,-1.307318e+01
Si II 1193,2.955665e-07,-6.630282e-05,-6.600727e-05,1193.211234,-0.078766,1.484837e-03,2.467939e+10,4.387928e-06,4.370448e-01,-1.990413e+01,1.958340e+06,1.068816e-27,4.392516e-13,5.119710e-01,1.164153e-01,2.181958e+04,3.272192e+04,3.289771e+04,-1.241742e+02,2.348861e+01,-1.563343e+01
Si II 1193,1.247890e-07,-5.933770e-05,-5.921292e-05,1193.219342,-0.070658,1.243553e-04,2.067219e+09,4.387486e-06,4.370448e-01,-1.781517e+01,1.957945e+06,1.050875e-27,4.316253e-13,3.750378e-01,1.164153e-01,2.181958e+04,3.272192e+04,3.289722e+04,-1.225077e+02,2.227624e+01,-1.379580e+01
Si III 1206,1.513835e-05,3.400051e-04,3.551486e-04,1206.928487,0.428487,9.923726e-04,6.435813e+09,4.910603e-06,5.392388e-01,1.018774e+02,2.452667e+06,1.430144e-28,7.299705e-14,9.793890e-01,7.450581e+00,2.181934e+04,3.270801e+04,3.294043e+04,-1.422188e+02,1.237896e+01,1.082460e+02
Si III 1206,1.481165e-05,3.470138e-04,3.618306e-04,1206.936549,0.436549,5.813089e-04,3.639820e+09,4.742545e-06,5.392388e-01,1.039825e+02,2.287662e+06,1.342665e-28,6.393629e-14,6.357838e-01,7.450581e+00,2.181934e+04,3.270801e+04,3.293848e+04,-1.334063e+02,7.721746e+00,1.091402e+02
Si III 1206,1.459958e-05,3.338701e-04,3.484746e-04,1206.920435,0.420435,5.259452e-02,2.787425e+10,4.420801e-06,5.392388e-01,1.000319e+02,1.987792e+06,1.627634e-28,6.743868e-14,1.412100e+00,7.450581e+00,2.181934e+04,3.270996e+04,3.293848e+04,-1.562647e+02,1.318856e+01,1.063217e+02
Si III 1206,1.412854e-05,2.945813e-04,3.087140e-04,1206.872463,0.372463,5.186014e-01,2.470158e+11,4.215890e-06,5.392388e-01,8.826721e+01,1.807788e+06,1.490822e-28,5.621261e-14,2.047884e+00,7.450581e+00,2.181934e+04,3.270996e+04,3.293652e+04,-1.338125e+02,1.974193e+01,9.643918e+01
Si III 1206,1.344543e-05,2.501156e-04,2.635644e-04,1206.817990,0.317990,1.185114e+00,5.643879e+11,4.073841e-06,5.392388e-01,7.494598e+01,1.688018e+06,1.758341e-28,6.192516e-14,2.047884e+00,7.450581e+00,2.181934e+04,3.270996e+04,3.293457e+04,-1.230688e+02,1.605525e+01,8.149782e+01
Si III 1206,1.276232e-05,2.934264e-04,3.061924e-04,1206.869421,0.369421,8.661912e-01,4.126114e+11,4.255694e-06,5.392388e-01,8.791652e+01,1.842085e+06,2.569425e-28,9.877362e-14,9.979406e-01,7.450581e+00,2.181934e+04,3.270996e+04,3.293262e+04,-1.496862e+02,-3.129245e+00,8.859636e+01
Si III 1206,1.242944e-05,2.595021e-04,2.719348e-04,1206.828089,0.328089,1.050078e+00,4.999281e+11,3.693169e-06,5.392388e-01,7.774598e+01,1.387290e+06,3.194243e-28,9.285818e-14,1.049943e+00,7.450581e+00,2.181934e+04,3.271191e+04,3.293262e+04,-1.558744e+02,-1.299294e+00,7.840090e+01
Si III 1206,1.207921e-05,3.225383e-04,3.346214e-04,1206.903721,0.403721,1.866273e+00,8.885141e+11,3.832800e-06,5.392388e-01,9.664075e+01,1.494174e+06,2.988162e-28,9.364948e-14,2.047884e+00,7.450581e+00,2.181934e+04,3.271191e+04,3.293066e+04,-1.526309e+02,-1.915559e+01,9.264796e+01
Si III 1206,1.139610e-05,3.276751e-04,3.390750e-04,1206.909094,0.409094,3.876078e+00,1.845457e+12,3.906565e-06,5.392388e-01,9.818071e+01,1.552241e+06,2.956228e-28,9.630675e-14,2.047884e+00,7.450581e+00,2.181934e+04,3.271191e+04,3.292871e+04,-1.519791e+02,-2.497148e+01,9.244324e+01
Si III 1206,1.071299e-05,2.861881e-04,2.969042e-04,1206.858215,0.358215,2.106227e+00,1.002854e+12,3.916304e-06,5.392388e-01,8.574500e+01,1.559990e+06,3.073102e-28,1.005984e-13,1.360097e+00,7.450581e+00,2.181934e+04,3.271191e+04,3.292676e+04,-1.556199e+02,-3.201427e+01,7.712403e+01
Si III 1206,1.025931e-05,2.750868e-04,2.853489e-04,1206.844273,0.344273,1.278366e+00,6.086013e+11,3.681243e-06,5.392388e-01,8.240991e+01,1.378345e+06,3.895262e-28,1.128906e-13,6.877864e-01,7.450581e+00,2.181934e+04,3.271387e+04,3.292676e+04,-1.702480e+02,-3.158518e+01,7.350806e+01
Si III 1206,1.002988e-05,2.561720e-04,2.662045e-04,1206.821176,0.321176,2.457971e+00,1.170299e+12,3.834147e-06,5.392388e-01,7.674705e+01,1.495224e+06,3.831637e-28,1.204911e-13,2.047884e+00,7.450581e+00,2.181934e+04,3.271387e+04,3.292480e+04,-1.574868e+02,-4.366873e+01,6.398853e+01
Si III 1206,9.346774e-06,2.735742e-04,2.829236e-04,1206.841347,0.341347,3.263820e-01,1.553967e+11,3.844295e-06,5.392388e-01,8.196841e+01,1.503150e+06,3.882605e-28,1.227161e-13,2.047884e+00,7.450581e+00,2.181934e+04,3.271387e+04,3.292285e+04,-1.461901e+02,-4.569752e+01,6.902086e+01
Si III 1206,8.663664e-06,2.677049e-04,2.763709e-04,1206.833441,0.333441,5.229962e-04,2.573909e+09,3.723993e-06,5.392388e-01,8.021700e+01,1.410544e+06,3.665271e-28,1.085561e-13,1.722254e+00,7.450581e+00,2.181934e+04,3.271387e+04,3.292090e+04,-1.310566e+02,-3.018442e+01,7.233058e+01
Si III 1206,8.089174e-06,2.687809e-04,2.768723e-04,1206.834046,0.334046,3.523615e-04,1.744850e+09,3.747532e-06,5.392388e-01,8.053627e+01,1.428433e+06,3.848308e-28,1.153826e-13,3.256295e-01,7.450581e+00,2.181934e+04,3.271582e+04,3.292090e+04,-1.385094e+02,-2.212412e+01,7.507306e+01
Si III 1206,7.980554e-06,2.134730e-04,2.214552e-04,1206.767186,0.267186,1.315408e-01,6.265909e+10,4.209423e-06,5.392388e-01,6.396963e+01,1.802246e+06,3.083226e-28,1.159969e-13,2.047884e+00,7.450581e+00,2.181934e+04,3.271582e+04,3.291895e+04,-1.135397e+02,-2.162746e+01,5.829280e+01
Si III 1206,7.297444e-06,2.115105e-04,2.188095e-04,1206.763994,0.263994,8.842828e-02,4.219469e+10,4.748490e-06,5.392388e-01,6.338500e+01,2.293401e+06,3.075010e-28,1.470605e-13,8.793908e-01,9.313226e-01,2.181885e+04,3.271533e+04,3.291748e+04,-1.024778e+02,-3.275879e+01,5.436810e+01
Si III 1206,7.004107e-06,1.807333e-04,1.877387e-04,1206.726507,0.226507,2.993953e-02,1.654258e+10,4.886331e-06,5.392388e-01,5.416473e+01,2.428481e+06,2.675734e-28,1.351271e-13,1.445511e-01,9.313226e-01,2.181885e+04,3.271631e+04,3.291748e+04,-8.745590e+01,-2.994038e+01,4.584864e+01
Si III 1206,6.955889e-06,1.907012e-04,1.976584e-04,1206.738475,0.238475,1.098034e+00,5.226955e+11,5.386824e-06,5.392388e-01,5.715302e+01,2.951443e+06,2.704043e-28,1.657920e-13,1.023942e+00,9.313226e-01,2.181885e+04,3.271631e+04,3.291650e+04,-8.474546e+01,-3.473516e+01,4.751972e+01
Si III 1206,6.614334e-06,1.922185e-04,1.988341e-04,1206.739893,0.239893,4.264162e+00,2.029862e+12,5.560285e-06,5.392388e-01,5.760032e+01,3.144583e+06,3.930445e-28,2.567343e-13,1.023942e+00,9.313226e-01,2.181885e+04,3.271631e+04,3.291553e+04,-1.084298e+02,-3.385887e+01,4.785308e+01
Si III 1206,6.272779e-06,1.782463e-04,1.845202e-04,1206.722624,0.222624,3.798147e+00,1.808051e+12,5.380900e-06,5.392388e-01,5.338672e+01,2.944956e+06,6.858650e-28,4.199681e-13,4.174658e-01,9.313226e-01,2.181885e+04,3.271631e+04,3.291455e+04,-1.655132e+02,-2.559156e+01,4.504569e+01
Si III 1206,6.133526e-06,2.060478e-04,2.121826e-04,1206.755998,0.255998,4.702191e+00,2.238349e+12,5.895637e-06,5.392388e-01,6.172811e+01,3.535333e+06,5.155700e-28,3.784975e-13,6.064761e-01,9.313226e-01,2.181982e+04,3.271631e+04,3.291455e+04,-1.490414e+02,-3.524220e+01,5.104013e+01
Si III 1206,5.931224e-06,1.880201e-04,1.939524e-04,1206.734004,0.234004,4.094506e-01,1.967919e+11,5.581184e-06,5.392388e-01,5.630013e+01,3.168266e+06,7.252321e-28,4.777434e-13,3.652733e-02,9.313226e-01,2.181982e+04,3.271631e+04,3.291357e+04,-1.929274e+02,-2.241499e+01,4.862408e+01
Si III 1206,5.919040e-06,2.063534e-04,2.122737e-04,1206.756108,0.256108,6.270755e+00,2.985021e+12,5.928290e-06,5.392388e-01,6.181080e+01,3.574603e+06,6.280272e-28,4.659505e-13,9.874146e-01,9.313226e-01,2.181982e+04,3.271729e+04,3.291357e+04,-1.670886e+02,-2.067734e+01,5.539799e+01
Si III 1206,5.589669e-06,2.081960e-04,2.137868e-04,1206.757934,0.257934,5.319879e+00,2.532374e+12,5.449951e-06,5.392388e-01,6.236287e+01,3.021023e+06,6.007582e-28,3.777742e-13,1.023942e+00,9.313226e-01,2.181982e+04,3.271729e+04,3.291260e+04,-1.669965e+02,-5.659033e+00,6.070588e+01
Si III 1206,5.248114e-06,2.095502e-04,2.147994e-04,1206.759155,0.259155,3.115460e+00,1.483022e+12,5.258712e-06,5.392388e-01,6.277478e+01,2.812728e+06,5.167007e-28,3.030647e-13,1.023942e+00,9.313226e-01,2.181982e+04,3.271729e+04,3.291162e+04,-1.533205e+02,1.065350e+01,6.651020e+01
Si III 1206,4.906559e-06,1.915995e-04,1.965070e-04,1206.737086,0.237086,2.455162e-01,1.173490e+11,5.024411e-06,5.392388e-01,5.740059e+01,2.567671e+06,4.669553e-28,2.503604e-13,2.176057e-01,9.313226e-01,2.181982e+04,3.271729e+04,3.291064e+04,-1.375367e+02,2.297775e+01,6.502888e+01
Si III 1206,4.833973e-06,2.046689e-04,2.095038e-04,1206.752766,0.252766,1.361182e-01,6.503439e+10,4.969113e-06,5.392388e-01,6.132739e+01,2.511463e+06,3.647761e-28,1.910262e-13,8.063362e-01,9.313226e-01,2.181982e+04,3.271826e+04,3.291064e+04,-1.164989e+02,1.731149e+01,6.772808e+01
Si III 1206,4.565004e-06,1.793837e-04,1.839496e-04,1206.721935,0.221935,1.345893e-01,6.418368e+10,4.606457e-06,5.392388e-01,5.375088e+01,2.158256e+06,4.311871e-28,1.942956e-13,1.023942e+00,9.313226e-01,2.181982e+04,3.271826e+04,3.290967e+04,-1.090528e+02,2.255957e+01,6.156533e+01
Si III 1206,4.223449e-06,1.423404e-04,1.465645e-04,1206.676830,0.176830,1.010488e+00,4.813275e+11,4.144518e-06,5.392388e-01,4.264764e+01,1.747097e+06,5.929623e-28,2.166292e-13,1.023942e+00,9.313226e-01,2.181982e+04,3.271826e+04,3.290869e+04,-1.069897e+02,2.865356e+01,5.187749e+01
Si III 1206,3.881894e-06,9.328736e-05,9.716962e-05,1206.617235,0.117235,1.028868e+00,4.899954e+11,3.953062e-06,5.392388e-01,2.793699e+01,1.589411e+06,8.437292e-28,2.809432e-13,3.986842e-01,9.313226e-01,2.181982e+04,3.271826e+04,3.290771e+04,-1.228013e+02,3.645874e+01,3.863532e+01
Si III 1206,3.748905e-06,1.491383e-04,1.528877e-04,1206.684459,0.184459,7.655691e-02,3.855214e+10,3.765984e-06,5.392388e-01,4.469025e+01,1.442534e+06,7.026378e-28,2.125032e-13,1.132868e-01,1.164153e-01,2.181958e+04,3.271899e+04,3.290796e+04,-9.638773e+01,1.737025e+01,5.065166e+01
Si III 1206,3.711117e-06,1.287194e-04,1.324310e-04,1206.659778,0.159778,5.333059e-01,2.539301e+11,3.635405e-06,5.392388e-01,3.856840e+01,1.344233e+06,8.175035e-28,2.305402e-13,5.119710e-01,1.164153e-01,2.181958e+04,3.271899e+04,3.290747e+04,-1.010837e+02,1.643035e+01,4.385536e+01
Si III 1206,3.540339e-06,1.125059e-04,1.160466e-04,1206.640010,0.140010,6.386696e-01,3.041309e+11,3.828995e-06,5.392388e-01,3.370179e+01,1.491209e+06,9.705737e-28,3.037299e-13,5.119710e-01,1.164153e-01,2.181958e+04,3.271899e+04,3.290698e+04,-1.187869e+02,1.823765e+01,3.901397e+01
Si III 1206,3.369562e-06,8.138620e-05,8.475604e-05,1206.602258,0.102258,6.494825e-01,3.093006e+11,3.884782e-06,5.392388e-01,2.436749e+01,1.534978e+06,1.151838e-27,3.711172e-13,4.892234e-01,1.164153e-01,2.181958e+04,3.271899e+04,3.290649e+04,-1.335334e+02,1.573023e+01,2.818132e+01
Si III 1206,3.206372e-06,1.226177e-04,1.258245e-04,1206.651807,0.151807,1.354795e-03,6.838749e+09,3.817981e-06,5.392388e-01,3.673329e+01,1.482642e+06,1.135871e-27,3.533811e-13,2.274757e-02,1.164153e-01,2.181958e+04,3.271948e+04,3.290649e+04,-1.194737e+02,9.636222e+00,3.947308e+01
Si III 1206,3.198784e-06,8.047972e-05,8.367877e-05,1206.600958,0.100958,1.248203e+00,5.944034e+11,3.822982e-06,5.392388e-01,2.409036e+01,1.486529e+06,1.621421e-27,5.062750e-13,5.119710e-01,1.164153e-01,2.181958e+04,3.271948e+04,3.290601e+04,-1.462774e+02,7.908539e+00,2.520725e+01
Si III 1206,3.028007e-06,5.386507e-05,5.689324e-05,1206.568642,0.068642,6.409486e+00,3.052356e+12,3.838686e-06,5.392388e-01,1.609130e+01,1.498767e+06,2.553097e-27,8.034909e-13,5.119710e-01,1.164153e-01,2.181958e+04,3.271948e+04,3.290552e+04,-1.843219e+02,3.311283e+00,1.471202e+01
Si III 1206,2.857229e-06,4.450816e-05,4.736552e-05,1206.557147,0.057147,1.593561e+01,7.588681e+12,3.767524e-06,5.392388e-01,1.325858e+01,1.443714e+06,3.904019e-27,1.183089e-12,5.119710e-01,1.164153e-01,2.181958e+04,3.271948e+04,3.290503e+04,-2.250565e+02,-3.478641e+00,8.896862e+00
Si III 1206,2.686452e-06,3.488983e-05,3.757637e-05,1206.545336,0.045336,2.815813e+00,1.340910e+12,3.739869e-06,5.392388e-01,1.035104e+01,1.422597e+06,5.182890e-27,1.546074e-12,6.779164e-02,1.164153e-01,2.181958e+04,3.271948e+04,3.290454e+04,-2.550581e+02,-9.326315e+00,3.486311e+00
Si III 1206,2.663838e-06,1.013538e-04,1.040179e-04,1206.625498,0.125498,4.938287e+01,2.351252e+13,3.279194e-06,5.392388e-01,3.024121e+01,1.093713e+06,8.151068e-27,1.867450e-12,4.441793e-01,1.164153e-01,2.181958e+04,3.271997e+04,3.290454e+04,-2.925654e+02,-1.198114e+01,2.285418e+01
Si III 1206,2.515674e-06,9.814255e-05,1.006585e-04,1206.621444,0.121444,4.053080e+01,1.929827e+13,3.460090e-06,5.392388e-01,2.927256e+01,1.217710e+06,8.182531e-27,2.086379e-12,5.119710e-01,1.164153e-01,2.181958e+04,3.271997e+04,3.290405e+04,-2.985433e+02,-1.724672e+01,2.007719e+01
Si III 1206,2.344897e-06,6.503592e-05,6.738097e-05,1206.581295,0.081295,1.661052e+01,7.909009e+12,3.274478e-06,5.392388e-01,1.939550e+01,1.090569e+06,6.105202e-27,1.393507e-12,5.119710e-01,1.164153e-01,2.181958e+04,3.271997e+04,3.290356e+04,-2.460209e+02,-2.002140e+01,9.760007e+00
Si III 1206,2.174119e-06,4.258655e-05,4.476076e-05,1206.554004,0.054004,1.997879e+00,9.513023e+11,3.301388e-06,5.392388e-01,1.269440e+01,1.108568e+06,4.284383e-27,9.942022e-13,1.583308e-01,1.164153e-01,2.181958e+04,3.271997e+04,3.290308e+04,-2.079208e+02,-1.893898e+01,3.736443e+00
Si III 1206,2.121305e-06,9.773239e-05,9.985390e-05,1206.620474,0.120474,4.256954e+00,2.026851e+12,3.204015e-06,5.392388e-01,2.920643e+01,1.044138e+06,5.111172e-27,1.117986e-12,3.536401e-01,1.164153e-01,2.181958e+04,3.272046e+04,3.290308e+04,-2.338416e+02,-2.747563e+01,1.791210e+01
Si III 1206,2.003342e-06,8.445593e-05,8.645944e-05,1206.604313,0.104313,4.477599e+00,2.131936e+12,3.219853e-06,5.392388e-01,2.522759e+01,1.054486e+06,5.124142e-27,1.132554e-12,5.119710e-01,1.164153e-01,2.181958e+04,3.272046e+04,3.290259e+04,-2.327318e+02,-2.387539e+01,1.489277e+01
Si III 1206,1.832564e-06,7.705767e-05,7.889038e-05,1206.595181,0.095181,5.769657e+00,2.747154e+12,3.247802e-06,5.392388e-01,2.298732e+01,1.072872e+06,7.215397e-27,1.623919e-12,5.119710e-01,1.164153e-01,2.181958e+04,3.272046e+04,3.290210e+04,-2.602607e+02,-2.087714e+01,1.300933e+01
Si III 1206,1.661787e-06,4.990752e-05,5.156939e-05,1206.562218,0.062218,3.021615e+00,1.438753e+12,3.321549e-06,5.392388e-01,1.481719e+01,1.122148e+06,9.897805e-27,2.331375e-12,2.488701e-01,1.164153e-01,2.181958e+04,3.272046e+04,3.290161e+04,-2.943084e+02,-9.119668e+00,7.552288e+00
Si III 1206,1.578771e-06,1.064395e-04,1.080185e-04,1206.630324,0.130324,2.063544e+00,9.825354e+11,3.512250e-06,5.392388e-01,3.176651e+01,1.254700e+06,8.074696e-27,2.128157e-12,2.631009e-01,1.164153e-01,2.181958e+04,3.272095e+04,3.290161e+04,-2.914891e+02,-2.144378e+01,2.149355e+01
Si III 1206,1.491009e-06,7.077697e-05,7.226808e-05,1206.587191,0.087191,5.664137e+00,2.697090e+12,3.623957e-06,5.392388e-01,2.107593e+01,1.335780e+06,9.305377e-27,2.611731e-12,5.119710e-01,1.164153e-01,2.181958e+04,3.272095e+04,3.290112e+04,-2.918077e+02,-3.680996e+00,1.587009e+01
Si III 1206,1.320232e-06,4.181301e-05,4.313329e-05,1206.552040,0.052040,8.944771e+00,4.259747e+12,3.827996e-06,5.392388e-01,1.240138e+01,1.490431e+06,1.049553e-26,3.287914e-12,5.119710e-01,1.164153e-01,2.181958e+04,3.272095e+04,3.290063e+04,-2.826395e+02,1.426404e+01,1.258267e+01
Si III 1206,1.149454e-06,1.477042e-05,1.591989e-05,1206.519207,0.019207,6.570005e+00,3.129193e+12,3.948074e-06,5.392388e-01,4.333279e+00,1.585402e+06,8.310665e-27,2.769420e-12,3.394093e-01,1.164153e-01,2.181958e+04,3.272095e+04,3.290015e+04,-2.374122e+02,2.041842e+01,6.846140e+00
Si III 1206,1.036238e-06,4.618971e-05,4.722599e-05,1206.556978,0.056978,9.984203e-01,4.755167e+11,3.949811e-06,5.392388e-01,1.378968e+01,1.586798e+06,3.422001e-27,1.141201e-12,1.725617e-01,1.164153e-01,2.181958e+04,3.272144e+04,3.290015e+04,-1.852711e+02,7.206968e+00,1.350853e+01
Si III 1206,9.786765e-07,1.550790e-05,1.648659e-05,1206.519891,0.019891,1.804115e+00,8.593192e+11,4.002668e-06,5.392388e-01,4.609904e+00,1.629552e+06,1.918106e-27,6.568453e-13,5.119710e-01,1.164153e-01,2.181958e+04,3.272144e+04,3.289966e+04,-1.527547e+02,1.265358e+01,6.162768e+00
Si III 1206,8.078990e-07,-1.805440e-05,-1.724651e-05,1206.479192,-0.020808,9.644468e-01,4.594748e+11,4.145856e-06,5.392388e-01,-5.445545e+00,1.748226e+06,1.404292e-27,5.156067e-13,5.119710e-01,1.164153e-01,2.181958e+04,3.272144e+04,3.289917e+04,-1.391963e+02,1.978805e+01,-1.899208e+00
Si III 1206,6.371215e-07,-4.959873e-05,-4.896164e-05,1206.440928,-0.059072,5.714320e-01,2.723162e+11,4.288960e-06,5.392388e-01,-1.490130e+01,1.870996e+06,1.303316e-27,5.119420e-13,4.299485e-01,1.164153e-01,2.181958e+04,3.272144e+04,3.289868e+04,-1.358226e+02,2.500001e+01,-1.011451e+01
Si III 1206,4.937041e-07,-2.936438e-05,-2.887069e-05,1206.465168,-0.034832,5.748770e-02,3.013016e+10,4.291100e-06,5.392388e-01,-8.833687e+00,1.872864e+06,1.181889e-27,4.646543e-13,8.202247e-02,1.164153e-01,2.181958e+04,3.272192e+04,3.289868e+04,-1.335939e+02,1.978893e+01,-5.354121e+00
Si III 1206,4.663440e-07,-5.739483e-05,-5.692851e-05,1206.431316,-0.068684,1.937057e-01,9.232435e+10,4.352356e-06,5.392388e-01,-1.723473e+01,1.926716e+06,1.108943e-27,4.484780e-13,5.119710e-01,1.164153e-01,2.181958e+04,3.272192e+04,3.289819e+04,-1.273213e+02,2.290414e+01,-1.307318e+01
Si III 1206,2.955665e-07,-6.630282e-05,-6.600727e-05,1206.420362,-0.079638,5.636707e-02,2.979778e+10,4.387928e-06,5.392388e-01,-1.990413e+01,1.958340e+06,1.068816e-27,4.392516e-13,5.119710e-01,1.164153e-01,2.181958e+04,3.272192e+04,3.289771e+04,-1.241742e+02,2.348861e+01,-1.563343e+01
Si III 1206,1.247890e-07,-5.933770e-05,-5.921292e-05,1206.428560,-0.071440,5.107499e-04,2.961008e+09,4.387486e-06,5.392388e-01,-1.781517e+01,1.957945e+06,1.050875e-27,4.316253e-13,3.750378e-01,1.164153e-01,2.181958e+04,3.272192e+04,3.289722e+04,-1.225077e+02,2.227624e+01,-1.379580e+01
