Line	 z_cosmo	 z_doppler	 z_effective	 wavelength [A]	delta wavelength [A]	 optical depth	column density [cm^-2]	 thermal broadening [km/s]	equivalent width [A]	 velocity_los [km/s]	temperature [K]	 density [g/cm^3]	 pressure [dyne/cm^2]	dl [kpccm/h]	 cell_volume [kpccm/h^3]	 x [kpccm/h]	y [kpccm/h]	 z [kpccm/h]	 v_x [km/s]	 v_y [km/s]	v_z [km/s]	 
Line,z_cosmo,z_dopp,z_eff,lambda,delta_lamdba,tau,N,thermal_b,EW,v_los,T,rho,p,dl,cell_volume,x,y,z,vx,vy,vz
C II 1335,1.266835e-05,8.199741e-05,9.466679e-05,1334.658336,0.126336,1.375602e-01,6.873114e+11,5.438858e-06,8.169334e-01,2.449860e+01,1.286680e+06,3.968841e-28,1.068949e-13,1.319413e+00,7.450581e+00,2.183301e+04,3.270605e+04,3.292871e+04,-1.972815e+02,-1.845850e+01,1.042278e+02
C II 1335,1.222823e-05,9.366668e-05,1.058961e-04,1334.673322,0.141322,1.286484e-03,1.018489e+11,5.254792e-06,8.169334e-01,2.801963e+01,1.201064e+06,3.057380e-28,7.694285e-14,5.501740e-01,7.450581e+00,2.183301e+04,3.270605e+04,3.292676e+04,-1.647628e+02,-1.676363e+01,9.541960e+01
C II 1335,1.204471e-05,9.128991e-05,1.033357e-04,1334.669905,0.137905,4.559209e-05,3.523143e+09,5.125440e-06,8.169334e-01,2.732229e+01,1.142661e+06,2.962183e-28,7.089580e-14,1.340894e+00,7.450581e+00,2.183301e+04,3.270801e+04,3.292676e+04,-1.419537e+02,-2.133665e+01,8.256908e+01
C II 1335,1.159743e-05,1.146288e-04,1.262275e-04,1334.700455,0.168455,1.879153e-04,1.742586e+10,6.154152e-06,8.169334e-01,3.431874e+01,1.647371e+06,2.361149e-28,8.133529e-14,4.462911e-01,7.450581e+00,2.183105e+04,3.270801e+04,3.292676e+04,-1.385853e+02,-2.209164e+01,8.912756e+01
C II 1335,1.144856e-05,1.461328e-04,1.575830e-04,1334.742300,0.210300,8.599963e-05,8.385078e+09,6.473007e-06,8.169334e-01,4.375847e+01,1.822499e+06,2.428411e-28,9.270819e-14,2.337360e+00,7.450581e+00,2.183105e+04,3.270801e+04,3.292480e+04,-1.416307e+02,-2.815659e+01,9.868930e+01
C II 1335,1.066889e-05,1.936315e-04,2.043024e-04,1334.804648,0.272648,3.115946e-05,3.108281e+09,6.623666e-06,8.169334e-01,5.798960e+01,1.908323e+06,2.807660e-28,1.123187e-13,5.478950e-01,7.450581e+00,2.183105e+04,3.270801e+04,3.292285e+04,-1.453191e+02,-2.675302e+01,1.179954e+02
C II 1335,1.048613e-05,1.982122e-04,2.087004e-04,1334.810517,0.278517,8.134698e-04,7.692469e+10,6.276004e-06,8.169334e-01,5.936389e+01,1.713253e+06,2.892292e-28,1.039153e-13,1.789465e+00,7.450581e+00,2.183105e+04,3.270996e+04,3.292285e+04,-1.419058e+02,-2.202750e+01,1.205481e+02
C II 1335,9.889227e-06,2.292231e-04,2.391146e-04,1334.851106,0.319106,6.367582e-04,6.416799e+10,6.689508e-06,8.169334e-01,6.865698e+01,1.946451e+06,3.156165e-28,1.285520e-13,3.591372e-01,7.450581e+00,2.183105e+04,3.270996e+04,3.292090e+04,-1.376234e+02,-1.091387e+01,1.354024e+02
C II 1335,9.769430e-06,2.047405e-04,2.145120e-04,1334.818273,0.286273,1.032624e-01,5.372278e+11,6.828766e-06,8.169334e-01,6.130445e+01,2.028334e+06,3.484399e-28,1.476772e-13,1.978222e+00,7.450581e+00,2.182910e+04,3.270996e+04,3.292090e+04,-1.595730e+02,-2.686094e+00,1.400812e+02
C II 1335,9.109558e-06,1.520064e-04,1.611173e-04,1334.747016,0.215016,1.671794e-03,1.991875e+11,7.912086e-06,8.169334e-01,4.548549e+01,2.722934e+06,4.130885e-28,2.342030e-13,5.456161e-01,7.450581e+00,2.182910e+04,3.270996e+04,3.291895e+04,-1.795634e+02,1.019065e+01,1.361179e+02
C II 1335,8.927558e-06,1.121403e-04,1.210689e-04,1334.693570,0.161570,3.324917e-01,1.640018e+12,8.922038e-06,8.169334e-01,3.355769e+01,3.462448e+06,3.831471e-28,2.755164e-13,1.791743e+00,7.450581e+00,2.182910e+04,3.271191e+04,3.291895e+04,-1.540076e+02,1.400501e+01,1.128518e+02
C II 1335,8.329890e-06,1.367816e-04,1.451126e-04,1334.725657,0.193657,1.374144e-03,1.996024e+11,9.647576e-06,8.169334e-01,4.096797e+01,4.048475e+06,2.901071e-28,2.441135e-13,1.164566e+00,7.450581e+00,2.182910e+04,3.271191e+04,3.291699e+04,-1.166710e+02,-5.633918e+00,9.597100e+01
C II 1335,7.941428e-06,1.023605e-04,1.103027e-04,1334.679203,0.147203,1.946106e-03,2.772143e+11,9.459310e-06,8.169334e-01,3.064751e+01,3.892011e+06,3.069345e-28,2.483769e-13,1.172794e+00,7.450581e+00,2.182715e+04,3.271191e+04,3.291699e+04,-1.262825e+02,-6.385805e+00,8.734353e+01
C II 1335,7.550222e-06,9.364260e-05,1.011935e-04,1334.667046,0.135046,2.139954e-04,2.857527e+10,8.868159e-06,8.169334e-01,2.804562e+01,3.420755e+06,2.763009e-28,1.969793e-13,5.433371e-01,7.450581e+00,2.182715e+04,3.271191e+04,3.291504e+04,-1.060024e+02,-1.312764e+01,7.220746e+01
C II 1335,7.368982e-06,1.321333e-04,1.395033e-04,1334.718172,0.186172,3.033991e-01,1.504345e+12,9.958099e-06,8.169334e-01,3.958963e+01,4.313283e+06,2.261861e-28,2.031354e-13,1.794022e+00,7.450581e+00,2.182715e+04,3.271387e+04,3.291504e+04,-8.726877e+01,-1.568580e+01,7.675265e+01
C II 1335,6.770553e-06,6.990509e-05,7.667612e-05,1334.634327,0.102327,1.117794e-03,1.491761e+11,8.863444e-06,8.169334e-01,2.093306e+01,3.417119e+06,2.977844e-28,2.121673e-13,5.421977e-01,9.313226e-01,2.182666e+04,3.271338e+04,3.291357e+04,-9.749828e+01,5.714197e+00,6.949405e+01
C II 1335,6.589694e-06,9.501705e-05,1.016074e-04,1334.667598,0.135598,1.157332e-01,6.623613e+11,8.898012e-06,8.169334e-01,2.846251e+01,3.443825e+06,2.945495e-28,2.113286e-13,6.264821e-01,9.313226e-01,2.182666e+04,3.271436e+04,3.291357e+04,-9.145856e+01,2.519898e-01,7.319629e+01
C II 1335,6.380719e-06,5.566628e-05,6.204735e-05,1334.614804,0.082804,1.042290e-01,5.681045e+11,7.917257e-06,8.169334e-01,1.666292e+01,2.726494e+06,3.574236e-28,2.033551e-13,8.013141e-01,9.313226e-01,2.182666e+04,3.271436e+04,3.291260e+04,-9.912117e+01,1.811263e+01,7.127829e+01
C II 1335,6.113427e-06,1.663171e-05,2.274523e-05,1334.562354,0.030354,5.093421e-04,5.875539e+10,7.659836e-06,8.169334e-01,4.962052e+00,2.552079e+06,3.592857e-28,1.910706e-13,3.673657e-01,9.313226e-01,2.182568e+04,3.271436e+04,3.291260e+04,-9.858830e+01,2.840126e+01,6.219508e+01
C II 1335,5.990885e-06,-2.621573e-05,-2.022500e-05,1334.505009,-0.026991,1.716780e-03,1.767782e+11,6.837491e-06,8.169334e-01,-7.893036e+00,2.033521e+06,4.723351e-28,2.006186e-13,5.410582e-01,9.313226e-01,2.182568e+04,3.271436e+04,3.291162e+04,-1.161500e+02,5.006700e+01,6.513947e+01
C II 1335,5.810405e-06,-2.462733e-05,-1.881706e-05,1334.506888,-0.025112,2.163043e-01,1.112612e+12,6.508050e-06,8.169334e-01,-7.419493e+00,1.842285e+06,5.326820e-28,2.048828e-13,6.276216e-01,9.313226e-01,2.182568e+04,3.271533e+04,3.291162e+04,-1.249829e+02,4.307806e+01,6.597739e+01
C II 1335,5.601051e-06,-7.683967e-05,-7.123905e-05,1334.436929,-0.095071,4.572952e-01,2.248589e+12,6.069051e-06,8.169334e-01,-2.309306e+01,1.602126e+06,7.163191e-28,2.400843e-13,1.168680e+00,9.313226e-01,2.182568e+04,3.271533e+04,3.291064e+04,-1.565886e+02,6.678185e+01,7.255831e+01
C II 1335,5.211217e-06,-1.280143e-04,-1.228038e-04,1334.368114,-0.163886,7.013967e-04,6.116073e+10,5.787685e-06,8.169334e-01,-3.845696e+01,1.457018e+06,9.122821e-28,2.781154e-13,3.534852e-02,9.313226e-01,2.182568e+04,3.271533e+04,3.290967e+04,-1.810421e+02,9.318256e+01,7.780846e+01
C II 1335,5.199426e-06,-2.213402e-04,-2.161420e-04,1334.243552,-0.288448,2.074583e-01,1.050293e+12,5.986946e-06,8.169334e-01,-6.645237e+01,1.559071e+06,1.080902e-27,3.521355e-13,5.045702e-01,9.313226e-01,2.182471e+04,3.271533e+04,3.290967e+04,-2.056747e+02,1.075623e+02,6.200512e+01
C II 1335,5.031117e-06,-1.945731e-04,-1.895429e-04,1334.279049,-0.252951,5.339478e-01,2.625808e+12,6.032389e-06,8.169334e-01,-5.844329e+01,1.582828e+06,1.212088e-27,4.017191e-13,6.287610e-01,9.313226e-01,2.182471e+04,3.271631e+04,3.290967e+04,-2.280545e+02,9.643028e+01,7.556638e+01
C II 1335,4.821383e-06,-2.386617e-04,-2.338415e-04,1334.219931,-0.312069,9.643436e-01,4.742565e+12,5.926759e-06,8.169334e-01,-7.166934e+01,1.527881e+06,1.355780e-27,4.333756e-13,1.168680e+00,9.313226e-01,2.182471e+04,3.271631e+04,3.290869e+04,-2.259397e+02,1.255002e+02,7.337842e+01
C II 1335,4.431549e-06,-2.930295e-04,-2.885993e-04,1334.146855,-0.385145,6.228583e-01,3.063326e+12,5.828420e-06,8.169334e-01,-8.797700e+01,1.477599e+06,1.534923e-27,4.741290e-13,4.380627e-01,9.313226e-01,2.182471e+04,3.271631e+04,3.290771e+04,-2.224678e+02,1.531940e+02,6.623543e+01
C II 1335,4.285425e-06,-3.166378e-04,-3.123537e-04,1334.115154,-0.416846,9.670486e-02,4.878948e+11,5.853432e-06,8.169334e-01,-9.503704e+01,1.490309e+06,1.439900e-27,4.492625e-13,1.007166e-01,9.313226e-01,2.182373e+04,3.271631e+04,3.290771e+04,-2.104481e+02,1.424863e+02,4.730348e+01
C II 1335,4.251829e-06,-2.579322e-04,-2.536814e-04,1334.193454,-0.338546,6.910196e-01,3.398427e+12,5.689607e-06,8.169334e-01,-7.744652e+01,1.408055e+06,1.552075e-27,4.582212e-13,6.299005e-01,9.313226e-01,2.182373e+04,3.271729e+04,3.290771e+04,-2.255829e+02,1.291309e+02,6.812880e+01
C II 1335,4.041714e-06,-3.298240e-04,-3.257836e-04,1334.097231,-0.434769,2.307889e+00,1.135098e+13,5.627077e-06,8.169334e-01,-9.900655e+01,1.377275e+06,1.739305e-27,5.023446e-13,1.168680e+00,9.313226e-01,2.182373e+04,3.271729e+04,3.290674e+04,-2.290611e+02,1.464296e+02,5.246432e+01
C II 1335,3.651880e-06,-3.740965e-04,-3.704460e-04,1334.037628,-0.494372,1.566631e+00,7.705600e+12,5.834000e-06,8.169334e-01,-1.122688e+02,1.480430e+06,1.775828e-27,5.515289e-13,5.376398e-01,9.313226e-01,2.182373e+04,3.271729e+04,3.290576e+04,-2.203501e+02,1.445452e+02,3.193504e+01
C II 1335,3.472541e-06,-2.611225e-04,-2.576508e-04,1334.188157,-0.343843,9.639586e-01,4.740763e+12,5.755089e-06,8.169334e-01,-7.836863e+01,1.440653e+06,1.558404e-27,4.714699e-13,3.031371e-01,9.313226e-01,2.182373e+04,3.271826e+04,3.290576e+04,-2.004942e+02,9.867164e+01,4.108752e+01
C II 1335,3.371424e-06,-3.164116e-04,-3.130412e-04,1334.114236,-0.417764,4.373592e+00,2.151060e+13,5.786965e-06,8.169334e-01,-9.494619e+01,1.456655e+06,1.710770e-27,5.233609e-13,3.279029e-01,9.313226e-01,2.182275e+04,3.271826e+04,3.290576e+04,-2.040955e+02,1.035204e+02,2.521024e+01
C II 1335,3.262046e-06,-3.575682e-04,-3.543074e-04,1334.059165,-0.472835,2.132427e+01,1.048843e+14,6.055131e-06,8.169334e-01,-1.073006e+02,1.594785e+06,2.129825e-27,7.134371e-13,1.168680e+00,9.313226e-01,2.182275e+04,3.271826e+04,3.290479e+04,-2.301595e+02,9.648473e+01,1.802245e+01
C II 1335,2.872212e-06,-3.263634e-04,-3.234922e-04,1334.100289,-0.431711,1.023158e+01,5.032283e+13,6.043346e-06,8.169334e-01,-9.794711e+01,1.588583e+06,2.426099e-27,8.089926e-13,5.365003e-01,1.164153e-01,2.182251e+04,3.271851e+04,3.290405e+04,-2.391118e+02,7.598517e+01,2.277956e+01
C II 1335,2.693253e-06,-2.602543e-04,-2.575617e-04,1334.188276,-0.343724,9.281153e-01,4.564483e+12,5.739269e-06,8.169334e-01,-7.811394e+01,1.432743e+06,2.339858e-27,7.036051e-13,4.783957e-02,1.164153e-01,2.182251e+04,3.271899e+04,3.290405e+04,-2.225508e+02,6.543537e+01,3.417353e+01
C II 1335,2.677295e-06,-2.508346e-04,-2.481579e-04,1334.200825,-0.331175,9.611167e+00,4.726729e+13,5.587940e-06,8.169334e-01,-7.529183e+01,1.358184e+06,2.589223e-27,7.375649e-13,5.843399e-01,1.164153e-01,2.182251e+04,3.271899e+04,3.290356e+04,-2.254977e+02,6.209790e+01,3.713819e+01
C II 1335,2.482378e-06,-2.474362e-04,-2.449544e-04,1334.205101,-0.326899,1.273551e+00,6.263236e+12,5.286310e-06,8.169334e-01,-7.426476e+01,1.215515e+06,2.621066e-27,6.676885e-13,7.481125e-02,1.164153e-01,2.182251e+04,3.271899e+04,3.290308e+04,-2.139012e+02,6.463957e+01,3.469268e+01
C II 1335,2.457423e-06,-2.962499e-04,-2.937932e-04,1334.139924,-0.392076,9.211210e+00,4.530253e+13,5.782318e-06,8.169334e-01,-8.890111e+01,1.454317e+06,2.498856e-27,7.609305e-13,4.611193e-01,1.164153e-01,2.182202e+04,3.271899e+04,3.290308e+04,-2.174798e+02,6.941184e+01,2.109055e+01
C II 1335,2.303608e-06,-1.840152e-04,-1.817120e-04,1334.289500,-0.242500,1.148607e+00,5.648410e+12,5.205063e-06,8.169334e-01,-5.522602e+01,1.178439e+06,2.694072e-27,6.642495e-13,4.840931e-02,1.164153e-01,2.182202e+04,3.271948e+04,3.290308e+04,-1.778605e+02,5.314061e+01,3.635273e+01
C II 1335,2.287461e-06,-1.987294e-04,-1.964424e-04,1334.269841,-0.262159,1.995917e+01,9.815296e+13,5.111076e-06,8.169334e-01,-5.965296e+01,1.136265e+06,4.444593e-27,1.056921e-12,5.843399e-01,1.164153e-01,2.182202e+04,3.271948e+04,3.290259e+04,-1.969892e+02,6.583767e+01,4.556516e+01
C II 1335,2.092544e-06,-2.085875e-04,-2.064954e-04,1334.256425,-0.275575,1.617169e+01,7.952814e+13,5.165441e-06,8.169334e-01,-6.263172e+01,1.160566e+06,7.570668e-27,1.839837e-12,2.761683e-01,1.164153e-01,2.182202e+04,3.271948e+04,3.290210e+04,-2.219641e+02,7.992926e+01,5.970176e+01
C II 1335,2.000423e-06,-2.477219e-04,-2.457220e-04,1334.204076,-0.327924,1.836941e+01,9.033976e+13,5.642337e-06,8.169334e-01,-7.435942e+01,1.384756e+06,6.700083e-27,1.941282e-12,2.591925e-01,1.164153e-01,2.182153e+04,3.271948e+04,3.290210e+04,-2.250701e+02,6.551826e+01,3.978266e+01
C II 1335,1.913964e-06,-2.005754e-04,-1.986618e-04,1334.266879,-0.265121,5.164370e+00,2.539683e+13,5.202809e-06,8.169334e-01,-6.024053e+01,1.177419e+06,1.035521e-26,2.551763e-12,4.897905e-02,1.164153e-01,2.182153e+04,3.271997e+04,3.290210e+04,-2.426912e+02,5.671721e+01,5.979212e+01
C II 1335,1.897627e-06,-2.105221e-04,-2.086249e-04,1334.253583,-0.278417,6.756651e+01,3.322777e+14,5.870849e-06,8.169334e-01,-6.324846e+01,1.499191e+06,1.189931e-26,3.739556e-12,5.843399e-01,1.164153e-01,2.182153e+04,3.271997e+04,3.290161e+04,-2.650559e+02,7.406083e+01,7.440732e+01
C II 1335,1.702709e-06,-2.354932e-04,-2.337909e-04,1334.219999,-0.312001,1.220947e+02,6.004567e+14,6.106921e-06,8.169334e-01,-7.076087e+01,1.622182e+06,1.559904e-26,5.308664e-12,4.775254e-01,1.164153e-01,2.182153e+04,3.271997e+04,3.290112e+04,-2.839012e+02,9.626186e+01,8.456074e+01
C II 1335,1.543422e-06,-3.118392e-04,-3.102963e-04,1334.117900,-0.414100,1.127065e+01,5.543264e+13,6.041352e-06,8.169334e-01,-9.369645e+01,1.587535e+06,2.070171e-26,6.893729e-12,5.726568e-02,1.164153e-01,2.182104e+04,3.271997e+04,3.290112e+04,-3.346112e+02,8.924456e+01,7.523125e+01
C II 1335,1.524320e-06,-3.020787e-04,-3.005548e-04,1334.130900,-0.401100,1.157605e+01,5.693381e+13,5.876660e-06,8.169334e-01,-9.077971e+01,1.502160e+06,2.075996e-26,6.542195e-12,4.954878e-02,1.164153e-01,2.182104e+04,3.272046e+04,3.290112e+04,-3.440583e+02,8.144075e+01,7.884729e+01
C II 1335,1.507792e-06,-3.084168e-04,-3.069095e-04,1334.122419,-0.409581,1.737997e+02,8.548002e+14,6.057904e-06,8.169334e-01,-9.266749e+01,1.596246e+06,1.870457e-26,6.267514e-12,5.843399e-01,1.164153e-01,2.182104e+04,3.272046e+04,3.290063e+04,-3.297378e+02,9.537149e+01,7.744902e+01
C II 1335,1.312875e-06,-2.397942e-04,-2.384816e-04,1334.213739,-0.318261,1.163795e+02,5.723478e+14,5.926229e-06,8.169334e-01,-7.201197e+01,1.527608e+06,1.154681e-26,3.704950e-12,5.342214e-01,1.164153e-01,2.182104e+04,3.272046e+04,3.290015e+04,-2.520090e+02,8.173696e+01,6.219501e+01
C II 1335,1.134676e-06,-1.706527e-04,-1.695182e-04,1334.305773,-0.226227,6.161758e+00,3.030119e+13,6.016986e-06,8.169334e-01,-5.124235e+01,1.574755e+06,5.453520e-27,1.804195e-12,5.011852e-02,1.164153e-01,2.182104e+04,3.272095e+04,3.290015e+04,-2.072961e+02,5.607842e+01,5.514439e+01
C II 1335,1.117958e-06,-1.478986e-04,-1.467808e-04,1334.336116,-0.195884,3.751521e+00,1.844829e+13,6.166359e-06,8.169334e-01,-4.439516e+01,1.653913e+06,2.613308e-27,9.082189e-13,9.454262e-02,1.164153e-01,2.182104e+04,3.272095e+04,3.289966e+04,-1.715914e+02,4.839768e+01,4.426785e+01
C II 1335,1.086422e-06,-1.551133e-04,-1.540271e-04,1334.326446,-0.205554,1.287475e+01,6.331208e+13,5.979332e-06,8.169334e-01,-4.654250e+01,1.555108e+06,2.241914e-27,7.327300e-13,4.897973e-01,1.164153e-01,2.182056e+04,3.272095e+04,3.289966e+04,-1.495941e+02,3.646427e+01,2.634626e+01
C II 1335,9.230412e-07,-1.808073e-04,-1.798845e-04,1334.291938,-0.240062,3.789665e+00,1.863741e+13,6.595308e-06,8.169334e-01,-5.424329e+01,1.892018e+06,1.439755e-27,5.720038e-13,5.336516e-01,1.164153e-01,2.182056e+04,3.272095e+04,3.289917e+04,-1.455767e+02,4.071474e+01,1.754333e+01
C II 1335,7.450321e-07,-1.754943e-04,-1.747494e-04,1334.298791,-0.233209,1.448256e-03,1.425016e+11,6.531524e-06,8.169334e-01,-5.265451e+01,1.855599e+06,1.331122e-27,5.187772e-13,5.068826e-02,1.164153e-01,2.182056e+04,3.272144e+04,3.289917e+04,-1.538059e+02,3.812295e+01,2.165800e+01
C II 1335,7.281241e-07,-2.101117e-04,-2.093838e-04,1334.252571,-0.279429,8.598673e-02,4.466053e+11,6.776436e-06,8.169334e-01,-6.303168e+01,1.997366e+06,1.266250e-27,5.310680e-13,2.958997e-01,1.164153e-01,2.182056e+04,3.272144e+04,3.289868e+04,-1.512456e+02,4.516801e+01,1.167160e+01
C II 1335,6.294214e-07,-2.170164e-04,-2.163871e-04,1334.243225,-0.288775,1.685706e-01,8.724474e+11,6.679912e-06,8.169334e-01,-6.509520e+01,1.940871e+06,1.226495e-27,4.997936e-13,2.884402e-01,1.164153e-01,2.182007e+04,3.272144e+04,3.289868e+04,-1.412253e+02,3.524133e+01,-3.741979e-02
C II 1335,5.332070e-07,-2.382643e-04,-2.377312e-04,1334.214740,-0.317260,3.305136e-01,1.625653e+12,6.873488e-06,8.169334e-01,-7.146479e+01,2.054989e+06,1.186812e-27,5.119153e-13,5.330819e-01,1.164153e-01,2.182007e+04,3.272144e+04,3.289819e+04,-1.397214e+02,3.717783e+01,-7.332823e+00
C II 1335,3.553880e-07,-2.244777e-04,-2.241224e-04,1334.232902,-0.299098,5.550157e-04,5.627300e+10,6.731867e-06,8.169334e-01,-6.733007e+01,1.971179e+06,1.127547e-27,4.665922e-13,5.125799e-02,1.164153e-01,2.182007e+04,3.272192e+04,3.289819e+04,-1.374183e+02,3.297460e+01,-5.469625e+00
C II 1335,3.382900e-07,-2.315518e-04,-2.312136e-04,1334.223438,-0.308562,1.837192e-03,1.887116e+11,6.820346e-06,8.169334e-01,-6.944931e+01,2.023336e+06,1.089148e-27,4.623403e-13,4.972568e-01,1.164153e-01,2.182007e+04,3.272192e+04,3.289771e+04,-1.336708e+02,3.371870e+01,-9.231900e+00
C II 1335,1.724210e-07,-2.238569e-04,-2.236845e-04,1334.233486,-0.298514,2.759044e-04,2.788169e+10,6.709906e-06,8.169334e-01,-6.713766e+01,1.958340e+06,1.068816e-27,4.392516e-13,8.708309e-02,1.164153e-01,2.181958e+04,3.272192e+04,3.289771e+04,-1.241742e+02,2.348861e+01,-1.563343e+01
C II 1335,1.433729e-07,-2.150661e-04,-2.149227e-04,1334.245179,-0.286821,1.577178e-04,1.593599e+10,6.709230e-06,8.169334e-01,-6.450136e+01,1.957945e+06,1.050875e-27,4.316253e-13,4.280508e-01,1.164153e-01,2.181958e+04,3.272192e+04,3.289722e+04,-1.225077e+02,2.227624e+01,-1.379580e+01
C IV 1548,1.266835e-05,8.199741e-05,9.466679e-05,1548.333562,0.146562,1.730303e-01,4.460477e+11,5.438858e-06,3.652845e-02,2.449860e+01,1.286680e+06,3.968841e-28,1.068949e-13,1.319413e+00,7.450581e+00,2.183301e+04,3.270605e+04,3.292871e+04,-1.972815e+02,-1.845850e+01,1.042278e+02
C IV 1548,1.222823e-05,9.366668e-05,1.058961e-04,1548.350947,0.163947,7.867867e-04,3.645843e+10,5.254792e-06,3.652845e-02,2.801963e+01,1.201064e+06,3.057380e-28,7.694285e-14,5.501740e-01,7.450581e+00,2.183301e+04,3.270605e+04,3.292676e+04,-1.647628e+02,-1.676363e+01,9.541960e+01
C IV 1548,1.204471e-05,9.128991e-05,1.033357e-04,1548.346983,0.159983,7.730701e-05,3.493242e+09,5.125440e-06,3.652845e-02,2.732229e+01,1.142661e+06,2.962183e-28,7.089580e-14,1.340894e+00,7.450581e+00,2.183301e+04,3.270801e+04,3.292676e+04,-1.419537e+02,-2.133665e+01,8.256908e+01
C IV 1548,1.159743e-05,1.146288e-04,1.262275e-04,1548.382424,0.195424,1.289341e-04,6.994166e+09,6.154152e-06,3.652845e-02,3.431874e+01,1.647371e+06,2.361149e-28,8.133529e-14,4.462911e-01,7.450581e+00,2.183105e+04,3.270801e+04,3.292676e+04,-1.385853e+02,-2.209164e+01,8.912756e+01
C IV 1548,1.144856e-05,1.461328e-04,1.575830e-04,1548.430968,0.243968,1.903567e-04,1.086208e+10,6.473007e-06,3.652845e-02,4.375847e+01,1.822499e+06,2.428411e-28,9.270819e-14,2.337360e+00,7.450581e+00,2.183105e+04,3.270801e+04,3.292480e+04,-1.416307e+02,-2.815659e+01,9.868930e+01
C IV 1548,1.066889e-05,1.936315e-04,2.043024e-04,1548.503298,0.316298,3.394511e-05,1.981616e+09,6.623666e-06,3.652845e-02,5.798960e+01,1.908323e+06,2.807660e-28,1.123187e-13,5.478950e-01,7.450581e+00,2.183105e+04,3.270801e+04,3.292285e+04,-1.453191e+02,-2.675302e+01,1.179954e+02
C IV 1548,1.048613e-05,1.982122e-04,2.087004e-04,1548.510107,0.323107,1.421270e-03,7.864465e+10,6.276004e-06,3.652845e-02,5.936389e+01,1.713253e+06,2.892292e-28,1.039153e-13,1.789465e+00,7.450581e+00,2.183105e+04,3.270996e+04,3.292285e+04,-1.419058e+02,-2.202750e+01,1.205481e+02
C IV 1548,9.889227e-06,2.292231e-04,2.391146e-04,1548.557194,0.370194,1.085609e-03,6.400578e+10,6.689508e-06,3.652845e-02,6.865698e+01,1.946451e+06,3.156165e-28,1.285520e-13,3.591372e-01,7.450581e+00,2.183105e+04,3.270996e+04,3.292090e+04,-1.376234e+02,-1.091387e+01,1.354024e+02
C IV 1548,9.769430e-06,2.047405e-04,2.145120e-04,1548.519105,0.332105,2.162822e-01,5.368643e+11,6.828766e-06,3.652845e-02,6.130445e+01,2.028334e+06,3.484399e-28,1.476772e-13,1.978222e+00,7.450581e+00,2.182910e+04,3.270996e+04,3.292090e+04,-1.595730e+02,-2.686094e+00,1.400812e+02
C IV 1548,9.109558e-06,1.520064e-04,1.611173e-04,1548.436440,0.249440,6.746002e-02,1.976575e+11,7.912086e-06,3.652845e-02,4.548549e+01,2.722934e+06,4.130885e-28,2.342030e-13,5.456161e-01,7.450581e+00,2.182910e+04,3.270996e+04,3.291895e+04,-1.795634e+02,1.019065e+01,1.361179e+02
C IV 1548,8.927558e-06,1.121403e-04,1.210689e-04,1548.374437,0.187437,5.420714e-01,1.359865e+12,8.922038e-06,3.652845e-02,3.355769e+01,3.462448e+06,3.831471e-28,2.755164e-13,1.791743e+00,7.450581e+00,2.182910e+04,3.271191e+04,3.291895e+04,-1.540076e+02,1.400501e+01,1.128518e+02
C IV 1548,8.329890e-06,1.367816e-04,1.451126e-04,1548.411662,0.224662,3.452300e-02,1.939099e+11,9.647576e-06,3.652845e-02,4.096797e+01,4.048475e+06,2.901071e-28,2.441135e-13,1.164566e+00,7.450581e+00,2.182910e+04,3.271191e+04,3.291699e+04,-1.166710e+02,-5.633918e+00,9.597100e+01
C IV 1548,7.941428e-06,1.023605e-04,1.103027e-04,1548.357769,0.170769,7.719192e-02,2.494844e+11,9.459310e-06,3.652845e-02,3.064751e+01,3.892011e+06,3.069345e-28,2.483769e-13,1.172794e+00,7.450581e+00,2.182715e+04,3.271191e+04,3.291699e+04,-1.262825e+02,-6.385805e+00,8.734353e+01
C IV 1548,7.550222e-06,9.364260e-05,1.011935e-04,1548.343667,0.156667,3.243046e-04,2.534210e+10,8.868159e-06,3.652845e-02,2.804562e+01,3.420755e+06,2.763009e-28,1.969793e-13,5.433371e-01,7.450581e+00,2.182715e+04,3.271191e+04,3.291504e+04,-1.060024e+02,-1.312764e+01,7.220746e+01
C IV 1548,7.368982e-06,1.321333e-04,1.395033e-04,1548.402977,0.215977,8.601738e-02,2.870674e+11,9.958099e-06,3.652845e-02,3.958963e+01,4.313283e+06,2.261861e-28,2.031354e-13,1.794022e+00,7.450581e+00,2.182715e+04,3.271387e+04,3.291504e+04,-8.726877e+01,-1.568580e+01,7.675265e+01
C IV 1548,6.770553e-06,6.990509e-05,7.667612e-05,1548.305709,0.118709,4.444321e-04,3.471041e+10,8.863444e-06,3.652845e-02,2.093306e+01,3.417119e+06,2.977844e-28,2.121673e-13,5.421977e-01,9.313226e-01,2.182666e+04,3.271338e+04,3.291357e+04,-9.749828e+01,5.714197e+00,6.949405e+01
C IV 1548,6.589694e-06,9.501705e-05,1.016074e-04,1548.344307,0.157307,1.617735e-03,1.268386e+11,8.898012e-06,3.652845e-02,2.846251e+01,3.443825e+06,2.945495e-28,2.113286e-13,6.264821e-01,9.313226e-01,2.182666e+04,3.271436e+04,3.291357e+04,-9.145856e+01,2.519898e-01,7.319629e+01
C IV 1548,6.380719e-06,5.566628e-05,6.204735e-05,1548.283061,0.096061,1.694664e-03,1.182359e+11,7.917257e-06,3.652845e-02,1.666292e+01,2.726494e+06,3.574236e-28,2.033551e-13,8.013141e-01,9.313226e-01,2.182666e+04,3.271436e+04,3.291260e+04,-9.912117e+01,1.811263e+01,7.127829e+01
C IV 1548,6.113427e-06,1.663171e-05,2.274523e-05,1548.222214,0.035214,2.615945e-04,1.765903e+10,7.659836e-06,3.652845e-02,4.962052e+00,2.552079e+06,3.592857e-28,1.910706e-13,3.673657e-01,9.313226e-01,2.182568e+04,3.271436e+04,3.291260e+04,-9.858830e+01,2.840126e+01,6.219508e+01
C IV 1548,5.990885e-06,-2.621573e-05,-2.022500e-05,1548.155688,-0.031312,7.430511e-04,4.477481e+10,6.837491e-06,3.652845e-02,-7.893036e+00,2.033521e+06,4.723351e-28,2.006186e-13,5.410582e-01,9.313226e-01,2.182568e+04,3.271436e+04,3.291162e+04,-1.161500e+02,5.006700e+01,6.513947e+01
C IV 1548,5.810405e-06,-2.462733e-05,-1.881706e-05,1548.157868,-0.029132,7.677924e-02,2.076265e+11,6.508050e-06,3.652845e-02,-7.419493e+00,1.842285e+06,5.326820e-28,2.048828e-13,6.276216e-01,9.313226e-01,2.182568e+04,3.271533e+04,3.291162e+04,-1.249829e+02,4.307806e+01,6.597739e+01
C IV 1548,5.601051e-06,-7.683967e-05,-7.123905e-05,1548.076709,-0.110291,1.432673e-01,3.791930e+11,6.069051e-06,3.652845e-02,-2.309306e+01,1.602126e+06,7.163191e-28,2.400843e-13,1.168680e+00,9.313226e-01,2.182568e+04,3.271533e+04,3.291064e+04,-1.565886e+02,6.678185e+01,7.255831e+01
C IV 1548,5.211217e-06,-1.280143e-04,-1.228038e-04,1547.996877,-0.190123,1.715779e-04,8.753322e+09,5.787685e-06,3.652845e-02,-3.845696e+01,1.457018e+06,9.122821e-28,2.781154e-13,3.534852e-02,9.313226e-01,2.182568e+04,3.271533e+04,3.290967e+04,-1.810421e+02,9.318256e+01,7.780846e+01
C IV 1548,5.199426e-06,-2.213402e-04,-2.161420e-04,1547.852372,-0.334628,4.026622e-02,1.526461e+11,5.986946e-06,3.652845e-02,-6.645237e+01,1.559071e+06,1.080902e-27,3.521355e-13,5.045702e-01,9.313226e-01,2.182471e+04,3.271533e+04,3.290967e+04,-2.056747e+02,1.075623e+02,6.200512e+01
C IV 1548,5.031117e-06,-1.945731e-04,-1.895429e-04,1547.893552,-0.293448,1.355136e-01,3.580956e+11,6.032389e-06,3.652845e-02,-5.844329e+01,1.582828e+06,1.212088e-27,4.017191e-13,6.287610e-01,9.313226e-01,2.182471e+04,3.271631e+04,3.290967e+04,-2.280545e+02,9.643028e+01,7.556638e+01
C IV 1548,4.821383e-06,-2.386617e-04,-2.338415e-04,1547.824970,-0.362030,1.729401e-01,4.548400e+11,5.926759e-06,3.652845e-02,-7.166934e+01,1.527881e+06,1.355780e-27,4.333756e-13,1.168680e+00,9.313226e-01,2.182471e+04,3.271631e+04,3.290869e+04,-2.259397e+02,1.255002e+02,7.337842e+01
C IV 1548,4.431549e-06,-2.930295e-04,-2.885993e-04,1547.740194,-0.446806,7.817678e-02,2.047594e+11,5.828420e-06,3.652845e-02,-8.797700e+01,1.477599e+06,1.534923e-27,4.741290e-13,4.380627e-01,9.313226e-01,2.182471e+04,3.271631e+04,3.290771e+04,-2.224678e+02,1.531940e+02,6.623543e+01
C IV 1548,4.285425e-06,-3.166378e-04,-3.123537e-04,1547.703418,-0.483582,6.754424e-04,3.484914e+10,5.853432e-06,3.652845e-02,-9.503704e+01,1.490309e+06,1.439900e-27,4.492625e-13,1.007166e-01,9.313226e-01,2.182373e+04,3.271631e+04,3.290771e+04,-2.104481e+02,1.424863e+02,4.730348e+01
C IV 1548,4.251829e-06,-2.579322e-04,-2.536814e-04,1547.794254,-0.392746,1.025199e-01,2.669321e+11,5.689607e-06,3.652845e-02,-7.744652e+01,1.408055e+06,1.552075e-27,4.582212e-13,6.299005e-01,9.313226e-01,2.182373e+04,3.271729e+04,3.290771e+04,-2.255829e+02,1.291309e+02,6.812880e+01
C IV 1548,4.041714e-06,-3.298240e-04,-3.257836e-04,1547.682626,-0.504374,2.243826e-01,5.828047e+11,5.627077e-06,3.652845e-02,-9.900655e+01,1.377275e+06,1.739305e-27,5.023446e-13,1.168680e+00,9.313226e-01,2.182373e+04,3.271729e+04,3.290674e+04,-2.290611e+02,1.464296e+02,5.246432e+01
C IV 1548,3.651880e-06,-3.740965e-04,-3.704460e-04,1547.613480,-0.573520,9.487703e-02,2.485520e+11,5.834000e-06,3.652845e-02,-1.122688e+02,1.480430e+06,1.775828e-27,5.515289e-13,5.376398e-01,9.313226e-01,2.182373e+04,3.271729e+04,3.290576e+04,-2.203501e+02,1.445452e+02,3.193504e+01
C IV 1548,3.472541e-06,-2.611225e-04,-2.576508e-04,1547.788108,-0.398892,3.072116e-02,1.131676e+11,5.755089e-06,3.652845e-02,-7.836863e+01,1.440653e+06,1.558404e-27,4.714699e-13,3.031371e-01,9.313226e-01,2.182373e+04,3.271826e+04,3.290576e+04,-2.004942e+02,9.867164e+01,4.108752e+01
C IV 1548,3.371424e-06,-3.164116e-04,-3.130412e-04,1547.702354,-0.484646,1.645251e-01,4.301397e+11,5.786965e-06,3.652845e-02,-9.494619e+01,1.456655e+06,1.710770e-27,5.233609e-13,3.279029e-01,9.313226e-01,2.182275e+04,3.271826e+04,3.290576e+04,-2.040955e+02,1.035204e+02,2.521024e+01
C IV 1548,3.262046e-06,-3.575682e-04,-3.543074e-04,1547.638466,-0.548534,6.099134e-01,1.513668e+12,6.055131e-06,3.652845e-02,-1.073006e+02,1.594785e+06,2.129825e-27,7.134371e-13,1.168680e+00,9.313226e-01,2.182275e+04,3.271826e+04,3.290479e+04,-2.301595e+02,9.648473e+01,1.802245e+01
C IV 1548,2.872212e-06,-3.263634e-04,-3.234922e-04,1547.686174,-0.500826,2.379239e-01,5.904519e+11,6.043346e-06,3.652845e-02,-9.794711e+01,1.588583e+06,2.426099e-27,8.089926e-13,5.365003e-01,1.164153e-01,2.182251e+04,3.271851e+04,3.290405e+04,-2.391118e+02,7.598517e+01,2.277956e+01
C IV 1548,2.693253e-06,-2.602543e-04,-2.575617e-04,1547.788246,-0.398754,1.037102e-03,5.247430e+10,5.739269e-06,3.652845e-02,-7.811394e+01,1.432743e+06,2.339858e-27,7.036051e-13,4.783957e-02,1.164153e-01,2.182251e+04,3.271899e+04,3.290405e+04,-2.225508e+02,6.543537e+01,3.417353e+01
C IV 1548,2.677295e-06,-2.508346e-04,-2.481579e-04,1547.802805,-0.384195,1.628017e-01,4.221775e+11,5.587940e-06,3.652845e-02,-7.529183e+01,1.358184e+06,2.589223e-27,7.375649e-13,5.843399e-01,1.164153e-01,2.182251e+04,3.271899e+04,3.290356e+04,-2.254977e+02,6.209790e+01,3.713819e+01
C IV 1548,2.482378e-06,-2.474362e-04,-2.449544e-04,1547.807765,-0.379235,8.668347e-04,4.040031e+10,5.286310e-06,3.652845e-02,-7.426476e+01,1.215515e+06,2.621066e-27,6.676885e-13,7.481125e-02,1.164153e-01,2.182251e+04,3.271899e+04,3.290308e+04,-2.139012e+02,6.463957e+01,3.469268e+01
C IV 1548,2.457423e-06,-2.962499e-04,-2.937932e-04,1547.732153,-0.454847,1.075849e-01,2.812157e+11,5.782318e-06,3.652845e-02,-8.890111e+01,1.454317e+06,2.498856e-27,7.609305e-13,4.611193e-01,1.164153e-01,2.182202e+04,3.271899e+04,3.290308e+04,-2.174798e+02,6.941184e+01,2.109055e+01
C IV 1548,2.303608e-06,-1.840152e-04,-1.817120e-04,1547.905676,-0.281324,4.203671e-04,1.928809e+10,5.205063e-06,3.652845e-02,-5.522602e+01,1.178439e+06,2.694072e-27,6.642495e-13,4.840931e-02,1.164153e-01,2.182202e+04,3.271948e+04,3.290308e+04,-1.778605e+02,5.314061e+01,3.635273e+01
C IV 1548,2.287461e-06,-1.987294e-04,-1.964424e-04,1547.882870,-0.304130,7.167828e-02,1.827858e+11,5.111076e-06,3.652845e-02,-5.965296e+01,1.136265e+06,4.444593e-27,1.056921e-12,5.843399e-01,1.164153e-01,2.182202e+04,3.271948e+04,3.290259e+04,-1.969892e+02,6.583767e+01,4.556516e+01
C IV 1548,2.092544e-06,-2.085875e-04,-2.064954e-04,1547.867306,-0.319694,1.657307e-03,7.547421e+10,5.165441e-06,3.652845e-02,-6.263172e+01,1.160566e+06,7.570668e-27,1.839837e-12,2.761683e-01,1.164153e-01,2.182202e+04,3.271948e+04,3.290210e+04,-2.219641e+02,7.992926e+01,5.970176e+01
C IV 1548,2.000423e-06,-2.477219e-04,-2.457220e-04,1547.806576,-0.380424,1.346642e-03,6.697646e+10,5.642337e-06,3.652845e-02,-7.435942e+01,1.384756e+06,6.700083e-27,1.941282e-12,2.591925e-01,1.164153e-01,2.182153e+04,3.271948e+04,3.290210e+04,-2.250701e+02,6.551826e+01,3.978266e+01
C IV 1548,1.913964e-06,-2.005754e-04,-1.986618e-04,1547.879434,-0.307566,1.760623e-04,8.078502e+09,5.202809e-06,3.652845e-02,-6.024053e+01,1.177419e+06,1.035521e-26,2.551763e-12,4.897905e-02,1.164153e-01,2.182153e+04,3.271997e+04,3.290210e+04,-2.426912e+02,5.671721e+01,5.979212e+01
C IV 1548,1.897627e-06,-2.105221e-04,-2.086249e-04,1547.864010,-0.322990,1.436474e-03,7.433245e+10,5.870849e-06,3.652845e-02,-6.324846e+01,1.499191e+06,1.189931e-26,3.739556e-12,5.843399e-01,1.164153e-01,2.182153e+04,3.271997e+04,3.290161e+04,-2.650559e+02,7.406083e+01,7.440732e+01
C IV 1548,1.702709e-06,-2.354932e-04,-2.337909e-04,1547.825048,-0.361952,1.237496e-03,6.660735e+10,6.106921e-06,3.652845e-02,-7.076087e+01,1.622182e+06,1.559904e-26,5.308664e-12,4.775254e-01,1.164153e-01,2.182153e+04,3.271997e+04,3.290112e+04,-2.839012e+02,9.626186e+01,8.456074e+01
C IV 1548,1.543422e-06,-3.118392e-04,-3.102963e-04,1547.706603,-0.480397,1.266188e-04,6.742356e+09,6.041352e-06,3.652845e-02,-9.369645e+01,1.587535e+06,2.070171e-26,6.893729e-12,5.726568e-02,1.164153e-01,2.182104e+04,3.271997e+04,3.290112e+04,-3.346112e+02,8.924456e+01,7.523125e+01
C IV 1548,1.524320e-06,-3.020787e-04,-3.005548e-04,1547.721685,-0.465315,1.821817e-04,9.438284e+09,5.876660e-06,3.652845e-02,-9.077971e+01,1.502160e+06,2.075996e-26,6.542195e-12,4.954878e-02,1.164153e-01,2.182104e+04,3.272046e+04,3.290112e+04,-3.440583e+02,8.144075e+01,7.884729e+01
C IV 1548,1.507792e-06,-3.084168e-04,-3.069095e-04,1547.711847,-0.475153,3.753301e-02,1.435390e+11,6.057904e-06,3.652845e-02,-9.266749e+01,1.596246e+06,1.870457e-26,6.267514e-12,5.843399e-01,1.164153e-01,2.182104e+04,3.272046e+04,3.290063e+04,-3.297378e+02,9.537149e+01,7.744902e+01
C IV 1548,1.312875e-06,-2.397942e-04,-2.384816e-04,1547.817786,-0.369214,1.973028e-03,1.030717e+11,5.926229e-06,3.652845e-02,-7.201197e+01,1.527608e+06,1.154681e-26,3.704950e-12,5.342214e-01,1.164153e-01,2.182104e+04,3.272046e+04,3.290015e+04,-2.520090e+02,8.173696e+01,6.219501e+01
C IV 1548,1.134676e-06,-1.706527e-04,-1.695182e-04,1547.924554,-0.262446,1.825284e-04,9.679940e+09,6.016986e-06,3.652845e-02,-5.124235e+01,1.574755e+06,5.453520e-27,1.804195e-12,5.011852e-02,1.164153e-01,2.182104e+04,3.272095e+04,3.290015e+04,-2.072961e+02,5.607842e+01,5.514439e+01
C IV 1548,1.117958e-06,-1.478986e-04,-1.467808e-04,1547.959756,-0.227244,1.550297e-04,8.428619e+09,6.166359e-06,3.652845e-02,-4.439516e+01,1.653913e+06,2.613308e-27,9.082189e-13,9.454262e-02,1.164153e-01,2.182104e+04,3.272095e+04,3.289966e+04,-1.715914e+02,4.839768e+01,4.426785e+01
C IV 1548,1.086422e-06,-1.551133e-04,-1.540271e-04,1547.948537,-0.238463,7.538433e-04,3.973679e+10,5.979332e-06,3.652845e-02,-4.654250e+01,1.555108e+06,2.241914e-27,7.327300e-13,4.897973e-01,1.164153e-01,2.182056e+04,3.272095e+04,3.289966e+04,-1.495941e+02,3.646427e+01,2.634626e+01
C IV 1548,9.230412e-07,-1.808073e-04,-1.798845e-04,1547.908505,-0.278495,4.308097e-04,2.504520e+10,6.595308e-06,3.652845e-02,-5.424329e+01,1.892018e+06,1.439755e-27,5.720038e-13,5.336516e-01,1.164153e-01,2.182056e+04,3.272095e+04,3.289917e+04,-1.455767e+02,4.071474e+01,1.754333e+01
C IV 1548,7.450321e-07,-1.754943e-04,-1.747494e-04,1547.916455,-0.270545,7.171486e-05,4.128270e+09,6.531524e-06,3.652845e-02,-5.265451e+01,1.855599e+06,1.331122e-27,5.187772e-13,5.068826e-02,1.164153e-01,2.182056e+04,3.272144e+04,3.289917e+04,-1.538059e+02,3.812295e+01,2.165800e+01
C IV 1548,7.281241e-07,-2.101117e-04,-2.093838e-04,1547.862835,-0.324165,2.451834e-04,1.464329e+10,6.776436e-06,3.652845e-02,-6.303168e+01,1.997366e+06,1.266250e-27,5.310680e-13,2.958997e-01,1.164153e-01,2.182056e+04,3.272144e+04,3.289868e+04,-1.512456e+02,4.516801e+01,1.167160e+01
C IV 1548,6.294214e-07,-2.170164e-04,-2.163871e-04,1547.851992,-0.335008,2.346850e-04,1.381765e+10,6.679912e-06,3.652845e-02,-6.509520e+01,1.940871e+06,1.226495e-27,4.997936e-13,2.884402e-01,1.164153e-01,2.182007e+04,3.272144e+04,3.289868e+04,-1.412253e+02,3.524133e+01,-3.741979e-02
C IV 1548,5.332070e-07,-2.382643e-04,-2.377312e-04,1547.818948,-0.368052,2.150934e-04,1.303189e+10,6.873488e-06,3.652845e-02,-7.146479e+01,2.054989e+06,1.186812e-27,5.119153e-13,5.330819e-01,1.164153e-01,2.182007e+04,3.272144e+04,3.289819e+04,-1.397214e+02,3.717783e+01,-7.332823e+00
C IV 1548,3.553880e-07,-2.244777e-04,-2.241224e-04,1547.840017,-0.346983,3.394991e-05,2.014851e+09,6.731867e-06,3.652845e-02,-6.733007e+01,1.971179e+06,1.127547e-27,4.665922e-13,5.125799e-02,1.164153e-01,2.182007e+04,3.272192e+04,3.289819e+04,-1.374183e+02,3.297460e+01,-5.469625e+00
C IV 1548,3.382900e-07,-2.315518e-04,-2.312136e-04,1547.829038,-0.357962,1.296992e-04,7.797490e+09,6.820346e-06,3.652845e-02,-6.944931e+01,2.023336e+06,1.089148e-27,4.623403e-13,4.972568e-01,1.164153e-01,2.182007e+04,3.272192e+04,3.289771e+04,-1.336708e+02,3.371870e+01,-9.231900e+00
C IV 1548,1.724210e-07,-2.238569e-04,-2.236845e-04,1547.840694,-0.346306,1.748913e-05,1.034470e+09,6.709906e-06,3.652845e-02,-6.713766e+01,1.958340e+06,1.068816e-27,4.392516e-13,8.708309e-02,1.164153e-01,2.181958e+04,3.272192e+04,3.289771e+04,-1.241742e+02,2.348861e+01,-1.563343e+01
C IV 1548,1.433729e-07,-2.150661e-04,-2.149227e-04,1547.854259,-0.332741,3.811665e-05,2.253785e+09,6.709230e-06,3.652845e-02,-6.450136e+01,1.957945e+06,1.050875e-27,4.316253e-13,4.280508e-01,1.164153e-01,2.181958e+04,3.272192e+04,3.289722e+04,-1.225077e+02,2.227624e+01,-1.379580e+01
Ly a,1.266835e-05,8.199741e-05,9.466679e-05,1215.785084,0.115084,1.074568e+03,1.974187e+15,1.877477e-05,4.765810e+00,2.449860e+01,1.286680e+06,3.968841e-28,1.068949e-13,1.319413e+00,7.450581e+00,2.183301e+04,3.270605e+04,3.292871e+04,-1.972815e+02,-1.845850e+01,1.042278e+02
Ly a,1.222823e-05,9.366668e-05,1.058961e-04,1215.798735,0.128735,1.925317e+02,3.537134e+14,1.813937e-05,4.765810e+00,2.801963e+01,1.201064e+06,3.057380e-28,7.694285e-14,5.501740e-01,7.450581e+00,2.183301e+04,3.270605e+04,3.292676e+04,-1.647628e+02,-1.676363e+01,9.541960e+01
Ly a,1.204471e-05,9.128991e-05,1.033357e-04,1215.795622,0.125622,4.722873e+00,8.686782e+12,1.769286e-05,4.765810e+00,2.732229e+01,1.142661e+06,2.962183e-28,7.089580e-14,1.340894e+00,7.450581e+00,2.183301e+04,3.270801e+04,3.292676e+04,-1.419537e+02,-2.133665e+01,8.256908e+01
Ly a,1.159743e-05,1.146288e-04,1.262275e-04,1215.823451,0.153451,8.288868e+01,1.522775e+14,2.124394e-05,4.765810e+00,3.431874e+01,1.647371e+06,2.361149e-28,8.133529e-14,4.462911e-01,7.450581e+00,2.183105e+04,3.270801e+04,3.292676e+04,-1.385853e+02,-2.209164e+01,8.912756e+01
Ly a,1.144856e-05,1.461328e-04,1.575830e-04,1215.861569,0.191569,2.894183e+02,5.316832e+14,2.234462e-05,4.765810e+00,4.375847e+01,1.822499e+06,2.428411e-28,9.270819e-14,2.337360e+00,7.450581e+00,2.183105e+04,3.270801e+04,3.292480e+04,-1.416307e+02,-2.815659e+01,9.868930e+01
Ly a,1.066889e-05,1.936315e-04,2.043024e-04,1215.918364,0.248364,1.530096e+02,2.810771e+14,2.286469e-05,4.765810e+00,5.798960e+01,1.908323e+06,2.807660e-28,1.123187e-13,5.478950e-01,7.450581e+00,2.183105e+04,3.270801e+04,3.292285e+04,-1.453191e+02,-2.675302e+01,1.179954e+02
Ly a,1.048613e-05,1.982122e-04,2.087004e-04,1215.923711,0.253711,8.260409e+01,1.517422e+14,2.166457e-05,4.765810e+00,5.936389e+01,1.713253e+06,2.892292e-28,1.039153e-13,1.789465e+00,7.450581e+00,2.183105e+04,3.270996e+04,3.292285e+04,-1.419058e+02,-2.202750e+01,1.205481e+02
Ly a,9.889227e-06,2.292231e-04,2.391146e-04,1215.960684,0.290684,8.545331e+01,1.569714e+14,2.309197e-05,4.765810e+00,6.865698e+01,1.946451e+06,3.156165e-28,1.285520e-13,3.591372e-01,7.450581e+00,2.183105e+04,3.270996e+04,3.292090e+04,-1.376234e+02,-1.091387e+01,1.354024e+02
Ly a,9.769430e-06,2.047405e-04,2.145120e-04,1215.930776,0.260776,6.596625e+02,1.211782e+15,2.357269e-05,4.765810e+00,6.130445e+01,2.028334e+06,3.484399e-28,1.476772e-13,1.978222e+00,7.450581e+00,2.182910e+04,3.270996e+04,3.292090e+04,-1.595730e+02,-2.686094e+00,1.400812e+02
Ly a,9.109558e-06,1.520064e-04,1.611173e-04,1215.865865,0.195865,4.153112e+02,7.629743e+14,2.731227e-05,4.765810e+00,4.548549e+01,2.722934e+06,4.130885e-28,2.342030e-13,5.456161e-01,7.450581e+00,2.182910e+04,3.270996e+04,3.291895e+04,-1.795634e+02,1.019065e+01,1.361179e+02
Ly a,8.927558e-06,1.121403e-04,1.210689e-04,1215.817180,0.147180,1.490139e+03,2.737590e+15,3.079860e-05,4.765810e+00,3.355769e+01,3.462448e+06,3.831471e-28,2.755164e-13,1.791743e+00,7.450581e+00,2.182910e+04,3.271191e+04,3.291895e+04,-1.540076e+02,1.400501e+01,1.128518e+02
Ly a,8.329890e-06,1.367816e-04,1.451126e-04,1215.846409,0.176409,4.893312e+02,8.989465e+14,3.330313e-05,4.765810e+00,4.096797e+01,4.048475e+06,2.901071e-28,2.441135e-13,1.164566e+00,7.450581e+00,2.182910e+04,3.271191e+04,3.291699e+04,-1.166710e+02,-5.633918e+00,9.597100e+01
Ly a,7.941428e-06,1.023605e-04,1.103027e-04,1215.804092,0.134092,4.234688e+02,7.779782e+14,3.265324e-05,4.765810e+00,3.064751e+01,3.892011e+06,3.069345e-28,2.483769e-13,1.172794e+00,7.450581e+00,2.182715e+04,3.271191e+04,3.291699e+04,-1.262825e+02,-6.385805e+00,8.734353e+01
Ly a,7.550222e-06,9.364260e-05,1.011935e-04,1215.793018,0.123018,4.220039e+01,7.754293e+13,3.061260e-05,4.765810e+00,2.804562e+01,3.420755e+06,2.763009e-28,1.969793e-13,5.433371e-01,7.450581e+00,2.182715e+04,3.271191e+04,3.291504e+04,-1.060024e+02,-1.312764e+01,7.220746e+01
Ly a,7.368982e-06,1.321333e-04,1.395033e-04,1215.839590,0.169590,1.269097e+02,2.331462e+14,3.437504e-05,4.765810e+00,3.958963e+01,4.313283e+06,2.261861e-28,2.031354e-13,1.794022e+00,7.450581e+00,2.182715e+04,3.271387e+04,3.291504e+04,-8.726877e+01,-1.568580e+01,7.675265e+01
Ly a,6.770553e-06,6.990509e-05,7.667612e-05,1215.763213,0.093213,2.578088e+01,4.737329e+13,3.059633e-05,4.765810e+00,2.093306e+01,3.417119e+06,2.977844e-28,2.121673e-13,5.421977e-01,9.313226e-01,2.182666e+04,3.271338e+04,3.291357e+04,-9.749828e+01,5.714197e+00,6.949405e+01
Ly a,6.589694e-06,9.501705e-05,1.016074e-04,1215.793521,0.123521,6.802151e+01,1.249901e+14,3.071566e-05,4.765810e+00,2.846251e+01,3.443825e+06,2.945495e-28,2.113286e-13,6.264821e-01,9.313226e-01,2.182666e+04,3.271436e+04,3.291357e+04,-9.145856e+01,2.519898e-01,7.319629e+01
Ly a,6.380719e-06,5.566628e-05,6.204735e-05,1215.745429,0.075429,6.758782e+01,1.241789e+14,2.733012e-05,4.765810e+00,1.666292e+01,2.726494e+06,3.574236e-28,2.033551e-13,8.013141e-01,9.313226e-01,2.182666e+04,3.271436e+04,3.291260e+04,-9.912117e+01,1.811263e+01,7.127829e+01
Ly a,6.113427e-06,1.663171e-05,2.274523e-05,1215.697651,0.027651,1.487317e+01,2.732717e+13,2.644151e-05,4.765810e+00,4.962052e+00,2.552079e+06,3.592857e-28,1.910706e-13,3.673657e-01,9.313226e-01,2.182568e+04,3.271436e+04,3.291260e+04,-9.858830e+01,2.840126e+01,6.219508e+01
Ly a,5.990885e-06,-2.621573e-05,-2.022500e-05,1215.645413,-0.024587,1.126350e+02,2.069559e+14,2.360280e-05,4.765810e+00,-7.893036e+00,2.033521e+06,4.723351e-28,2.006186e-13,5.410582e-01,9.313226e-01,2.182568e+04,3.271436e+04,3.291162e+04,-1.161500e+02,5.006700e+01,6.513947e+01
Ly a,5.810405e-06,-2.462733e-05,-1.881706e-05,1215.647125,-0.022875,4.452346e+02,8.180739e+14,2.246558e-05,4.765810e+00,-7.419493e+00,1.842285e+06,5.326820e-28,2.048828e-13,6.276216e-01,9.313226e-01,2.182568e+04,3.271533e+04,3.291162e+04,-1.249829e+02,4.307806e+01,6.597739e+01
Ly a,5.601051e-06,-7.683967e-05,-7.123905e-05,1215.583397,-0.086603,1.985647e+03,3.648617e+15,2.095017e-05,4.765810e+00,-2.309306e+01,1.602126e+06,7.163191e-28,2.400843e-13,1.168680e+00,9.313226e-01,2.182568e+04,3.271533e+04,3.291064e+04,-1.565886e+02,6.678185e+01,7.255831e+01
Ly a,5.211217e-06,-1.280143e-04,-1.228038e-04,1215.520711,-0.149289,1.129947e+02,2.076379e+14,1.997891e-05,4.765810e+00,-3.845696e+01,1.457018e+06,9.122821e-28,2.781154e-13,3.534852e-02,9.313226e-01,2.182568e+04,3.271533e+04,3.290967e+04,-1.810421e+02,9.318256e+01,7.780846e+01
Ly a,5.199426e-06,-2.213402e-04,-2.161420e-04,1215.407243,-0.262757,2.436596e+03,4.477883e+15,2.066675e-05,4.765810e+00,-6.645237e+01,1.559071e+06,1.080902e-27,3.521355e-13,5.045702e-01,9.313226e-01,2.182471e+04,3.271533e+04,3.290967e+04,-2.056747e+02,1.075623e+02,6.200512e+01
Ly a,5.031117e-06,-1.945731e-04,-1.895429e-04,1215.439578,-0.230422,3.662727e+03,6.731040e+15,2.082362e-05,4.765810e+00,-5.844329e+01,1.582828e+06,1.212088e-27,4.017191e-13,6.287610e-01,9.313226e-01,2.182471e+04,3.271631e+04,3.290967e+04,-2.280545e+02,9.643028e+01,7.556638e+01
Ly a,4.821383e-06,-2.386617e-04,-2.338415e-04,1215.385726,-0.284274,8.160920e+03,1.499809e+16,2.045898e-05,4.765810e+00,-7.166934e+01,1.527881e+06,1.355780e-27,4.333756e-13,1.168680e+00,9.313226e-01,2.182471e+04,3.271631e+04,3.290869e+04,-2.259397e+02,1.255002e+02,7.337842e+01
Ly a,4.431549e-06,-2.930295e-04,-2.885993e-04,1215.319159,-0.350841,3.555683e+03,6.534971e+15,2.011952e-05,4.765810e+00,-8.797700e+01,1.477599e+06,1.534923e-27,4.741290e-13,4.380627e-01,9.313226e-01,2.182471e+04,3.271631e+04,3.290771e+04,-2.224678e+02,1.531940e+02,6.623543e+01
Ly a,4.285425e-06,-3.166378e-04,-3.123537e-04,1215.290281,-0.379719,7.180946e+02,1.319814e+15,2.020586e-05,4.765810e+00,-9.503704e+01,1.490309e+06,1.439900e-27,4.492625e-13,1.007166e-01,9.313226e-01,2.182373e+04,3.271631e+04,3.290771e+04,-2.104481e+02,1.424863e+02,4.730348e+01
Ly a,4.251829e-06,-2.579322e-04,-2.536814e-04,1215.361607,-0.308393,4.838307e+03,8.891989e+15,1.964034e-05,4.765810e+00,-7.744652e+01,1.408055e+06,1.552075e-27,4.582212e-13,6.299005e-01,9.313226e-01,2.182373e+04,3.271729e+04,3.290771e+04,-2.255829e+02,1.291309e+02,6.812880e+01
Ly a,4.041714e-06,-3.298240e-04,-3.257836e-04,1215.273955,-0.396045,1.000313e+04,1.838538e+16,1.942449e-05,4.765810e+00,-9.900655e+01,1.377275e+06,1.739305e-27,5.023446e-13,1.168680e+00,9.313226e-01,2.182373e+04,3.271729e+04,3.290674e+04,-2.290611e+02,1.464296e+02,5.246432e+01
Ly a,3.651880e-06,-3.740965e-04,-3.704460e-04,1215.219660,-0.450340,5.436025e+03,9.991660e+15,2.013878e-05,4.765810e+00,-1.122688e+02,1.480430e+06,1.775828e-27,5.515289e-13,5.376398e-01,9.313226e-01,2.182373e+04,3.271729e+04,3.290576e+04,-2.203501e+02,1.445452e+02,3.193504e+01
Ly a,3.472541e-06,-2.611225e-04,-2.576508e-04,1215.356782,-0.313218,2.871873e+03,5.278038e+15,1.986639e-05,4.765810e+00,-7.836863e+01,1.440653e+06,1.558404e-27,4.714699e-13,3.031371e-01,9.313226e-01,2.182373e+04,3.271826e+04,3.290576e+04,-2.004942e+02,9.867164e+01,4.108752e+01
Ly a,3.371424e-06,-3.164116e-04,-3.130412e-04,1215.289445,-0.380555,4.596683e+03,8.448426e+15,1.997642e-05,4.765810e+00,-9.494619e+01,1.456655e+06,1.710770e-27,5.233609e-13,3.279029e-01,9.313226e-01,2.182275e+04,3.271826e+04,3.290576e+04,-2.040955e+02,1.035204e+02,2.521024e+01
Ly a,3.262046e-06,-3.575682e-04,-3.543074e-04,1215.239279,-0.430721,3.345767e+04,6.149573e+16,2.090212e-05,4.765810e+00,-1.073006e+02,1.594785e+06,2.129825e-27,7.134371e-13,1.168680e+00,9.313226e-01,2.182275e+04,3.271826e+04,3.290479e+04,-2.301595e+02,9.648473e+01,1.802245e+01
Ly a,2.872212e-06,-3.263634e-04,-3.234922e-04,1215.276740,-0.393260,2.433391e+04,4.472472e+16,2.086144e-05,4.765810e+00,-9.794711e+01,1.588583e+06,2.426099e-27,8.089926e-13,5.365003e-01,1.164153e-01,2.182251e+04,3.271851e+04,3.290405e+04,-2.391118e+02,7.598517e+01,2.277956e+01
Ly a,2.693253e-06,-2.602543e-04,-2.575617e-04,1215.356890,-0.313110,2.517714e+03,4.627149e+15,1.981178e-05,4.765810e+00,-7.811394e+01,1.432743e+06,2.339858e-27,7.036051e-13,4.783957e-02,1.164153e-01,2.182251e+04,3.271899e+04,3.290405e+04,-2.225508e+02,6.543537e+01,3.417353e+01
Ly a,2.677295e-06,-2.508346e-04,-2.481579e-04,1215.368322,-0.301678,4.084134e+04,7.505905e+16,1.928939e-05,4.765810e+00,-7.529183e+01,1.358184e+06,2.589223e-27,7.375649e-13,5.843399e-01,1.164153e-01,2.182251e+04,3.271899e+04,3.290356e+04,-2.254977e+02,6.209790e+01,3.713819e+01
Ly a,2.482378e-06,-2.474362e-04,-2.449544e-04,1215.372216,-0.297784,5.888356e+03,1.082171e+16,1.824818e-05,4.765810e+00,-7.426476e+01,1.215515e+06,2.621066e-27,6.676885e-13,7.481125e-02,1.164153e-01,2.182251e+04,3.271899e+04,3.290308e+04,-2.139012e+02,6.463957e+01,3.469268e+01
Ly a,2.457423e-06,-2.962499e-04,-2.937932e-04,1215.312844,-0.357156,2.856183e+04,5.249392e+16,1.996038e-05,4.765810e+00,-8.890111e+01,1.454317e+06,2.498856e-27,7.609305e-13,4.611193e-01,1.164153e-01,2.182202e+04,3.271899e+04,3.290308e+04,-2.174798e+02,6.941184e+01,2.109055e+01
Ly a,2.303608e-06,-1.840152e-04,-1.817120e-04,1215.449098,-0.220902,6.423912e+03,1.180521e+16,1.796771e-05,4.765810e+00,-5.522602e+01,1.178439e+06,2.694072e-27,6.642495e-13,4.840931e-02,1.164153e-01,2.182202e+04,3.271948e+04,3.290308e+04,-1.778605e+02,5.314061e+01,3.635273e+01
Ly a,2.287461e-06,-1.987294e-04,-1.964424e-04,1215.431191,-0.238809,1.969803e+05,3.619948e+17,1.764327e-05,4.765810e+00,-5.965296e+01,1.136265e+06,4.444593e-27,1.056921e-12,5.843399e-01,1.164153e-01,2.182202e+04,3.271948e+04,3.290259e+04,-1.969892e+02,6.583767e+01,4.556516e+01
Ly a,2.092544e-06,-2.085875e-04,-2.064954e-04,1215.418970,-0.251030,1.991640e+05,3.660115e+17,1.783094e-05,4.765810e+00,-6.263172e+01,1.160566e+06,7.570668e-27,1.839837e-12,2.761683e-01,1.164153e-01,2.182202e+04,3.271948e+04,3.290210e+04,-2.219641e+02,7.992926e+01,5.970176e+01
Ly a,2.000423e-06,-2.477219e-04,-2.457220e-04,1215.371283,-0.298717,1.490401e+05,2.739077e+17,1.947717e-05,4.765810e+00,-7.435942e+01,1.384756e+06,6.700083e-27,1.941282e-12,2.591925e-01,1.164153e-01,2.182153e+04,3.271948e+04,3.290210e+04,-2.250701e+02,6.551826e+01,3.978266e+01
Ly a,1.913964e-06,-2.005754e-04,-1.986618e-04,1215.428493,-0.241507,5.275805e+04,9.695503e+16,1.795993e-05,4.765810e+00,-6.024053e+01,1.177419e+06,1.035521e-26,2.551763e-12,4.897905e-02,1.164153e-01,2.182153e+04,3.271997e+04,3.290210e+04,-2.426912e+02,5.671721e+01,5.979212e+01
Ly a,1.897627e-06,-2.105221e-04,-2.086249e-04,1215.416381,-0.253619,7.984315e+05,1.467311e+18,2.026599e-05,4.765810e+00,-6.324846e+01,1.499191e+06,1.189931e-26,3.739556e-12,5.843399e-01,1.164153e-01,2.182153e+04,3.271997e+04,3.290161e+04,-2.650559e+02,7.406083e+01,7.440732e+01
Ly a,1.702709e-06,-2.354932e-04,-2.337909e-04,1215.385787,-0.284213,9.783424e+05,1.797985e+18,2.108090e-05,4.765810e+00,-7.076087e+01,1.622182e+06,1.559904e-26,5.308664e-12,4.775254e-01,1.164153e-01,2.182153e+04,3.271997e+04,3.290112e+04,-2.839012e+02,9.626186e+01,8.456074e+01
Ly a,1.543422e-06,-3.118392e-04,-3.102963e-04,1215.292782,-0.377218,1.579635e+05,2.903259e+17,2.085456e-05,4.765810e+00,-9.369645e+01,1.587535e+06,2.070171e-26,6.893729e-12,5.726568e-02,1.164153e-01,2.182104e+04,3.271997e+04,3.290112e+04,-3.346112e+02,8.924456e+01,7.523125e+01
Ly a,1.524320e-06,-3.020787e-04,-3.005548e-04,1215.304625,-0.365375,1.347067e+05,2.475792e+17,2.028604e-05,4.765810e+00,-9.077971e+01,1.502160e+06,2.075996e-26,6.542195e-12,4.954878e-02,1.164153e-01,2.182104e+04,3.272046e+04,3.290112e+04,-3.440583e+02,8.144075e+01,7.884729e+01
Ly a,1.507792e-06,-3.084168e-04,-3.069095e-04,1215.296899,-0.373101,1.388102e+06,2.551223e+18,2.091169e-05,4.765810e+00,-9.266749e+01,1.596246e+06,1.870457e-26,6.267514e-12,5.843399e-01,1.164153e-01,2.182104e+04,3.272046e+04,3.290063e+04,-3.297378e+02,9.537149e+01,7.744902e+01
Ly a,1.312875e-06,-2.397942e-04,-2.384816e-04,1215.380085,-0.289915,7.012383e+05,1.288733e+18,2.045715e-05,4.765810e+00,-7.201197e+01,1.527608e+06,1.154681e-26,3.704950e-12,5.342214e-01,1.164153e-01,2.182104e+04,3.272046e+04,3.290015e+04,-2.520090e+02,8.173696e+01,6.219501e+01
Ly a,1.134676e-06,-1.706527e-04,-1.695182e-04,1215.463922,-0.206078,2.264003e+04,4.160505e+16,2.077044e-05,4.765810e+00,-5.124235e+01,1.574755e+06,5.453520e-27,1.804195e-12,5.011852e-02,1.164153e-01,2.182104e+04,3.272095e+04,3.290015e+04,-2.072961e+02,5.607842e+01,5.514439e+01
Ly a,1.117958e-06,-1.478986e-04,-1.467808e-04,1215.491563,-0.178437,1.290162e+04,2.370846e+16,2.128608e-05,4.765810e+00,-4.439516e+01,1.653913e+06,2.613308e-27,9.082189e-13,9.454262e-02,1.164153e-01,2.182104e+04,3.272095e+04,3.289966e+04,-1.715914e+02,4.839768e+01,4.426785e+01
Ly a,1.086422e-06,-1.551133e-04,-1.540271e-04,1215.482754,-0.187246,5.139932e+04,9.445384e+16,2.064047e-05,4.765810e+00,-4.654250e+01,1.555108e+06,2.241914e-27,7.327300e-13,4.897973e-01,1.164153e-01,2.182056e+04,3.272095e+04,3.289966e+04,-1.495941e+02,3.646427e+01,2.634626e+01
Ly a,9.230412e-07,-1.808073e-04,-1.798845e-04,1215.451320,-0.218680,1.038982e+04,1.909333e+16,2.276680e-05,4.765810e+00,-5.424329e+01,1.892018e+06,1.439755e-27,5.720038e-13,5.336516e-01,1.164153e-01,2.182056e+04,3.272095e+04,3.289917e+04,-1.455767e+02,4.071474e+01,1.754333e+01
Ly a,7.450321e-07,-1.754943e-04,-1.747494e-04,1215.457562,-0.212438,2.826539e+02,5.194291e+14,2.254662e-05,4.765810e+00,-5.265451e+01,1.855599e+06,1.331122e-27,5.187772e-13,5.068826e-02,1.164153e-01,2.182056e+04,3.272144e+04,3.289917e+04,-1.538059e+02,3.812295e+01,2.165800e+01
Ly a,7.281241e-07,-2.101117e-04,-2.093838e-04,1215.415458,-0.254542,1.183909e+03,2.175730e+15,2.339204e-05,4.765810e+00,-6.303168e+01,1.997366e+06,1.266250e-27,5.310680e-13,2.958997e-01,1.164153e-01,2.182056e+04,3.272144e+04,3.289868e+04,-1.512456e+02,4.516801e+01,1.167160e+01
Ly a,6.294214e-07,-2.170164e-04,-2.163871e-04,1215.406945,-0.263055,6.657929e+02,1.223569e+15,2.305885e-05,4.765810e+00,-6.509520e+01,1.940871e+06,1.226495e-27,4.997936e-13,2.884402e-01,1.164153e-01,2.182007e+04,3.272144e+04,3.289868e+04,-1.412253e+02,3.524133e+01,-3.741979e-02
Ly a,5.332070e-07,-2.382643e-04,-2.377312e-04,1215.380997,-0.289003,1.047524e+03,1.925143e+15,2.372707e-05,4.765810e+00,-7.146479e+01,2.054989e+06,1.186812e-27,5.119153e-13,5.330819e-01,1.164153e-01,2.182007e+04,3.272144e+04,3.289819e+04,-1.397214e+02,3.717783e+01,-7.332823e+00
Ly a,3.553880e-07,-2.244777e-04,-2.241224e-04,1215.397541,-0.272459,5.556304e+01,1.021125e+14,2.323819e-05,4.765810e+00,-6.733007e+01,1.971179e+06,1.127547e-27,4.665922e-13,5.125799e-02,1.164153e-01,2.182007e+04,3.272192e+04,3.289819e+04,-1.374183e+02,3.297460e+01,-5.469625e+00
Ly a,3.382900e-07,-2.315518e-04,-2.312136e-04,1215.388921,-0.281079,1.863784e+02,3.425246e+14,2.354362e-05,4.765810e+00,-6.944931e+01,2.023336e+06,1.089148e-27,4.623403e-13,4.972568e-01,1.164153e-01,2.182007e+04,3.272192e+04,3.289771e+04,-1.336708e+02,3.371870e+01,-9.231900e+00
Ly a,1.724210e-07,-2.238569e-04,-2.236845e-04,1215.398073,-0.271927,2.538461e+01,4.665123e+13,2.316238e-05,4.765810e+00,-6.713766e+01,1.958340e+06,1.068816e-27,4.392516e-13,8.708309e-02,1.164153e-01,2.181958e+04,3.272192e+04,3.289771e+04,-1.241742e+02,2.348861e+01,-1.563343e+01
Ly a,1.433729e-07,-2.150661e-04,-2.149227e-04,1215.408725,-0.261275,1.580083e+01,2.903815e+13,2.316005e-05,4.765810e+00,-6.450136e+01,1.957945e+06,1.050875e-27,4.316253e-13,4.280508e-01,1.164153e-01,2.181958e+04,3.272192e+04,3.289722e+04,-1.225077e+02,2.227624e+01,-1.379580e+01
Si II 1193,1.266835e-05,8.199741e-05,9.466679e-05,1193.402965,0.112965,5.720880e-02,8.219883e+10,3.556729e-06,5.096569e-01,2.449860e+01,1.286680e+06,3.968841e-28,1.068949e-13,1.319413e+00,7.450581e+00,2.183301e+04,3.270605e+04,3.292871e+04,-1.972815e+02,-1.845850e+01,1.042278e+02
Si II 1193,1.222823e-05,9.366668e-05,1.058961e-04,1193.416365,0.126365,1.131909e-03,1.474067e+10,3.436359e-06,5.096569e-01,2.801963e+01,1.201064e+06,3.057380e-28,7.694285e-14,5.501740e-01,7.450581e+00,2.183301e+04,3.270605e+04,3.292676e+04,-1.647628e+02,-1.676363e+01,9.541960e+01
Si II 1193,1.204471e-05,9.128991e-05,1.033357e-04,1193.413309,0.123309,1.715995e-05,2.180229e+08,3.351770e-06,5.096569e-01,2.732229e+01,1.142661e+06,2.962183e-28,7.089580e-14,1.340894e+00,7.450581e+00,2.183301e+04,3.270801e+04,3.292676e+04,-1.419537e+02,-2.133665e+01,8.256908e+01
Si II 1193,1.159743e-05,1.146288e-04,1.262275e-04,1193.440626,0.150626,1.687717e-04,2.574855e+09,4.024494e-06,5.096569e-01,3.431874e+01,1.647371e+06,2.361149e-28,8.133529e-14,4.462911e-01,7.450581e+00,2.183105e+04,3.270801e+04,3.292676e+04,-1.385853e+02,-2.209164e+01,8.912756e+01
Si II 1193,1.144856e-05,1.461328e-04,1.575830e-04,1193.478042,0.188042,5.264756e-05,8.440748e+08,4.233009e-06,5.096569e-01,4.375847e+01,1.822499e+06,2.428411e-28,9.270819e-14,2.337360e+00,7.450581e+00,2.183105e+04,3.270801e+04,3.292480e+04,-1.416307e+02,-2.815659e+01,9.868930e+01
Si II 1193,1.066889e-05,1.936315e-04,2.043024e-04,1193.533792,0.243792,2.606091e-05,4.273154e+08,4.331532e-06,5.096569e-01,5.798960e+01,1.908323e+06,2.807660e-28,1.123187e-13,5.478950e-01,7.450581e+00,2.183105e+04,3.270801e+04,3.292285e+04,-1.453191e+02,-2.675302e+01,1.179954e+02
Si II 1193,1.048613e-05,1.982122e-04,2.087004e-04,1193.539040,0.249040,4.974809e-04,7.737729e+09,4.104179e-06,5.096569e-01,5.936389e+01,1.713253e+06,2.892292e-28,1.039153e-13,1.789465e+00,7.450581e+00,2.183105e+04,3.270996e+04,3.292285e+04,-1.419058e+02,-2.202750e+01,1.205481e+02
Si II 1193,9.889227e-06,2.292231e-04,2.391146e-04,1193.575333,0.285333,4.004479e-04,6.630595e+09,4.374589e-06,5.096569e-01,6.865698e+01,1.946451e+06,3.156165e-28,1.285520e-13,3.591372e-01,7.450581e+00,2.183105e+04,3.270996e+04,3.292090e+04,-1.376234e+02,-1.091387e+01,1.354024e+02
Si II 1193,9.769430e-06,2.047405e-04,2.145120e-04,1193.545975,0.255975,3.558261e-02,5.461495e+10,4.465657e-06,5.096569e-01,6.130445e+01,2.028334e+06,3.484399e-28,1.476772e-13,1.978222e+00,7.450581e+00,2.182910e+04,3.270996e+04,3.292090e+04,-1.595730e+02,-2.686094e+00,1.400812e+02
Si II 1193,9.109558e-06,1.520064e-04,1.611173e-04,1193.482260,0.192260,1.063224e-03,2.081740e+10,5.174091e-06,5.096569e-01,4.548549e+01,2.722934e+06,4.130885e-28,2.342030e-13,5.456161e-01,7.450581e+00,2.182910e+04,3.270996e+04,3.291895e+04,-1.795634e+02,1.019065e+01,1.361179e+02
Si II 1193,8.927558e-06,1.121403e-04,1.210689e-04,1193.434470,0.144470,1.200075e-01,1.676023e+11,5.834547e-06,5.096569e-01,3.355769e+01,3.462448e+06,3.831471e-28,2.755164e-13,1.791743e+00,7.450581e+00,2.182910e+04,3.271191e+04,3.291895e+04,-1.540076e+02,1.400501e+01,1.128518e+02
Si II 1193,8.329890e-06,1.367816e-04,1.451126e-04,1193.463161,0.173161,8.810659e-04,2.102101e+10,6.309011e-06,5.096569e-01,4.096797e+01,4.048475e+06,2.901071e-28,2.441135e-13,1.164566e+00,7.450581e+00,2.182910e+04,3.271191e+04,3.291699e+04,-1.166710e+02,-5.633918e+00,9.597100e+01
Si II 1193,7.941428e-06,1.023605e-04,1.103027e-04,1193.421623,0.131623,1.271503e-03,2.975206e+10,6.185895e-06,5.096569e-01,3.064751e+01,3.892011e+06,3.069345e-28,2.483769e-13,1.172794e+00,7.450581e+00,2.182715e+04,3.271191e+04,3.291699e+04,-1.262825e+02,-6.385805e+00,8.734353e+01
Si II 1193,7.550222e-06,9.364260e-05,1.011935e-04,1193.410753,0.120753,1.447564e-04,3.176713e+09,5.799313e-06,5.096569e-01,2.804562e+01,3.420755e+06,2.763009e-28,1.969793e-13,5.433371e-01,7.450581e+00,2.182715e+04,3.271191e+04,3.291504e+04,-1.060024e+02,-1.312764e+01,7.220746e+01
Si II 1193,7.368982e-06,1.321333e-04,1.395033e-04,1193.456468,0.166468,1.675052e-01,2.369171e+11,6.512077e-06,5.096569e-01,3.958963e+01,4.313283e+06,2.261861e-28,2.031354e-13,1.794022e+00,7.450581e+00,2.182715e+04,3.271387e+04,3.291504e+04,-8.726877e+01,-1.568580e+01,7.675265e+01
Si II 1193,6.770553e-06,6.990509e-05,7.667612e-05,1193.381497,0.091497,1.052545e-03,2.308197e+10,5.796229e-06,5.096569e-01,2.093306e+01,3.417119e+06,2.977844e-28,2.121673e-13,5.421977e-01,9.313226e-01,2.182666e+04,3.271338e+04,3.291357e+04,-9.749828e+01,5.714197e+00,6.949405e+01
Si II 1193,6.589694e-06,9.501705e-05,1.016074e-04,1193.411247,0.121247,7.461723e-02,1.041916e+11,5.818835e-06,5.096569e-01,2.846251e+01,3.443825e+06,2.945495e-28,2.113286e-13,6.264821e-01,9.313226e-01,2.182666e+04,3.271436e+04,3.291357e+04,-9.145856e+01,2.519898e-01,7.319629e+01
Si II 1193,6.380719e-06,5.566628e-05,6.204735e-05,1193.364040,0.074040,5.372358e-02,8.796281e+10,5.177473e-06,5.096569e-01,1.666292e+01,2.726494e+06,3.574236e-28,2.033551e-13,8.013141e-01,9.313226e-01,2.182666e+04,3.271436e+04,3.291260e+04,-9.912117e+01,1.811263e+01,7.127829e+01
Si II 1193,6.113427e-06,1.663171e-05,2.274523e-05,1193.317142,0.027142,4.133015e-04,7.834145e+09,5.009133e-06,5.096569e-01,4.962052e+00,2.552079e+06,3.592857e-28,1.910706e-13,3.673657e-01,9.313226e-01,2.182568e+04,3.271436e+04,3.291260e+04,-9.858830e+01,2.840126e+01,6.219508e+01
Si II 1193,5.990885e-06,-2.621573e-05,-2.022500e-05,1193.265866,-0.024134,1.395629e-03,2.361893e+10,4.471362e-06,5.096569e-01,-7.893036e+00,2.033521e+06,4.723351e-28,2.006186e-13,5.410582e-01,9.313226e-01,2.182568e+04,3.271436e+04,3.291162e+04,-1.161500e+02,5.006700e+01,6.513947e+01
Si II 1193,5.810405e-06,-2.462733e-05,-1.881706e-05,1193.267546,-0.022454,1.076212e-01,1.485981e+11,4.255925e-06,5.096569e-01,-7.419493e+00,1.842285e+06,5.326820e-28,2.048828e-13,6.276216e-01,9.313226e-01,2.182568e+04,3.271533e+04,3.291162e+04,-1.249829e+02,4.307806e+01,6.597739e+01
Si II 1193,5.601051e-06,-7.683967e-05,-7.123905e-05,1193.204991,-0.085009,2.237644e-01,3.088681e+11,3.968842e-06,5.096569e-01,-2.309306e+01,1.602126e+06,7.163191e-28,2.400843e-13,1.168680e+00,9.313226e-01,2.182568e+04,3.271533e+04,3.291064e+04,-1.565886e+02,6.678185e+01,7.255831e+01
Si II 1193,5.211217e-06,-1.280143e-04,-1.228038e-04,1193.143459,-0.146541,6.187091e-04,8.870199e+09,3.784844e-06,5.096569e-01,-3.845696e+01,1.457018e+06,9.122821e-28,2.781154e-13,3.534852e-02,9.313226e-01,2.182568e+04,3.271533e+04,3.290967e+04,-1.810421e+02,9.318256e+01,7.780846e+01
Si II 1193,5.199426e-06,-2.213402e-04,-2.161420e-04,1193.032080,-0.257920,1.098659e-01,1.516668e+11,3.915150e-06,5.096569e-01,-6.645237e+01,1.559071e+06,1.080902e-27,3.521355e-13,5.045702e-01,9.313226e-01,2.182471e+04,3.271533e+04,3.290967e+04,-2.056747e+02,1.075623e+02,6.200512e+01
Si II 1193,5.031117e-06,-1.945731e-04,-1.895429e-04,1193.063820,-0.226180,2.722031e-01,3.757666e+11,3.944868e-06,5.096569e-01,-5.844329e+01,1.582828e+06,1.212088e-27,4.017191e-13,6.287610e-01,9.313226e-01,2.182471e+04,3.271631e+04,3.290967e+04,-2.280545e+02,9.643028e+01,7.556638e+01
Si II 1193,4.821383e-06,-2.386617e-04,-2.338415e-04,1193.010959,-0.279041,5.347216e-01,7.381628e+11,3.875791e-06,5.096569e-01,-7.166934e+01,1.527881e+06,1.355780e-27,4.333756e-13,1.168680e+00,9.313226e-01,2.182471e+04,3.271631e+04,3.290869e+04,-2.259397e+02,1.255002e+02,7.337842e+01
Si II 1193,4.431549e-06,-2.930295e-04,-2.885993e-04,1192.945617,-0.344383,3.637997e-01,5.022196e+11,3.811482e-06,5.096569e-01,-8.797700e+01,1.477599e+06,1.534923e-27,4.741290e-13,4.380627e-01,9.313226e-01,2.182471e+04,3.271631e+04,3.290771e+04,-2.224678e+02,1.531940e+02,6.623543e+01
Si II 1193,4.285425e-06,-3.166378e-04,-3.123537e-04,1192.917271,-0.372729,5.046113e-02,7.377283e+10,3.827839e-06,5.096569e-01,-9.503704e+01,1.490309e+06,1.439900e-27,4.492625e-13,1.007166e-01,9.313226e-01,2.182373e+04,3.271631e+04,3.290771e+04,-2.104481e+02,1.424863e+02,4.730348e+01
Si II 1193,4.251829e-06,-2.579322e-04,-2.536814e-04,1192.987284,-0.302716,3.925778e-01,5.419073e+11,3.720706e-06,5.096569e-01,-7.744652e+01,1.408055e+06,1.552075e-27,4.582212e-13,6.299005e-01,9.313226e-01,2.182373e+04,3.271729e+04,3.290771e+04,-2.255829e+02,1.291309e+02,6.812880e+01
Si II 1193,4.041714e-06,-3.298240e-04,-3.257836e-04,1192.901246,-0.388754,1.325945e+00,1.830417e+12,3.679814e-06,5.096569e-01,-9.900655e+01,1.377275e+06,1.739305e-27,5.023446e-13,1.168680e+00,9.313226e-01,2.182373e+04,3.271729e+04,3.290674e+04,-2.290611e+02,1.464296e+02,5.246432e+01
Si II 1193,3.651880e-06,-3.740965e-04,-3.704460e-04,1192.847950,-0.442050,8.718792e-01,1.203717e+12,3.815131e-06,5.096569e-01,-1.122688e+02,1.480430e+06,1.775828e-27,5.515289e-13,5.376398e-01,9.313226e-01,2.182373e+04,3.271729e+04,3.290576e+04,-2.203501e+02,1.445452e+02,3.193504e+01
Si II 1193,3.472541e-06,-2.611225e-04,-2.576508e-04,1192.982548,-0.307452,4.745696e-01,6.551011e+11,3.763528e-06,5.096569e-01,-7.836863e+01,1.440653e+06,1.558404e-27,4.714699e-13,3.031371e-01,9.313226e-01,2.182373e+04,3.271826e+04,3.290576e+04,-2.004942e+02,9.867164e+01,4.108752e+01
Si II 1193,3.371424e-06,-3.164116e-04,-3.130412e-04,1192.916451,-0.373549,2.068910e+00,2.856130e+12,3.784373e-06,5.096569e-01,-9.494619e+01,1.456655e+06,1.710770e-27,5.233609e-13,3.279029e-01,9.313226e-01,2.182275e+04,3.271826e+04,3.290576e+04,-2.040955e+02,1.035204e+02,2.521024e+01
Si II 1193,3.262046e-06,-3.575682e-04,-3.543074e-04,1192.867209,-0.422791,1.015404e+01,1.401976e+13,3.959739e-06,5.096569e-01,-1.073006e+02,1.594785e+06,2.129825e-27,7.134371e-13,1.168680e+00,9.313226e-01,2.182275e+04,3.271826e+04,3.290479e+04,-2.301595e+02,9.648473e+01,1.802245e+01
Si II 1193,2.872212e-06,-3.263634e-04,-3.234922e-04,1192.903980,-0.386020,5.187330e+00,7.161917e+12,3.952033e-06,5.096569e-01,-9.794711e+01,1.588583e+06,2.426099e-27,8.089926e-13,5.365003e-01,1.164153e-01,2.182251e+04,3.271851e+04,3.290405e+04,-2.391118e+02,7.598517e+01,2.277956e+01
Si II 1193,2.693253e-06,-2.602543e-04,-2.575617e-04,1192.982654,-0.307346,4.615341e-01,6.371039e+11,3.753182e-06,5.096569e-01,-7.811394e+01,1.432743e+06,2.339858e-27,7.036051e-13,4.783957e-02,1.164153e-01,2.182251e+04,3.271899e+04,3.290405e+04,-2.225508e+02,6.543537e+01,3.417353e+01
Si II 1193,2.677295e-06,-2.508346e-04,-2.481579e-04,1192.993876,-0.296124,5.233580e+00,7.224136e+12,3.654221e-06,5.096569e-01,-7.529183e+01,1.358184e+06,2.589223e-27,7.375649e-13,5.843399e-01,1.164153e-01,2.182251e+04,3.271899e+04,3.290356e+04,-2.254977e+02,6.209790e+01,3.713819e+01
Si II 1193,2.482378e-06,-2.474362e-04,-2.449544e-04,1192.997698,-0.292302,7.412624e-01,1.023152e+12,3.456971e-06,5.096569e-01,-7.426476e+01,1.215515e+06,2.621066e-27,6.676885e-13,7.481125e-02,1.164153e-01,2.182251e+04,3.271899e+04,3.290308e+04,-2.139012e+02,6.463957e+01,3.469268e+01
Si II 1193,2.457423e-06,-2.962499e-04,-2.937932e-04,1192.939420,-0.350580,5.350415e+00,7.386111e+12,3.781334e-06,5.096569e-01,-8.890111e+01,1.454317e+06,2.498856e-27,7.609305e-13,4.611193e-01,1.164153e-01,2.182202e+04,3.271899e+04,3.290308e+04,-2.174798e+02,6.941184e+01,2.109055e+01
Si II 1193,2.303608e-06,-1.840152e-04,-1.817120e-04,1193.073165,-0.216835,6.527075e-01,9.008588e+11,3.403839e-06,5.096569e-01,-5.522602e+01,1.178439e+06,2.694072e-27,6.642495e-13,4.840931e-02,1.164153e-01,2.182202e+04,3.271948e+04,3.290308e+04,-1.778605e+02,5.314061e+01,3.635273e+01
Si II 1193,2.287461e-06,-1.987294e-04,-1.964424e-04,1193.055587,-0.234413,1.139015e+01,1.572069e+13,3.342377e-06,5.096569e-01,-5.965296e+01,1.136265e+06,4.444593e-27,1.056921e-12,5.843399e-01,1.164153e-01,2.182202e+04,3.271948e+04,3.290259e+04,-1.969892e+02,6.583767e+01,4.556516e+01
Si II 1193,2.092544e-06,-2.085875e-04,-2.064954e-04,1193.043591,-0.246409,9.074178e+00,1.252435e+13,3.377929e-06,5.096569e-01,-6.263172e+01,1.160566e+06,7.570668e-27,1.839837e-12,2.761683e-01,1.164153e-01,2.182202e+04,3.271948e+04,3.290210e+04,-2.219641e+02,7.992926e+01,5.970176e+01
Si II 1193,2.000423e-06,-2.477219e-04,-2.457220e-04,1192.996782,-0.293218,1.030956e+01,1.423086e+13,3.689794e-06,5.096569e-01,-7.435942e+01,1.384756e+06,6.700083e-27,1.941282e-12,2.591925e-01,1.164153e-01,2.182153e+04,3.271948e+04,3.290210e+04,-2.250701e+02,6.551826e+01,3.978266e+01
Si II 1193,1.913964e-06,-2.005754e-04,-1.986618e-04,1193.052939,-0.237061,2.869532e+00,3.960559e+12,3.402365e-06,5.096569e-01,-6.024053e+01,1.177419e+06,1.035521e-26,2.551763e-12,4.897905e-02,1.164153e-01,2.182153e+04,3.271997e+04,3.290210e+04,-2.426912e+02,5.671721e+01,5.979212e+01
Si II 1193,1.897627e-06,-2.105221e-04,-2.086249e-04,1193.041050,-0.248950,3.714251e+01,5.125837e+13,3.839229e-06,5.096569e-01,-6.324846e+01,1.499191e+06,1.189931e-26,3.739556e-12,5.843399e-01,1.164153e-01,2.182153e+04,3.271997e+04,3.290161e+04,-2.650559e+02,7.406083e+01,7.440732e+01
Si II 1193,1.702709e-06,-2.354932e-04,-2.337909e-04,1193.011020,-0.278980,6.421580e+01,8.862301e+13,3.993607e-06,5.096569e-01,-7.076087e+01,1.622182e+06,1.559904e-26,5.308664e-12,4.775254e-01,1.164153e-01,2.182153e+04,3.271997e+04,3.290112e+04,-2.839012e+02,9.626186e+01,8.456074e+01
Si II 1193,1.543422e-06,-3.118392e-04,-3.102963e-04,1192.919727,-0.370273,6.093467e+00,8.412899e+12,3.950729e-06,5.096569e-01,-9.369645e+01,1.587535e+06,2.070171e-26,6.893729e-12,5.726568e-02,1.164153e-01,2.182104e+04,3.271997e+04,3.290112e+04,-3.346112e+02,8.924456e+01,7.523125e+01
Si II 1193,1.524320e-06,-3.020787e-04,-3.005548e-04,1192.931351,-0.358649,6.363694e+00,8.785245e+12,3.843029e-06,5.096569e-01,-9.077971e+01,1.502160e+06,2.075996e-26,6.542195e-12,4.954878e-02,1.164153e-01,2.182104e+04,3.272046e+04,3.290112e+04,-3.440583e+02,8.144075e+01,7.884729e+01
Si II 1193,1.507792e-06,-3.084168e-04,-3.069095e-04,1192.923768,-0.366232,9.478859e+01,1.308255e+14,3.961553e-06,5.096569e-01,-9.266749e+01,1.596246e+06,1.870457e-26,6.267514e-12,5.843399e-01,1.164153e-01,2.182104e+04,3.272046e+04,3.290063e+04,-3.297378e+02,9.537149e+01,7.744902e+01
Si II 1193,1.312875e-06,-2.397942e-04,-2.384816e-04,1193.005422,-0.284578,6.360174e+01,8.777596e+13,3.875444e-06,5.096569e-01,-7.201197e+01,1.527608e+06,1.154681e-26,3.704950e-12,5.342214e-01,1.164153e-01,2.182104e+04,3.272046e+04,3.290015e+04,-2.520090e+02,8.173696e+01,6.219501e+01
Si II 1193,1.134676e-06,-1.706527e-04,-1.695182e-04,1193.087716,-0.202284,3.438157e+00,4.746126e+12,3.934795e-06,5.096569e-01,-5.124235e+01,1.574755e+06,5.453520e-27,1.804195e-12,5.011852e-02,1.164153e-01,2.182104e+04,3.272095e+04,3.290015e+04,-2.072961e+02,5.607842e+01,5.514439e+01
Si II 1193,1.117958e-06,-1.478986e-04,-1.467808e-04,1193.114848,-0.175152,2.095031e+00,2.892212e+12,4.032477e-06,5.096569e-01,-4.439516e+01,1.653913e+06,2.613308e-27,9.082189e-13,9.454262e-02,1.164153e-01,2.182104e+04,3.272095e+04,3.289966e+04,-1.715914e+02,4.839768e+01,4.426785e+01
Si II 1193,1.086422e-06,-1.551133e-04,-1.540271e-04,1193.106201,-0.183799,7.192201e+00,9.927970e+12,3.910171e-06,5.096569e-01,-4.654250e+01,1.555108e+06,2.241914e-27,7.327300e-13,4.897973e-01,1.164153e-01,2.182056e+04,3.272095e+04,3.289966e+04,-1.495941e+02,3.646427e+01,2.634626e+01
Si II 1193,9.230412e-07,-1.808073e-04,-1.798845e-04,1193.075346,-0.214654,2.118398e+00,2.925748e+12,4.312987e-06,5.096569e-01,-5.424329e+01,1.892018e+06,1.439755e-27,5.720038e-13,5.336516e-01,1.164153e-01,2.182056e+04,3.272095e+04,3.289917e+04,-1.455767e+02,4.071474e+01,1.754333e+01
Si II 1193,7.450321e-07,-1.754943e-04,-1.747494e-04,1193.081473,-0.208527,1.318509e-03,2.133314e+10,4.271276e-06,5.096569e-01,-5.265451e+01,1.855599e+06,1.331122e-27,5.187772e-13,5.068826e-02,1.164153e-01,2.182056e+04,3.272144e+04,3.289917e+04,-1.538059e+02,3.812295e+01,2.165800e+01
Si II 1193,7.281241e-07,-2.101117e-04,-2.093838e-04,1193.040144,-0.249856,4.328644e-02,6.629451e+10,4.431435e-06,5.096569e-01,-6.303168e+01,1.997366e+06,1.266250e-27,5.310680e-13,2.958997e-01,1.164153e-01,2.182056e+04,3.272144e+04,3.289868e+04,-1.512456e+02,4.516801e+01,1.167160e+01
Si II 1193,6.294214e-07,-2.170164e-04,-2.163871e-04,1193.031787,-0.258213,9.831757e-02,1.358090e+11,4.368314e-06,5.096569e-01,-6.509520e+01,1.940871e+06,1.226495e-27,4.997936e-13,2.884402e-01,1.164153e-01,2.182007e+04,3.272144e+04,3.289868e+04,-1.412253e+02,3.524133e+01,-3.741979e-02
Si II 1193,5.332070e-07,-2.382643e-04,-2.377312e-04,1193.006318,-0.283682,1.874347e-01,2.589965e+11,4.494903e-06,5.096569e-01,-7.146479e+01,2.054989e+06,1.186812e-27,5.119153e-13,5.330819e-01,1.164153e-01,2.182007e+04,3.272144e+04,3.289819e+04,-1.397214e+02,3.717783e+01,-7.332823e+00
Si II 1193,3.553880e-07,-2.244777e-04,-2.241224e-04,1193.022557,-0.267443,4.998642e-04,8.331583e+09,4.402289e-06,5.096569e-01,-6.733007e+01,1.971179e+06,1.127547e-27,4.665922e-13,5.125799e-02,1.164153e-01,2.182007e+04,3.272192e+04,3.289819e+04,-1.374183e+02,3.297460e+01,-5.469625e+00
Si II 1193,3.382900e-07,-2.315518e-04,-2.312136e-04,1193.014095,-0.275905,1.655086e-03,2.793998e+10,4.460151e-06,5.096569e-01,-6.944931e+01,2.023336e+06,1.089148e-27,4.623403e-13,4.972568e-01,1.164153e-01,2.182007e+04,3.272192e+04,3.289771e+04,-1.336708e+02,3.371870e+01,-9.231900e+00
Si II 1193,1.724210e-07,-2.238569e-04,-2.236845e-04,1193.023079,-0.266921,2.527053e-04,4.197812e+09,4.387928e-06,5.096569e-01,-6.713766e+01,1.958340e+06,1.068816e-27,4.392516e-13,8.708309e-02,1.164153e-01,2.181958e+04,3.272192e+04,3.289771e+04,-1.241742e+02,2.348861e+01,-1.563343e+01
Si II 1193,1.433729e-07,-2.150661e-04,-2.149227e-04,1193.033535,-0.256465,1.420620e-04,2.359427e+09,4.387486e-06,5.096569e-01,-6.450136e+01,1.957945e+06,1.050875e-27,4.316253e-13,4.280508e-01,1.164153e-01,2.181958e+04,3.272192e+04,3.289722e+04,-1.225077e+02,2.227624e+01,-1.379580e+01
Si III 1206,1.266835e-05,8.199741e-05,9.466679e-05,1206.614215,0.114215,7.008072e-01,3.336894e+11,3.556729e-06,5.665078e-01,2.449860e+01,1.286680e+06,3.968841e-28,1.068949e-13,1.319413e+00,7.450581e+00,2.183301e+04,3.270605e+04,3.292871e+04,-1.972815e+02,-1.845850e+01,1.042278e+02
Si III 1206,1.222823e-05,9.366668e-05,1.058961e-04,1206.627764,0.127764,8.380980e-02,4.136381e+10,3.436359e-06,5.665078e-01,2.801963e+01,1.201064e+06,3.057380e-28,7.694285e-14,5.501740e-01,7.450581e+00,2.183301e+04,3.270605e+04,3.292676e+04,-1.647628e+02,-1.676363e+01,9.541960e+01
Si III 1206,1.204471e-05,9.128991e-05,1.033357e-04,1206.624675,0.124675,5.234031e-04,2.319294e+09,3.351770e-06,5.665078e-01,2.732229e+01,1.142661e+06,2.962183e-28,7.089580e-14,1.340894e+00,7.450581e+00,2.183301e+04,3.270801e+04,3.292676e+04,-1.419537e+02,-2.133665e+01,8.256908e+01
Si III 1206,1.159743e-05,1.146288e-04,1.262275e-04,1206.652293,0.152293,1.295792e-03,6.891441e+09,4.024494e-06,5.665078e-01,3.431874e+01,1.647371e+06,2.361149e-28,8.133529e-14,4.462911e-01,7.450581e+00,2.183105e+04,3.270801e+04,3.292676e+04,-1.385853e+02,-2.209164e+01,8.912756e+01
Si III 1206,1.144856e-05,1.461328e-04,1.575830e-04,1206.690124,0.190124,8.280088e-04,4.635016e+09,4.233009e-06,5.665078e-01,4.375847e+01,1.822499e+06,2.428411e-28,9.270819e-14,2.337360e+00,7.450581e+00,2.183105e+04,3.270801e+04,3.292480e+04,-1.416307e+02,-2.815659e+01,9.868930e+01
Si III 1206,1.066889e-05,1.936315e-04,2.043024e-04,1206.746491,0.246491,2.109318e-04,1.206643e+09,4.331532e-06,5.665078e-01,5.798960e+01,1.908323e+06,2.807660e-28,1.123187e-13,5.478950e-01,7.450581e+00,2.183105e+04,3.270801e+04,3.292285e+04,-1.453191e+02,-2.675302e+01,1.179954e+02
Si III 1206,1.048613e-05,1.982122e-04,2.087004e-04,1206.751797,0.251797,8.128773e-02,4.196762e+10,4.104179e-06,5.665078e-01,5.936389e+01,1.713253e+06,2.892292e-28,1.039153e-13,1.789465e+00,7.450581e+00,2.183105e+04,3.270996e+04,3.292285e+04,-1.419058e+02,-2.202750e+01,1.205481e+02
Si III 1206,9.889227e-06,2.292231e-04,2.391146e-04,1206.788492,0.288492,6.503028e-02,3.432580e+10,4.374589e-06,5.665078e-01,6.865698e+01,1.946451e+06,3.156165e-28,1.285520e-13,3.591372e-01,7.450581e+00,2.183105e+04,3.270996e+04,3.292090e+04,-1.376234e+02,-1.091387e+01,1.354024e+02
Si III 1206,9.769430e-06,2.047405e-04,2.145120e-04,1206.758809,0.258809,6.118260e-01,2.916216e+11,4.465657e-06,5.665078e-01,6.130445e+01,2.028334e+06,3.484399e-28,1.476772e-13,1.978222e+00,7.450581e+00,2.182910e+04,3.270996e+04,3.292090e+04,-1.595730e+02,-2.686094e+00,1.400812e+02
Si III 1206,9.109558e-06,1.520064e-04,1.611173e-04,1206.694388,0.194388,2.229496e-01,1.066919e+11,5.174091e-06,5.665078e-01,4.548549e+01,2.722934e+06,4.130885e-28,2.342030e-13,5.456161e-01,7.450581e+00,2.182910e+04,3.270996e+04,3.291895e+04,-1.795634e+02,1.019065e+01,1.361179e+02
Si III 1206,8.927558e-06,1.121403e-04,1.210689e-04,1206.646070,0.146070,1.828383e+00,8.704304e+11,5.834547e-06,5.665078e-01,3.355769e+01,3.462448e+06,3.831471e-28,2.755164e-13,1.791743e+00,7.450581e+00,2.182910e+04,3.271191e+04,3.291895e+04,-1.540076e+02,1.400501e+01,1.128518e+02
Si III 1206,8.329890e-06,1.367816e-04,1.451126e-04,1206.675078,0.175078,2.185658e-01,1.063644e+11,6.309011e-06,5.665078e-01,4.096797e+01,4.048475e+06,2.901071e-28,2.441135e-13,1.164566e+00,7.450581e+00,2.182910e+04,3.271191e+04,3.291699e+04,-1.166710e+02,-5.633918e+00,9.597100e+01
Si III 1206,7.941428e-06,1.023605e-04,1.103027e-04,1206.633080,0.133080,2.998666e-01,1.455666e+11,6.185895e-06,5.665078e-01,3.064751e+01,3.892011e+06,3.069345e-28,2.483769e-13,1.172794e+00,7.450581e+00,2.182715e+04,3.271191e+04,3.291699e+04,-1.262825e+02,-6.385805e+00,8.734353e+01
Si III 1206,7.550222e-06,9.364260e-05,1.011935e-04,1206.622090,0.122090,1.918269e-03,1.468219e+10,5.799313e-06,5.665078e-01,2.804562e+01,3.420755e+06,2.763009e-28,1.969793e-13,5.433371e-01,7.450581e+00,2.182715e+04,3.271191e+04,3.291504e+04,-1.060024e+02,-1.312764e+01,7.220746e+01
Si III 1206,7.368982e-06,1.321333e-04,1.395033e-04,1206.668311,0.168311,1.056696e+00,5.030523e+11,6.512077e-06,5.665078e-01,3.958963e+01,4.313283e+06,2.261861e-28,2.031354e-13,1.794022e+00,7.450581e+00,2.182715e+04,3.271387e+04,3.291504e+04,-8.726877e+01,-1.568580e+01,7.675265e+01
Si III 1206,6.770553e-06,6.990509e-05,7.667612e-05,1206.592510,0.092510,1.074647e-01,5.181330e+10,5.796229e-06,5.665078e-01,2.093306e+01,3.417119e+06,2.977844e-28,2.121673e-13,5.421977e-01,9.313226e-01,2.182666e+04,3.271338e+04,3.291357e+04,-9.749828e+01,5.714197e+00,6.949405e+01
Si III 1206,6.589694e-06,9.501705e-05,1.016074e-04,1206.622589,0.122589,4.584383e-01,2.211046e+11,5.818835e-06,5.665078e-01,2.846251e+01,3.443825e+06,2.945495e-28,2.113286e-13,6.264821e-01,9.313226e-01,2.182666e+04,3.271436e+04,3.291357e+04,-9.145856e+01,2.519898e-01,7.319629e+01
Si III 1206,6.380719e-06,5.566628e-05,6.204735e-05,1206.574860,0.074860,4.048027e-01,1.937411e+11,5.177473e-06,5.665078e-01,1.666292e+01,2.726494e+06,3.574236e-28,2.033551e-13,8.013141e-01,9.313226e-01,2.182666e+04,3.271436e+04,3.291260e+04,-9.912117e+01,1.811263e+01,7.127829e+01
Si III 1206,6.113427e-06,1.663171e-05,2.274523e-05,1206.527442,0.027442,3.790896e-02,2.119333e+10,5.009133e-06,5.665078e-01,4.962052e+00,2.552079e+06,3.592857e-28,1.910706e-13,3.673657e-01,9.313226e-01,2.182568e+04,3.271436e+04,3.291260e+04,-9.858830e+01,2.840126e+01,6.219508e+01
Si III 1206,5.990885e-06,-2.621573e-05,-2.022500e-05,1206.475599,-0.024401,1.318184e-01,6.284507e+10,4.471362e-06,5.665078e-01,-7.893036e+00,2.033521e+06,4.723351e-28,2.006186e-13,5.410582e-01,9.313226e-01,2.182568e+04,3.271436e+04,3.291162e+04,-1.161500e+02,5.006700e+01,6.513947e+01
Si III 1206,5.810405e-06,-2.462733e-05,-1.881706e-05,1206.477297,-0.022703,8.275052e-01,3.943078e+11,4.255925e-06,5.665078e-01,-7.419493e+00,1.842285e+06,5.326820e-28,2.048828e-13,6.276216e-01,9.313226e-01,2.182568e+04,3.271533e+04,3.291162e+04,-1.249829e+02,4.307806e+01,6.597739e+01
Si III 1206,5.601051e-06,-7.683967e-05,-7.123905e-05,1206.414050,-0.085950,1.595903e+00,7.601818e+11,3.968842e-06,5.665078e-01,-2.309306e+01,1.602126e+06,7.163191e-28,2.400843e-13,1.168680e+00,9.313226e-01,2.182568e+04,3.271533e+04,3.291064e+04,-1.565886e+02,6.678185e+01,7.255831e+01
Si III 1206,5.211217e-06,-1.280143e-04,-1.228038e-04,1206.351837,-0.148163,3.705253e-02,1.868983e+10,3.784844e-06,5.665078e-01,-3.845696e+01,1.457018e+06,9.122821e-28,2.781154e-13,3.534852e-02,9.313226e-01,2.182568e+04,3.271533e+04,3.290967e+04,-1.810421e+02,9.318256e+01,7.780846e+01
Si III 1206,5.199426e-06,-2.213402e-04,-2.161420e-04,1206.239225,-0.260775,6.756100e-01,3.218480e+11,3.915150e-06,5.665078e-01,-6.645237e+01,1.559071e+06,1.080902e-27,3.521355e-13,5.045702e-01,9.313226e-01,2.182471e+04,3.271533e+04,3.290967e+04,-2.056747e+02,1.075623e+02,6.200512e+01
Si III 1206,5.031117e-06,-1.945731e-04,-1.895429e-04,1206.271316,-0.228684,1.720072e+00,8.194081e+11,3.944868e-06,5.665078e-01,-5.844329e+01,1.582828e+06,1.212088e-27,4.017191e-13,6.287610e-01,9.313226e-01,2.182471e+04,3.271631e+04,3.290967e+04,-2.280545e+02,9.643028e+01,7.556638e+01
Si III 1206,4.821383e-06,-2.386617e-04,-2.338415e-04,1206.217870,-0.282130,2.543303e+00,1.211565e+12,3.875791e-06,5.665078e-01,-7.166934e+01,1.527881e+06,1.355780e-27,4.333756e-13,1.168680e+00,9.313226e-01,2.182471e+04,3.271631e+04,3.290869e+04,-2.259397e+02,1.255002e+02,7.337842e+01
Si III 1206,4.431549e-06,-2.930295e-04,-2.885993e-04,1206.151805,-0.348195,1.382651e+00,6.586680e+11,3.811482e-06,5.665078e-01,-8.797700e+01,1.477599e+06,1.534923e-27,4.741290e-13,4.380627e-01,9.313226e-01,2.182471e+04,3.271631e+04,3.290771e+04,-2.224678e+02,1.531940e+02,6.623543e+01
Si III 1206,4.285425e-06,-3.166378e-04,-3.123537e-04,1206.123145,-0.376855,2.375333e-01,1.131599e+11,3.827839e-06,5.665078e-01,-9.503704e+01,1.490309e+06,1.439900e-27,4.492625e-13,1.007166e-01,9.313226e-01,2.182373e+04,3.271631e+04,3.290771e+04,-2.104481e+02,1.424863e+02,4.730348e+01
Si III 1206,4.251829e-06,-2.579322e-04,-2.536814e-04,1206.193933,-0.306067,1.564235e+00,7.451096e+11,3.720706e-06,5.665078e-01,-7.744652e+01,1.408055e+06,1.552075e-27,4.582212e-13,6.299005e-01,9.313226e-01,2.182373e+04,3.271729e+04,3.290771e+04,-2.255829e+02,1.291309e+02,6.812880e+01
Si III 1206,4.041714e-06,-3.298240e-04,-3.257836e-04,1206.106942,-0.393058,4.606082e+00,2.194190e+12,3.679814e-06,5.665078e-01,-9.900655e+01,1.377275e+06,1.739305e-27,5.023446e-13,1.168680e+00,9.313226e-01,2.182373e+04,3.271729e+04,3.290674e+04,-2.290611e+02,1.464296e+02,5.246432e+01
Si III 1206,3.651880e-06,-3.740965e-04,-3.704460e-04,1206.053057,-0.446943,2.948061e+00,1.404515e+12,3.815131e-06,5.665078e-01,-1.122688e+02,1.480430e+06,1.775828e-27,5.515289e-13,5.376398e-01,9.313226e-01,2.182373e+04,3.271729e+04,3.290576e+04,-2.203501e+02,1.445452e+02,3.193504e+01
Si III 1206,3.472541e-06,-2.611225e-04,-2.576508e-04,1206.189144,-0.310856,1.770155e+00,8.432202e+11,3.763528e-06,5.665078e-01,-7.836863e+01,1.440653e+06,1.558404e-27,4.714699e-13,3.031371e-01,9.313226e-01,2.182373e+04,3.271826e+04,3.290576e+04,-2.004942e+02,9.867164e+01,4.108752e+01
Si III 1206,3.371424e-06,-3.164116e-04,-3.130412e-04,1206.122316,-0.377684,8.044777e+00,3.832408e+12,3.784373e-06,5.665078e-01,-9.494619e+01,1.456655e+06,1.710770e-27,5.233609e-13,3.279029e-01,9.313226e-01,2.182275e+04,3.271826e+04,3.290576e+04,-2.040955e+02,1.035204e+02,2.521024e+01
Si III 1206,3.262046e-06,-3.575682e-04,-3.543074e-04,1206.072528,-0.427472,3.814163e+01,1.816650e+13,3.959739e-06,5.665078e-01,-1.073006e+02,1.594785e+06,2.129825e-27,7.134371e-13,1.168680e+00,9.313226e-01,2.182275e+04,3.271826e+04,3.290479e+04,-2.301595e+02,9.648473e+01,1.802245e+01
Si III 1206,2.872212e-06,-3.263634e-04,-3.234922e-04,1206.109707,-0.390293,1.625638e+01,7.742520e+12,3.952033e-06,5.665078e-01,-9.794711e+01,1.588583e+06,2.426099e-27,8.089926e-13,5.365003e-01,1.164153e-01,2.182251e+04,3.271851e+04,3.290405e+04,-2.391118e+02,7.598517e+01,2.277956e+01
Si III 1206,2.693253e-06,-2.602543e-04,-2.575617e-04,1206.189252,-0.310748,1.476205e+00,7.031921e+11,3.753182e-06,5.665078e-01,-7.811394e+01,1.432743e+06,2.339858e-27,7.036051e-13,4.783957e-02,1.164153e-01,2.182251e+04,3.271899e+04,3.290405e+04,-2.225508e+02,6.543537e+01,3.417353e+01
Si III 1206,2.677295e-06,-2.508346e-04,-2.481579e-04,1206.200597,-0.299403,1.244616e+01,5.928446e+12,3.654221e-06,5.665078e-01,-7.529183e+01,1.358184e+06,2.589223e-27,7.375649e-13,5.843399e-01,1.164153e-01,2.182251e+04,3.271899e+04,3.290356e+04,-2.254977e+02,6.209790e+01,3.713819e+01
Si III 1206,2.482378e-06,-2.474362e-04,-2.449544e-04,1206.204463,-0.295537,1.319293e+00,6.283823e+11,3.456971e-06,5.665078e-01,-7.426476e+01,1.215515e+06,2.621066e-27,6.676885e-13,7.481125e-02,1.164153e-01,2.182251e+04,3.271899e+04,3.290308e+04,-2.139012e+02,6.463957e+01,3.469268e+01
Si III 1206,2.457423e-06,-2.962499e-04,-2.937932e-04,1206.145539,-0.354461,9.329015e+00,4.444102e+12,3.781334e-06,5.665078e-01,-8.890111e+01,1.454317e+06,2.498856e-27,7.609305e-13,4.611193e-01,1.164153e-01,2.182202e+04,3.271899e+04,3.290308e+04,-2.174798e+02,6.941184e+01,2.109055e+01
Si III 1206,2.303608e-06,-1.840152e-04,-1.817120e-04,1206.280765,-0.219235,7.686614e-01,3.660896e+11,3.403839e-06,5.665078e-01,-5.522602e+01,1.178439e+06,2.694072e-27,6.642495e-13,4.840931e-02,1.164153e-01,2.182202e+04,3.271948e+04,3.290308e+04,-1.778605e+02,5.314061e+01,3.635273e+01
Si III 1206,2.287461e-06,-1.987294e-04,-1.964424e-04,1206.262992,-0.237008,9.575990e+00,4.560782e+12,3.342377e-06,5.665078e-01,-5.965296e+01,1.136265e+06,4.444593e-27,1.056921e-12,5.843399e-01,1.164153e-01,2.182202e+04,3.271948e+04,3.290259e+04,-1.969892e+02,6.583767e+01,4.556516e+01
Si III 1206,2.092544e-06,-2.085875e-04,-2.064954e-04,1206.250863,-0.249137,5.546159e+00,2.641521e+12,3.377929e-06,5.665078e-01,-6.263172e+01,1.160566e+06,7.570668e-27,1.839837e-12,2.761683e-01,1.164153e-01,2.182202e+04,3.271948e+04,3.290210e+04,-2.219641e+02,7.992926e+01,5.970176e+01
Si III 1206,2.000423e-06,-2.477219e-04,-2.457220e-04,1206.203536,-0.296464,5.996850e+00,2.856489e+12,3.689794e-06,5.665078e-01,-7.435942e+01,1.384756e+06,6.700083e-27,1.941282e-12,2.591925e-01,1.164153e-01,2.182153e+04,3.271948e+04,3.290210e+04,-2.250701e+02,6.551826e+01,3.978266e+01
Si III 1206,1.913964e-06,-2.005754e-04,-1.986618e-04,1206.260315,-0.239685,1.337432e+00,6.369882e+11,3.402365e-06,5.665078e-01,-6.024053e+01,1.177419e+06,1.035521e-26,2.551763e-12,4.897905e-02,1.164153e-01,2.182153e+04,3.271997e+04,3.290210e+04,-2.426912e+02,5.671721e+01,5.979212e+01
Si III 1206,1.897627e-06,-2.105221e-04,-2.086249e-04,1206.248294,-0.251706,1.662175e+01,7.917782e+12,3.839229e-06,5.665078e-01,-6.324846e+01,1.499191e+06,1.189931e-26,3.739556e-12,5.843399e-01,1.164153e-01,2.182153e+04,3.271997e+04,3.290161e+04,-2.650559e+02,7.406083e+01,7.440732e+01
Si III 1206,1.702709e-06,-2.354932e-04,-2.337909e-04,1206.217931,-0.282069,3.068254e+01,1.461204e+13,3.993607e-06,5.665078e-01,-7.076087e+01,1.622182e+06,1.559904e-26,5.308664e-12,4.775254e-01,1.164153e-01,2.182153e+04,3.271997e+04,3.290112e+04,-2.839012e+02,9.626186e+01,8.456074e+01
Si III 1206,1.543422e-06,-3.118392e-04,-3.102963e-04,1206.125628,-0.374372,2.503721e+00,1.192870e+12,3.950729e-06,5.665078e-01,-9.369645e+01,1.587535e+06,2.070171e-26,6.893729e-12,5.726568e-02,1.164153e-01,2.182104e+04,3.271997e+04,3.290112e+04,-3.346112e+02,8.924456e+01,7.523125e+01
Si III 1206,1.524320e-06,-3.020787e-04,-3.005548e-04,1206.137381,-0.362619,2.652687e+00,1.263728e+12,3.843029e-06,5.665078e-01,-9.077971e+01,1.502160e+06,2.075996e-26,6.542195e-12,4.954878e-02,1.164153e-01,2.182104e+04,3.272046e+04,3.290112e+04,-3.440583e+02,8.144075e+01,7.884729e+01
Si III 1206,1.507792e-06,-3.084168e-04,-3.069095e-04,1206.129714,-0.370286,4.217258e+01,2.008545e+13,3.961553e-06,5.665078e-01,-9.266749e+01,1.596246e+06,1.870457e-26,6.267514e-12,5.843399e-01,1.164153e-01,2.182104e+04,3.272046e+04,3.290063e+04,-3.297378e+02,9.537149e+01,7.744902e+01
Si III 1206,1.312875e-06,-2.397942e-04,-2.384816e-04,1206.212272,-0.287728,2.930188e+01,1.395459e+13,3.875444e-06,5.665078e-01,-7.201197e+01,1.527608e+06,1.154681e-26,3.704950e-12,5.342214e-01,1.164153e-01,2.182104e+04,3.272046e+04,3.290015e+04,-2.520090e+02,8.173696e+01,6.219501e+01
Si III 1206,1.134676e-06,-1.706527e-04,-1.695182e-04,1206.295476,-0.204524,1.698169e+00,8.089486e+11,3.934795e-06,5.665078e-01,-5.124235e+01,1.574755e+06,5.453520e-27,1.804195e-12,5.011852e-02,1.164153e-01,2.182104e+04,3.272095e+04,3.290015e+04,-2.072961e+02,5.607842e+01,5.514439e+01
Si III 1206,1.117958e-06,-1.478986e-04,-1.467808e-04,1206.322909,-0.177091,1.054566e+00,5.023963e+11,4.032477e-06,5.665078e-01,-4.439516e+01,1.653913e+06,2.613308e-27,9.082189e-13,9.454262e-02,1.164153e-01,2.182104e+04,3.272095e+04,3.289966e+04,-1.715914e+02,4.839768e+01,4.426785e+01
Si III 1206,1.086422e-06,-1.551133e-04,-1.540271e-04,1206.314166,-0.185834,3.753007e+00,1.787738e+12,3.910171e-06,5.665078e-01,-4.654250e+01,1.555108e+06,2.241914e-27,7.327300e-13,4.897973e-01,1.164153e-01,2.182056e+04,3.272095e+04,3.289966e+04,-1.495941e+02,3.646427e+01,2.634626e+01
Si III 1206,9.230412e-07,-1.808073e-04,-1.798845e-04,1206.282969,-0.217031,1.296939e+00,6.181651e+11,4.312987e-06,5.665078e-01,-5.424329e+01,1.892018e+06,1.439755e-27,5.720038e-13,5.336516e-01,1.164153e-01,2.182056e+04,3.272095e+04,3.289917e+04,-1.455767e+02,4.071474e+01,1.754333e+01
Si III 1206,7.450321e-07,-1.754943e-04,-1.747494e-04,1206.289165,-0.210835,5.010066e-02,2.622700e+10,4.271276e-06,5.665078e-01,-5.265451e+01,1.855599e+06,1.331122e-27,5.187772e-13,5.068826e-02,1.164153e-01,2.182056e+04,3.272144e+04,3.289917e+04,-1.538059e+02,3.812295e+01,2.165800e+01
Si III 1206,7.281241e-07,-2.101117e-04,-2.093838e-04,1206.247379,-0.252621,1.905119e-01,9.083417e+10,4.431435e-06,5.665078e-01,-6.303168e+01,1.997366e+06,1.266250e-27,5.310680e-13,2.958997e-01,1.164153e-01,2.182056e+04,3.272144e+04,3.289868e+04,-1.512456e+02,4.516801e+01,1.167160e+01
Si III 1206,6.294214e-07,-2.170164e-04,-2.163871e-04,1206.238929,-0.261071,2.102254e-01,1.002179e+11,4.368314e-06,5.665078e-01,-6.509520e+01,1.940871e+06,1.226495e-27,4.997936e-13,2.884402e-01,1.164153e-01,2.182007e+04,3.272144e+04,3.289868e+04,-1.412253e+02,3.524133e+01,-3.741979e-02
Si III 1206,5.332070e-07,-2.382643e-04,-2.377312e-04,1206.213177,-0.286823,2.579710e-01,1.230246e+11,4.494903e-06,5.665078e-01,-7.146479e+01,2.054989e+06,1.186812e-27,5.119153e-13,5.330819e-01,1.164153e-01,2.182007e+04,3.272144e+04,3.289819e+04,-1.397214e+02,3.717783e+01,-7.332823e+00
Si III 1206,3.553880e-07,-2.244777e-04,-2.241224e-04,1206.229596,-0.270404,7.991478e-03,1.193383e+10,4.402289e-06,5.665078e-01,-6.733007e+01,1.971179e+06,1.127547e-27,4.665922e-13,5.125799e-02,1.164153e-01,2.182007e+04,3.272192e+04,3.289819e+04,-1.374183e+02,3.297460e+01,-5.469625e+00
Si III 1206,3.382900e-07,-2.315518e-04,-2.312136e-04,1206.221041,-0.278959,8.392730e-02,4.002014e+10,4.460151e-06,5.665078e-01,-6.944931e+01,2.023336e+06,1.089148e-27,4.623403e-13,4.972568e-01,1.164153e-01,2.182007e+04,3.272192e+04,3.289771e+04,-1.336708e+02,3.371870e+01,-9.231900e+00
Si III 1206,1.724210e-07,-2.238569e-04,-2.236845e-04,1206.230125,-0.269875,8.736582e-04,5.068419e+09,4.387928e-06,5.665078e-01,-6.713766e+01,1.958340e+06,1.068816e-27,4.392516e-13,8.708309e-02,1.164153e-01,2.181958e+04,3.272192e+04,3.289771e+04,-1.241742e+02,2.348861e+01,-1.563343e+01
Si III 1206,1.433729e-07,-2.150661e-04,-2.149227e-04,1206.240696,-0.259304,5.827648e-04,3.379557e+09,4.387486e-06,5.665078e-01,-6.450136e+01,1.957945e+06,1.050875e-27,4.316253e-13,4.280508e-01,1.164153e-01,2.181958e+04,3.272192e+04,3.289722e+04,-1.225077e+02,2.227624e+01,-1.379580e+01
