Line	 z_cosmo	 z_doppler	 z_effective	 wavelength [A]	delta wavelength [A]	 optical depth	column density [cm^-2]	 thermal broadening [km/s]	equivalent width [A]	 velocity_los [km/s]	temperature [K]	 density [g/cm^3]	 pressure [dyne/cm^2]	dl [kpccm/h]	 cell_volume [kpccm/h^3]	 x [kpccm/h]	y [kpccm/h]	 z [kpccm/h]	 v_x [km/s]	 v_y [km/s]	v_z [km/s]	 
Line,z_cosmo,z_dopp,z_eff,lambda,delta_lamdba,tau,N,thermal_b,EW,v_los,T,rho,p,dl,cell_volume,x,y,z,vx,vy,vz
C II 1335,1.009645e-05,1.393465e-04,1.494444e-04,1334.731438,0.199438,3.551691e-02,2.935589e+11,7.867815e-06,7.658813e-01,4.165986e+01,2.692548e+06,6.604963e-28,3.703749e-13,5.413861e-01,7.450581e+00,2.181543e+04,3.270605e+04,3.292285e+04,-2.588500e+02,3.766433e+01,2.499500e+01
C II 1335,9.915864e-06,2.331978e-04,2.431160e-04,1334.856446,0.324446,6.871284e-02,3.822492e+11,8.341747e-06,7.658813e-01,6.982307e+01,3.026698e+06,5.380562e-28,3.392069e-13,5.037260e-01,7.450581e+00,2.181543e+04,3.270801e+04,3.292285e+04,-2.248909e+02,6.185401e+00,4.548711e+01
C II 1335,9.747837e-06,1.299533e-04,1.397024e-04,1334.718437,0.186437,3.011695e+00,1.481505e+13,7.669801e-06,7.658813e-01,3.881583e+01,2.558723e+06,8.334266e-28,4.445138e-13,2.303782e+00,7.450581e+00,2.181543e+04,3.270801e+04,3.292090e+04,-2.871014e+02,5.261405e+01,2.549731e+01
C II 1335,8.979371e-06,3.755524e-05,4.653495e-05,1334.594102,0.062102,2.163560e+00,1.063805e+13,6.675508e-06,7.658813e-01,1.118312e+01,1.938312e+06,6.360685e-28,2.575487e-13,1.038801e+00,7.450581e+00,2.181543e+04,3.270801e+04,3.291895e+04,-2.033227e+02,6.195852e+01,1.361647e+01
C II 1335,8.632861e-06,6.333296e-05,7.196637e-05,1334.628041,0.096041,7.978346e+00,3.922740e+13,6.611246e-06,7.658813e-01,1.886796e+01,1.901174e+06,1.070233e-27,4.251176e-13,1.264981e+00,7.450581e+00,2.181543e+04,3.270996e+04,3.291895e+04,-2.618903e+02,5.099013e+01,5.544185e+00
C II 1335,8.210905e-06,1.760437e-05,2.581542e-05,1334.566451,0.034451,2.008265e+00,9.874164e+12,6.323450e-06,7.658813e-01,5.196592e+00,1.739255e+06,8.287605e-28,3.016964e-13,6.581735e-01,9.313226e-01,2.181592e+04,3.270947e+04,3.291748e+04,-2.108078e+02,6.419731e+01,6.545575e+00
C II 1335,7.991360e-06,5.712251e-05,6.511433e-05,1334.618897,0.086897,1.671259e+00,8.216950e+12,6.418471e-06,7.658813e-01,1.703253e+01,1.791918e+06,9.286969e-28,3.482155e-13,4.937176e-01,9.313226e-01,2.181592e+04,3.271045e+04,3.291748e+04,-2.309719e+02,4.477822e+01,5.237079e+00
C II 1335,7.826672e-06,1.651718e-05,2.434398e-05,1334.564488,0.032488,2.268890e+00,1.115575e+13,6.433093e-06,7.658813e-01,4.882270e+00,1.800092e+06,7.944872e-28,2.994903e-13,1.151891e+00,9.313226e-01,2.181592e+04,3.271045e+04,3.291650e+04,-1.971344e+02,5.271976e+01,1.767291e+00
C II 1335,7.442439e-06,-5.567043e-05,-4.822840e-05,1334.467638,-0.064362,3.931522e-01,1.933173e+12,6.286724e-06,7.658813e-01,-1.675619e+01,1.719111e+06,8.298431e-28,2.989578e-13,2.775459e-01,9.313226e-01,2.181592e+04,3.271045e+04,3.291553e+04,-1.856398e+02,7.343985e+01,-9.271625e+00
C II 1335,7.349859e-06,-5.022340e-05,-4.287391e-05,1334.474783,-0.057217,1.591928e+00,7.827799e+12,6.464239e-06,7.658813e-01,-1.513218e+01,1.817565e+06,9.663437e-28,3.678593e-13,8.743452e-01,9.313226e-01,2.181592e+04,3.271143e+04,3.291553e+04,-2.023867e+02,6.405132e+01,-1.600100e+01
C II 1335,7.058206e-06,-1.453425e-04,-1.382853e-04,1334.347454,-0.184546,1.199601e-03,1.134870e+11,6.280557e-06,7.658813e-01,-4.367118e+01,1.715740e+06,1.179194e-27,4.240975e-13,1.138785e-02,9.313226e-01,2.181592e+04,3.271143e+04,3.291455e+04,-2.207033e+02,9.637205e+01,-3.360982e+01
C II 1335,7.054407e-06,-2.315257e-05,-1.609833e-05,1334.510516,-0.021484,1.210035e+00,5.949730e+12,6.364486e-06,7.658813e-01,-6.997306e+00,1.761902e+06,7.708943e-28,2.847420e-13,1.037422e+00,9.313226e-01,2.181689e+04,3.271143e+04,3.291455e+04,-1.730153e+02,6.198282e+01,-2.345145e+00
C II 1335,6.708357e-06,3.920789e-05,4.591651e-05,1334.593277,0.061277,9.936297e-02,5.104814e+11,6.474088e-06,7.658813e-01,1.170897e+01,1.823108e+06,7.015625e-28,2.679267e-13,1.030816e-01,9.313226e-01,2.181689e+04,3.271240e+04,3.291455e+04,-1.594493e+02,4.032115e+01,9.192808e+00
C II 1335,6.673973e-06,3.076061e-06,9.750054e-06,1334.545012,0.013012,1.026991e+00,5.049662e+12,6.501284e-06,7.658813e-01,8.708161e-01,1.838456e+06,7.394433e-28,2.850759e-13,1.151891e+00,9.313226e-01,2.181689e+04,3.271240e+04,3.291357e+04,-1.677852e+02,5.140611e+01,1.544220e+00
C II 1335,6.289740e-06,-2.245591e-05,-1.616631e-05,1334.510426,-0.021574,2.808949e-01,1.381226e+12,6.679118e-06,7.658813e-01,-6.785080e+00,1.940409e+06,7.149664e-28,2.910122e-13,6.681819e-01,9.313226e-01,2.181689e+04,3.271240e+04,3.291260e+04,-1.691890e+02,5.575079e+01,-5.137179e+00
C II 1335,6.066856e-06,1.543241e-05,2.149936e-05,1334.560692,0.028692,2.087012e-01,1.085420e+12,6.815365e-06,7.658813e-01,4.581262e+00,2.020381e+06,7.063082e-28,2.991123e-13,4.837092e-01,9.313226e-01,2.181689e+04,3.271338e+04,3.291260e+04,-1.600191e+02,3.910859e+01,-4.367132e-02
C II 1335,5.905507e-06,-4.943080e-05,-4.352559e-05,1334.473914,-0.058086,1.955836e-01,1.027821e+12,7.083149e-06,7.658813e-01,-1.486784e+01,2.182267e+06,7.418693e-28,3.391394e-13,1.151891e+00,9.313226e-01,2.181689e+04,3.271338e+04,3.291162e+04,-1.625720e+02,5.099806e+01,-1.632390e+01
C II 1335,5.521274e-06,-9.465907e-05,-8.913832e-05,1334.413042,-0.118958,5.167192e-04,5.754173e+10,7.394612e-06,7.658813e-01,-2.842296e+01,2.378406e+06,7.358422e-28,3.660713e-13,2.875543e-01,9.313226e-01,2.181689e+04,3.271338e+04,3.291064e+04,-1.516927e+02,5.622857e+01,-2.721686e+01
C II 1335,5.425355e-06,-5.041155e-05,-4.498647e-05,1334.471964,-0.060036,8.774862e-02,4.667745e+11,7.374491e-06,7.658813e-01,-1.515949e+01,2.365480e+06,7.699813e-28,3.811744e-13,8.643368e-01,9.313226e-01,2.181689e+04,3.271436e+04,3.291064e+04,-1.591932e+02,4.678087e+01,-1.858421e+01
C II 1335,5.137041e-06,-5.446334e-05,-4.932658e-05,1334.466172,-0.065828,2.724230e-04,3.100344e+10,7.557490e-06,7.658813e-01,-1.636268e+01,2.484336e+06,6.996750e-28,3.633613e-13,6.361574e-01,9.313226e-01,2.181689e+04,3.271436e+04,3.290967e+04,-1.377137e+02,4.001183e+01,-2.018229e+01
C II 1335,4.924839e-06,-1.936050e-06,2.988780e-06,1334.535989,0.003989,1.399478e-03,1.635539e+11,7.761007e-06,7.658813e-01,-6.075716e-01,2.619939e+06,6.247320e-28,3.418384e-13,4.226604e-01,9.313226e-01,2.181787e+04,3.271436e+04,3.290967e+04,-1.221987e+02,3.675165e+01,-7.519398e-01
C II 1335,4.783854e-06,4.976252e-05,5.454662e-05,1334.604794,0.072794,3.661972e-04,4.176774e+10,7.574372e-06,7.658813e-01,1.488103e+01,2.495447e+06,6.964639e-28,3.632000e-13,9.307326e-02,9.313226e-01,2.181787e+04,3.271533e+04,3.290967e+04,-1.457759e+02,3.250906e+01,1.072230e+01
C II 1335,4.752807e-06,3.983685e-05,4.458984e-05,1334.591507,0.059507,1.375174e-03,1.608493e+11,7.766355e-06,7.658813e-01,1.192047e+01,2.623551e+06,6.281918e-28,3.440584e-13,1.151891e+00,9.313226e-01,2.181787e+04,3.271533e+04,3.290869e+04,-1.131882e+02,2.268790e+01,7.227471e+00
C II 1335,4.368574e-06,2.556402e-05,2.993270e-05,1334.571946,0.039946,6.141639e-02,3.333594e+11,7.826616e-06,7.658813e-01,7.651821e+00,2.664423e+06,5.975634e-28,3.323657e-13,6.781902e-01,9.313226e-01,2.181787e+04,3.271533e+04,3.290771e+04,-8.465845e+01,8.554928e+00,-1.125075e+00
C II 1335,4.142352e-06,6.121971e-05,6.536231e-05,1334.619228,0.087228,9.112551e-02,4.851943e+11,7.397018e-06,7.658813e-01,1.833395e+01,2.379954e+06,6.960210e-28,3.460351e-13,4.737008e-01,9.313226e-01,2.181787e+04,3.271631e+04,3.290771e+04,-1.073428e+02,2.953257e+00,4.026826e+00
C II 1335,3.984341e-06,2.506848e-05,2.905292e-05,1334.570772,0.038772,3.196008e-01,1.571811e+12,7.241973e-06,7.658813e-01,7.497769e+00,2.281229e+06,7.250423e-28,3.457787e-13,1.151891e+00,9.313226e-01,2.181787e+04,3.271631e+04,3.290674e+04,-1.013273e+02,-8.083510e+00,-1.428006e+01
C II 1335,3.600108e-06,-6.295598e-06,-2.695512e-06,1334.528403,-0.003597,9.700645e-02,5.064434e+11,6.915859e-06,7.658813e-01,-1.909998e+00,2.080403e+06,7.814059e-28,3.401361e-13,2.975627e-01,1.164153e-01,2.181812e+04,3.271655e+04,3.290601e+04,-1.129903e+02,-7.639052e+00,-2.721497e+01
C II 1335,3.500851e-06,1.195671e-05,1.545760e-05,1334.552629,0.020629,8.956398e-02,4.627221e+11,6.634935e-06,7.658813e-01,3.556963e+00,1.914822e+06,8.295952e-28,3.326030e-13,2.783829e-01,1.164153e-01,2.181812e+04,3.271704e+04,3.290601e+04,-1.252996e+02,-1.254585e+01,-2.592640e+01
C II 1335,3.407992e-06,3.613503e-07,3.769343e-06,1334.537030,0.005030,1.281680e-01,6.606082e+11,6.567771e-06,7.658813e-01,7.827750e-02,1.876252e+06,8.647799e-28,3.398996e-13,5.759455e-01,1.164153e-01,2.181812e+04,3.271704e+04,3.290552e+04,-1.292422e+02,-1.576115e+01,-3.266682e+01
C II 1335,3.215875e-06,-8.957699e-06,-5.741853e-06,1334.524337,-0.007663,7.432632e-04,7.272163e+10,6.496472e-06,7.658813e-01,-2.717072e+00,1.835736e+06,9.149562e-28,3.520021e-13,1.072489e-01,1.164153e-01,2.181812e+04,3.271704e+04,3.290503e+04,-1.307597e+02,-1.951171e+01,-3.848428e+01
C II 1335,3.180100e-06,1.709099e-05,2.027114e-05,1334.559052,0.027052,7.285700e-02,3.709335e+11,6.187624e-06,7.658813e-01,5.086286e+00,1.665340e+06,1.010458e-27,3.529568e-13,4.686966e-01,1.164153e-01,2.181812e+04,3.271753e+04,3.290503e+04,-1.431300e+02,-2.649376e+01,-3.569384e+01
C II 1335,3.023759e-06,4.856709e-06,7.880483e-06,1334.542517,0.010517,3.492221e-02,2.431623e+11,6.240258e-06,7.658813e-01,1.417439e+00,1.693792e+06,1.073364e-27,3.812816e-13,4.928807e-01,1.164153e-01,2.181812e+04,3.271753e+04,3.290454e+04,-1.430304e+02,-2.993405e+01,-4.206399e+01
C II 1335,2.859350e-06,2.787370e-05,3.073313e-05,1334.573014,0.041014,1.016810e-01,5.160718e+11,6.083608e-06,7.658813e-01,8.311898e+00,1.609821e+06,1.302593e-27,4.399062e-13,8.306488e-02,1.164153e-01,2.181812e+04,3.271802e+04,3.290454e+04,-1.548017e+02,-3.431379e+01,-3.867888e+01
C II 1335,2.831642e-06,1.635362e-05,1.918531e-05,1334.557603,0.025603,2.982907e-01,1.517615e+12,6.165622e-06,7.658813e-01,4.857062e+00,1.653518e+06,1.525644e-27,5.290437e-13,1.090360e-01,1.164153e-01,2.181812e+04,3.271802e+04,3.290405e+04,-1.546134e+02,-3.793429e+01,-4.488856e+01
C II 1335,2.795271e-06,-1.191236e-06,1.604032e-06,1334.534141,0.002141,9.578100e-01,4.709440e+12,6.324532e-06,7.658813e-01,-3.972681e-01,1.739851e+06,1.290511e-27,4.709421e-13,4.669096e-01,1.164153e-01,2.181860e+04,3.271802e+04,3.290405e+04,-1.475675e+02,-2.398249e+01,-4.145840e+01
C II 1335,2.639526e-06,-1.203830e-05,-9.398808e-06,1334.519457,-0.012543,5.974295e-01,2.937539e+12,6.373205e-06,7.658813e-01,-3.645076e+00,1.766733e+06,1.280469e-27,4.742942e-13,3.025669e-01,1.164153e-01,2.181860e+04,3.271802e+04,3.290356e+04,-1.378321e+02,-2.562028e+01,-4.451373e+01
C II 1335,2.538599e-06,1.177512e-05,1.431375e-05,1334.551102,0.019102,3.934080e+00,1.934277e+13,6.027972e-06,7.658813e-01,3.482474e+00,1.580511e+06,2.260074e-27,7.489482e-13,2.733787e-01,1.164153e-01,2.181860e+04,3.271851e+04,3.290356e+04,-1.603088e+02,-3.107931e+01,-4.343168e+01
C II 1335,2.447409e-06,-5.573153e-06,-3.125758e-06,1334.527829,-0.004171,1.111205e+01,5.463613e+13,6.143282e-06,7.658813e-01,-1.711053e+00,1.641557e+06,1.883603e-27,6.479336e-13,5.759455e-01,1.164153e-01,2.181860e+04,3.271851e+04,3.290308e+04,-1.453578e+02,-2.980225e+01,-4.609516e+01
C II 1335,2.255293e-06,-2.326517e-05,-2.100993e-05,1334.503962,-0.028038,2.762105e+00,1.358120e+13,6.286950e-06,7.658813e-01,-7.013143e+00,1.719234e+06,1.715609e-27,6.180398e-13,1.122531e-01,1.164153e-01,2.181860e+04,3.271851e+04,3.290259e+04,-1.405106e+02,-2.774034e+01,-5.023960e+01
C II 1335,2.217849e-06,1.180396e-05,1.402184e-05,1334.550713,0.018713,3.480153e+01,1.711078e+14,5.724060e-06,7.658813e-01,3.489487e+00,1.425160e+06,2.812551e-27,8.397402e-13,4.636924e-01,1.164153e-01,2.181860e+04,3.271899e+04,3.290259e+04,-1.616642e+02,-3.542027e+01,-4.626801e+01
C II 1335,2.063176e-06,-1.720798e-05,-1.514484e-05,1334.511789,-0.020211,3.432065e+01,1.687497e+14,5.992832e-06,7.658813e-01,-5.216437e+00,1.562138e+06,3.353080e-27,1.097968e-12,4.978848e-01,1.164153e-01,2.181860e+04,3.271899e+04,3.290210e+04,-1.747094e+02,-3.019568e+01,-5.576138e+01
C II 1335,1.897098e-06,2.375597e-05,2.565312e-05,1334.566235,0.034235,9.114401e+00,4.481191e+13,5.510490e-06,7.658813e-01,7.038165e+00,1.320795e+06,5.828210e-27,1.612765e-12,7.806069e-02,1.164153e-01,2.181860e+04,3.271948e+04,3.290210e+04,-2.154090e+02,-3.424240e+01,-5.107377e+01
C II 1335,1.871059e-06,1.523483e-06,3.394545e-06,1334.536530,0.004530,3.394520e+01,1.668994e+14,5.760979e-06,7.658813e-01,3.382187e-01,1.443603e+06,8.404876e-27,2.544885e-12,4.214208e-01,1.164153e-01,2.181860e+04,3.271948e+04,3.290161e+04,-2.577180e+02,-2.724199e+01,-6.241737e+01
C II 1335,1.730487e-06,1.080454e-05,1.253505e-05,1334.548728,0.016728,1.021963e+01,5.024675e+13,5.794948e-06,7.658813e-01,3.120513e+00,1.460677e+06,8.735246e-27,2.676070e-12,1.545248e-01,1.164153e-01,2.181909e+04,3.271948e+04,3.290161e+04,-2.620932e+02,-8.194012e+00,-4.851599e+01
C II 1335,1.678943e-06,1.887555e-05,2.055452e-05,1334.559431,0.027431,1.808068e+01,8.889686e+13,5.968876e-06,7.658813e-01,5.514541e+00,1.549674e+06,1.100039e-26,3.578650e-12,3.075711e-01,1.164153e-01,2.181909e+04,3.271948e+04,3.290112e+04,-2.903958e+02,-4.728589e-01,-4.617407e+01
C II 1335,1.576347e-06,8.323409e-05,8.481057e-05,1334.645182,0.113182,1.988953e+01,9.778351e+13,5.746305e-06,7.658813e-01,2.475261e+01,1.436258e+06,1.466778e-26,4.422221e-12,2.683745e-01,1.164153e-01,2.181909e+04,3.271997e+04,3.290112e+04,-3.447470e+02,-3.904867e+00,-3.534417e+01
C II 1335,1.486826e-06,1.039747e-04,1.054617e-04,1334.672742,0.140742,7.377800e+01,3.627101e+14,5.825006e-06,7.658813e-01,3.093508e+01,1.475869e+06,1.929668e-26,5.982181e-12,5.759455e-01,1.164153e-01,2.181909e+04,3.271997e+04,3.290063e+04,-3.749696e+02,9.366572e+00,-2.555567e+01
C II 1335,1.294710e-06,1.089352e-04,1.102301e-04,1334.679106,0.147106,1.779051e+01,8.746235e+13,5.965505e-06,7.658813e-01,3.244579e+01,1.547924e+06,1.761431e-26,5.727933e-12,1.172573e-01,1.164153e-01,2.181909e+04,3.271997e+04,3.290015e+04,-3.559536e+02,1.248429e+01,-1.847531e+01
C II 1335,1.255597e-06,1.066710e-04,1.079268e-04,1334.676032,0.144032,7.324376e+01,3.600851e+14,6.011948e-06,7.658813e-01,3.179859e+01,1.572119e+06,1.604961e-26,5.301993e-12,4.586882e-01,1.164153e-01,2.181909e+04,3.272046e+04,3.290015e+04,-3.283865e+02,1.722552e+01,-1.142504e+01
C II 1335,1.102593e-06,6.290751e-05,6.401017e-05,1334.617424,0.085424,5.524149e+01,2.715963e+14,6.208709e-06,7.658813e-01,1.875744e+01,1.676709e+06,8.550962e-27,3.010689e-12,5.028890e-01,1.164153e-01,2.181909e+04,3.272046e+04,3.289966e+04,-2.462495e+02,1.078973e+01,-1.584254e+01
C II 1335,9.348461e-07,5.027301e-05,5.120790e-05,1334.600339,0.068339,3.827431e+00,1.881785e+13,6.158095e-06,7.658813e-01,1.500747e+01,1.649483e+06,4.786484e-27,1.658683e-12,7.305649e-02,1.164153e-01,2.181909e+04,3.272095e+04,3.289966e+04,-1.952915e+02,9.809638e+00,-1.165857e+01
C II 1335,9.104768e-07,1.439863e-05,1.530912e-05,1334.552431,0.020431,1.555134e+01,7.646354e+13,6.384223e-06,7.658813e-01,4.271161e+00,1.772847e+06,2.555492e-27,9.512453e-13,5.759455e-01,1.164153e-01,2.181909e+04,3.272095e+04,3.289917e+04,-1.637165e+02,1.111817e+01,-1.784167e+01
C II 1335,7.183603e-07,-1.326648e-05,-1.254813e-05,1334.515254,-0.016746,3.843587e+00,1.889952e+13,6.620863e-06,7.658813e-01,-4.020741e+00,1.906708e+06,2.285772e-27,9.145791e-13,1.578600e-01,1.164153e-01,2.181909e+04,3.272095e+04,3.289868e+04,-1.590250e+02,1.377466e+01,-2.518467e+01
C II 1335,6.657034e-07,-8.834506e-06,-8.168808e-06,1334.521098,-0.010902,2.773818e+00,1.363952e+13,6.718257e-06,7.658813e-01,-2.686434e+00,1.963217e+06,1.827245e-27,7.527670e-13,1.547152e-01,1.164153e-01,2.181958e+04,3.272095e+04,3.289868e+04,-1.478994e+02,2.540602e+01,-1.463672e+01
C II 1335,6.140954e-07,-1.540132e-06,-9.260376e-07,1334.530764,-0.001236,6.124995e-01,3.011688e+12,6.558566e-06,7.658813e-01,-4.937005e-01,1.870996e+06,1.303316e-27,5.119420e-13,2.633703e-01,1.164153e-01,2.181958e+04,3.272144e+04,3.289868e+04,-1.358226e+02,2.500001e+01,-1.011451e+01
C II 1335,5.262438e-07,-2.143194e-05,-2.090571e-05,1334.504101,-0.027899,1.557059e+00,7.656629e+12,6.774664e-06,7.658813e-01,-6.457335e+00,1.996322e+06,1.288046e-27,5.396595e-13,5.759455e-01,1.164153e-01,2.181958e+04,3.272144e+04,3.289819e+04,-1.354161e+02,2.668368e+01,-1.606705e+01
C II 1335,3.341272e-07,-2.603341e-05,-2.569930e-05,1334.497703,-0.034297,1.955373e-01,1.018474e+12,6.855173e-06,7.658813e-01,-7.835988e+00,2.044052e+06,1.233149e-27,5.288906e-13,1.222615e-01,1.164153e-01,2.181958e+04,3.272144e+04,3.289771e+04,-1.334962e+02,2.583336e+01,-1.785613e+01
C II 1335,2.933448e-07,-2.054708e-05,-2.025374e-05,1334.504971,-0.027029,1.437464e-03,1.452575e+11,6.709906e-06,7.658813e-01,-6.186902e+00,1.958340e+06,1.068816e-27,4.392516e-13,4.536841e-01,1.164153e-01,2.181958e+04,3.272192e+04,3.289771e+04,-1.241742e+02,2.348861e+01,-1.563343e+01
C II 1335,1.420107e-07,-1.415009e-05,-1.400809e-05,1334.513306,-0.018694,1.554440e-04,1.570707e+10,6.709230e-06,7.658813e-01,-4.268267e+00,1.957945e+06,1.050875e-27,4.316253e-13,4.219016e-01,1.164153e-01,2.181958e+04,3.272192e+04,3.289722e+04,-1.225077e+02,2.227624e+01,-1.379580e+01
C IV 1548,1.009645e-05,1.393465e-04,1.494444e-04,1548.418368,0.231368,9.930788e-04,6.885945e+10,7.867815e-06,6.524242e-02,4.165986e+01,2.692548e+06,6.604963e-28,3.703749e-13,5.413861e-01,7.450581e+00,2.181543e+04,3.270605e+04,3.292285e+04,-2.588500e+02,3.766433e+01,2.499500e+01
C IV 1548,9.915864e-06,2.331978e-04,2.431160e-04,1548.563389,0.376389,1.283071e-03,9.431490e+10,8.341747e-06,6.524242e-02,6.982307e+01,3.026698e+06,5.380562e-28,3.392069e-13,5.037260e-01,7.450581e+00,2.181543e+04,3.270801e+04,3.292285e+04,-2.248909e+02,6.185401e+00,4.548711e+01
C IV 1548,9.747837e-06,1.299533e-04,1.397024e-04,1548.403285,0.216285,9.259619e-01,2.303914e+12,7.669801e-06,6.524242e-02,3.881583e+01,2.558723e+06,8.334266e-28,4.445138e-13,2.303782e+00,7.450581e+00,2.181543e+04,3.270801e+04,3.292090e+04,-2.871014e+02,5.261405e+01,2.549731e+01
C IV 1548,8.979371e-06,3.755524e-05,4.653495e-05,1548.259045,0.072045,8.097135e-01,2.009782e+12,6.675508e-06,6.524242e-02,1.118312e+01,1.938312e+06,6.360685e-28,2.575487e-13,1.038801e+00,7.450581e+00,2.181543e+04,3.270801e+04,3.291895e+04,-2.033227e+02,6.195852e+01,1.361647e+01
C IV 1548,8.632861e-06,6.333296e-05,7.196637e-05,1548.298417,0.111417,2.062734e+00,5.119345e+12,6.611246e-06,6.524242e-02,1.886796e+01,1.901174e+06,1.070233e-27,4.251176e-13,1.264981e+00,7.450581e+00,2.181543e+04,3.270996e+04,3.291895e+04,-2.618903e+02,5.099013e+01,5.544185e+00
C IV 1548,8.210905e-06,1.760437e-05,2.581542e-05,1548.226967,0.039967,6.792450e-01,1.685369e+12,6.323450e-06,6.524242e-02,5.196592e+00,1.739255e+06,8.287605e-28,3.016964e-13,6.581735e-01,9.313226e-01,2.181592e+04,3.270947e+04,3.291748e+04,-2.108078e+02,6.419731e+01,6.545575e+00
C IV 1548,7.991360e-06,5.712251e-05,6.511433e-05,1548.287809,0.100809,4.735919e-01,1.175142e+12,6.418471e-06,6.524242e-02,1.703253e+01,1.791918e+06,9.286969e-28,3.482155e-13,4.937176e-01,9.313226e-01,2.181592e+04,3.271045e+04,3.291748e+04,-2.309719e+02,4.477822e+01,5.237079e+00
C IV 1548,7.826672e-06,1.651718e-05,2.434398e-05,1548.224689,0.037689,6.394417e-01,1.586756e+12,6.433093e-06,6.524242e-02,4.882270e+00,1.800092e+06,7.944872e-28,2.994903e-13,1.151891e+00,9.313226e-01,2.181592e+04,3.271045e+04,3.291650e+04,-1.971344e+02,5.271976e+01,1.767291e+00
C IV 1548,7.442439e-06,-5.567043e-05,-4.822840e-05,1548.112333,-0.074667,9.146287e-02,2.446017e+11,6.286724e-06,6.524242e-02,-1.675619e+01,1.719111e+06,8.298431e-28,2.989578e-13,2.775459e-01,9.313226e-01,2.181592e+04,3.271045e+04,3.291553e+04,-1.856398e+02,7.343985e+01,-9.271625e+00
C IV 1548,7.349859e-06,-5.022340e-05,-4.287391e-05,1548.120623,-0.066377,3.625321e-01,8.997005e+11,6.464239e-06,6.524242e-02,-1.513218e+01,1.817565e+06,9.663437e-28,3.678593e-13,8.743452e-01,9.313226e-01,2.181592e+04,3.271143e+04,3.291553e+04,-2.023867e+02,6.405132e+01,-1.600100e+01
C IV 1548,7.058206e-06,-1.453425e-04,-1.382853e-04,1547.972908,-0.214092,2.304017e-04,1.275437e+10,6.280557e-06,6.524242e-02,-4.367118e+01,1.715740e+06,1.179194e-27,4.240975e-13,1.138785e-02,9.313226e-01,2.181592e+04,3.271143e+04,3.291455e+04,-2.207033e+02,9.637205e+01,-3.360982e+01
C IV 1548,7.054407e-06,-2.315257e-05,-1.609833e-05,1548.162077,-0.024923,2.773520e-01,6.882279e+11,6.364486e-06,6.524242e-02,-6.997306e+00,1.761902e+06,7.708943e-28,2.847420e-13,1.037422e+00,9.313226e-01,2.181689e+04,3.271143e+04,3.291455e+04,-1.730153e+02,6.198282e+01,-2.345145e+00
C IV 1548,6.708357e-06,3.920789e-05,4.591651e-05,1548.258087,0.071087,1.048876e-03,5.985470e+10,6.474088e-06,6.524242e-02,1.170897e+01,1.823108e+06,7.015625e-28,2.679267e-13,1.030816e-01,9.313226e-01,2.181689e+04,3.271240e+04,3.291455e+04,-1.594493e+02,4.032115e+01,9.192808e+00
C IV 1548,6.673973e-06,3.076061e-06,9.750054e-06,1548.202095,0.015095,2.480210e-01,6.155067e+11,6.501284e-06,6.524242e-02,8.708161e-01,1.838456e+06,7.394433e-28,2.850759e-13,1.151891e+00,9.313226e-01,2.181689e+04,3.271240e+04,3.291357e+04,-1.677852e+02,5.140611e+01,1.544220e+00
C IV 1548,6.289740e-06,-2.245591e-05,-1.616631e-05,1548.161972,-0.025028,6.602343e-02,1.801465e+11,6.679118e-06,6.524242e-02,-6.785080e+00,1.940409e+06,7.149664e-28,2.910122e-13,6.681819e-01,9.313226e-01,2.181689e+04,3.271240e+04,3.291260e+04,-1.691890e+02,5.575079e+01,-5.137179e+00
C IV 1548,6.066856e-06,1.543241e-05,2.149936e-05,1548.220285,0.033285,7.084833e-02,1.947426e+11,6.815365e-06,6.524242e-02,4.581262e+00,2.020381e+06,7.063082e-28,2.991123e-13,4.837092e-01,9.313226e-01,2.181689e+04,3.271338e+04,3.291260e+04,-1.600191e+02,3.910859e+01,-4.367132e-02
C IV 1548,5.905507e-06,-4.943080e-05,-4.352559e-05,1548.119614,-0.067386,7.495036e-02,2.091170e+11,7.083149e-06,6.524242e-02,-1.486784e+01,2.182267e+06,7.418693e-28,3.391394e-13,1.151891e+00,9.313226e-01,2.181689e+04,3.271338e+04,3.291162e+04,-1.625720e+02,5.099806e+01,-1.632390e+01
C IV 1548,5.521274e-06,-9.465907e-05,-8.913832e-05,1548.048997,-0.138003,2.033740e-04,1.325508e+10,7.394612e-06,6.524242e-02,-2.842296e+01,2.378406e+06,7.358422e-28,3.660713e-13,2.875543e-01,9.313226e-01,2.181689e+04,3.271338e+04,3.291064e+04,-1.516927e+02,5.622857e+01,-2.721686e+01
C IV 1548,5.425355e-06,-5.041155e-05,-4.498647e-05,1548.117353,-0.069647,1.498501e-03,9.738897e+10,7.374491e-06,6.524242e-02,-1.515949e+01,2.365480e+06,7.699813e-28,3.811744e-13,8.643368e-01,9.313226e-01,2.181689e+04,3.271436e+04,3.291064e+04,-1.591932e+02,4.678087e+01,-1.858421e+01
C IV 1548,5.137041e-06,-5.446334e-05,-4.932658e-05,1548.110633,-0.076367,1.007652e-04,6.712202e+09,7.557490e-06,6.524242e-02,-1.636268e+01,2.484336e+06,6.996750e-28,3.633613e-13,6.361574e-01,9.313226e-01,2.181689e+04,3.271436e+04,3.290967e+04,-1.377137e+02,4.001183e+01,-2.018229e+01
C IV 1548,4.924839e-06,-1.936050e-06,2.988780e-06,1548.191627,0.004627,5.485654e-04,3.752124e+10,7.761007e-06,6.524242e-02,-6.075716e-01,2.619939e+06,6.247320e-28,3.418384e-13,4.226604e-01,9.313226e-01,2.181787e+04,3.271436e+04,3.290967e+04,-1.221987e+02,3.675165e+01,-7.519398e-01
C IV 1548,4.783854e-06,4.976252e-05,5.454662e-05,1548.271448,0.084448,1.398383e-04,9.335079e+09,7.574372e-06,6.524242e-02,1.488103e+01,2.495447e+06,6.964639e-28,3.632000e-13,9.307326e-02,9.313226e-01,2.181787e+04,3.271533e+04,3.290967e+04,-1.457759e+02,3.250906e+01,1.072230e+01
C IV 1548,4.752807e-06,3.983685e-05,4.458984e-05,1548.256033,0.069033,2.741787e-04,1.876442e+10,7.766355e-06,6.524242e-02,1.192047e+01,2.623551e+06,6.281918e-28,3.440584e-13,1.151891e+00,9.313226e-01,2.181787e+04,3.271533e+04,3.290869e+04,-1.131882e+02,2.268790e+01,7.227471e+00
C IV 1548,4.368574e-06,2.556402e-05,2.993270e-05,1548.233341,0.046341,4.789331e-04,3.303228e+10,7.826616e-06,6.524242e-02,7.651821e+00,2.664423e+06,5.975634e-28,3.323657e-13,6.781902e-01,9.313226e-01,2.181787e+04,3.271533e+04,3.290771e+04,-8.465845e+01,8.554928e+00,-1.125075e+00
C IV 1548,4.142352e-06,6.121971e-05,6.536231e-05,1548.288193,0.101193,7.387929e-04,4.816394e+10,7.397018e-06,6.524242e-02,1.833395e+01,2.379954e+06,6.960210e-28,3.460351e-13,4.737008e-01,9.313226e-01,2.181787e+04,3.271631e+04,3.290771e+04,-1.073428e+02,2.953257e+00,4.026826e+00
C IV 1548,3.984341e-06,2.506848e-05,2.905292e-05,1548.231979,0.044979,3.541738e-02,1.556578e+11,7.241973e-06,6.524242e-02,7.497769e+00,2.281229e+06,7.250423e-28,3.457787e-13,1.151891e+00,9.313226e-01,2.181787e+04,3.271631e+04,3.290674e+04,-1.013273e+02,-8.083510e+00,-1.428006e+01
C IV 1548,3.600108e-06,-6.295598e-06,-2.695512e-06,1548.182827,-0.004173,8.226343e-04,5.014084e+10,6.915859e-06,6.524242e-02,-1.909998e+00,2.080403e+06,7.814059e-28,3.401361e-13,2.975627e-01,1.164153e-01,2.181812e+04,3.271655e+04,3.290601e+04,-1.129903e+02,-7.639052e+00,-2.721497e+01
C IV 1548,3.500851e-06,1.195671e-05,1.545760e-05,1548.210931,0.023931,7.822888e-04,4.575419e+10,6.634935e-06,6.524242e-02,3.556963e+00,1.914822e+06,8.295952e-28,3.326030e-13,2.783829e-01,1.164153e-01,2.181812e+04,3.271704e+04,3.290601e+04,-1.252996e+02,-1.254585e+01,-2.592640e+01
C IV 1548,3.407992e-06,3.613503e-07,3.769343e-06,1548.192836,0.005836,1.105033e-03,6.396633e+10,6.567771e-06,6.524242e-02,7.827750e-02,1.876252e+06,8.647799e-28,3.398996e-13,5.759455e-01,1.164153e-01,2.181812e+04,3.271704e+04,3.290552e+04,-1.292422e+02,-1.576115e+01,-3.266682e+01
C IV 1548,3.215875e-06,-8.957699e-06,-5.741853e-06,1548.178111,-0.008889,1.138972e-04,6.522069e+09,6.496472e-06,6.524242e-02,-2.717072e+00,1.835736e+06,9.149562e-28,3.520021e-13,1.072489e-01,1.164153e-01,2.181812e+04,3.271704e+04,3.290503e+04,-1.307597e+02,-1.951171e+01,-3.848428e+01
C IV 1548,3.180100e-06,1.709099e-05,2.027114e-05,1548.218384,0.031384,4.214904e-04,2.299022e+10,6.187624e-06,6.524242e-02,5.086286e+00,1.665340e+06,1.010458e-27,3.529568e-13,4.686966e-01,1.164153e-01,2.181812e+04,3.271753e+04,3.290503e+04,-1.431300e+02,-2.649376e+01,-3.569384e+01
C IV 1548,3.023759e-06,4.856709e-06,7.880483e-06,1548.199200,0.012200,1.798212e-04,9.892662e+09,6.240258e-06,6.524242e-02,1.417439e+00,1.693792e+06,1.073364e-27,3.812816e-13,4.928807e-01,1.164153e-01,2.181812e+04,3.271753e+04,3.290454e+04,-1.430304e+02,-2.993405e+01,-4.206399e+01
C IV 1548,2.859350e-06,2.787370e-05,3.073313e-05,1548.234581,0.047581,1.092804e-05,5.859520e+08,6.083608e-06,6.524242e-02,8.311898e+00,1.609821e+06,1.302593e-27,4.399062e-13,8.306488e-02,1.164153e-01,2.181812e+04,3.271802e+04,3.290454e+04,-1.548017e+02,-3.431379e+01,-3.867888e+01
C IV 1548,2.831642e-06,1.635362e-05,1.918531e-05,1548.216702,0.029702,1.936033e-05,1.052113e+09,6.165622e-06,6.524242e-02,4.857062e+00,1.653518e+06,1.525644e-27,5.290437e-13,1.090360e-01,1.164153e-01,2.181812e+04,3.271802e+04,3.290405e+04,-1.546134e+02,-3.793429e+01,-4.488856e+01
C IV 1548,2.795271e-06,-1.191236e-06,1.604032e-06,1548.189483,0.002483,6.468147e-05,3.606505e+09,6.324532e-06,6.524242e-02,-3.972681e-01,1.739851e+06,1.290511e-27,4.709421e-13,4.669096e-01,1.164153e-01,2.181860e+04,3.271802e+04,3.290405e+04,-1.475675e+02,-2.398249e+01,-4.145840e+01
C IV 1548,2.639526e-06,-1.203830e-05,-9.398808e-06,1548.172449,-0.014551,3.521132e-05,1.977985e+09,6.373205e-06,6.524242e-02,-3.645076e+00,1.766733e+06,1.280469e-27,4.742942e-13,3.025669e-01,1.164153e-01,2.181860e+04,3.271802e+04,3.290356e+04,-1.378321e+02,-2.562028e+01,-4.451373e+01
C IV 1548,2.538599e-06,1.177512e-05,1.431375e-05,1548.209160,0.022160,1.877681e-04,9.978903e+09,6.027972e-06,6.524242e-02,3.482474e+00,1.580511e+06,2.260074e-27,7.489482e-13,2.733787e-01,1.164153e-01,2.181860e+04,3.271851e+04,3.290356e+04,-1.603088e+02,-3.107931e+01,-4.343168e+01
C IV 1548,2.447409e-06,-5.573153e-06,-3.125758e-06,1548.182161,-0.004839,5.231377e-04,2.832877e+10,6.143282e-06,6.524242e-02,-1.711053e+00,1.641557e+06,1.883603e-27,6.479336e-13,5.759455e-01,1.164153e-01,2.181860e+04,3.271851e+04,3.290308e+04,-1.453578e+02,-2.980225e+01,-4.609516e+01
C IV 1548,2.255293e-06,-2.326517e-05,-2.100993e-05,1548.154473,-0.032527,1.288826e-04,7.141359e+09,6.286950e-06,6.524242e-02,-7.013143e+00,1.719234e+06,1.715609e-27,6.180398e-13,1.122531e-01,1.164153e-01,2.181860e+04,3.271851e+04,3.290259e+04,-1.405106e+02,-2.774034e+01,-5.023960e+01
C IV 1548,2.217849e-06,1.180396e-05,1.402184e-05,1548.208708,0.021708,1.718354e-03,8.671883e+10,5.724060e-06,6.524242e-02,3.489487e+00,1.425160e+06,2.812551e-27,8.397402e-13,4.636924e-01,1.164153e-01,2.181860e+04,3.271899e+04,3.290259e+04,-1.616642e+02,-3.542027e+01,-4.626801e+01
C IV 1548,2.063176e-06,-1.720798e-05,-1.514484e-05,1548.163553,-0.023447,1.559575e-03,8.237921e+10,5.992832e-06,6.524242e-02,-5.216437e+00,1.562138e+06,3.353080e-27,1.097968e-12,4.978848e-01,1.164153e-01,2.181860e+04,3.271899e+04,3.290210e+04,-1.747094e+02,-3.019568e+01,-5.576138e+01
C IV 1548,1.897098e-06,2.375597e-05,2.565312e-05,1548.226716,0.039716,4.418987e-04,2.146545e+10,5.510490e-06,6.524242e-02,7.038165e+00,1.320795e+06,5.828210e-27,1.612765e-12,7.806069e-02,1.164153e-01,2.181860e+04,3.271948e+04,3.290210e+04,-2.154090e+02,-3.424240e+01,-5.107377e+01
C IV 1548,1.871059e-06,1.523483e-06,3.394545e-06,1548.192255,0.005255,1.351429e-03,6.863273e+10,5.760979e-06,6.524242e-02,3.382187e-01,1.443603e+06,8.404876e-27,2.544885e-12,4.214208e-01,1.164153e-01,2.181860e+04,3.271948e+04,3.290161e+04,-2.577180e+02,-2.724199e+01,-6.241737e+01
C IV 1548,1.730487e-06,1.080454e-05,1.253505e-05,1548.206407,0.019407,3.290846e-04,1.680934e+10,5.794948e-06,6.524242e-02,3.120513e+00,1.460677e+06,8.735246e-27,2.676070e-12,1.545248e-01,1.164153e-01,2.181909e+04,3.271948e+04,3.290161e+04,-2.620932e+02,-8.194012e+00,-4.851599e+01
C IV 1548,1.678943e-06,1.887555e-05,2.055452e-05,1548.218822,0.031822,3.591018e-04,1.889671e+10,5.968876e-06,6.524242e-02,5.514541e+00,1.549674e+06,1.100039e-26,3.578650e-12,3.075711e-01,1.164153e-01,2.181909e+04,3.271948e+04,3.290112e+04,-2.903958e+02,-4.728589e-01,-4.617407e+01
C IV 1548,1.576347e-06,8.323409e-05,8.481057e-05,1548.318303,0.131303,3.939285e-04,1.995615e+10,5.746305e-06,6.524242e-02,2.475261e+01,1.436258e+06,1.466778e-26,4.422221e-12,2.683745e-01,1.164153e-01,2.181909e+04,3.271997e+04,3.290112e+04,-3.447470e+02,-3.904867e+00,-3.534417e+01
C IV 1548,1.486826e-06,1.039747e-04,1.054617e-04,1548.350274,0.163274,1.109083e-03,5.696573e+10,5.825006e-06,6.524242e-02,3.093508e+01,1.475869e+06,1.929668e-26,5.982181e-12,5.759455e-01,1.164153e-01,2.181909e+04,3.271997e+04,3.290063e+04,-3.749696e+02,9.366572e+00,-2.555567e+01
C IV 1548,1.294710e-06,1.089352e-04,1.102301e-04,1548.357657,0.170657,3.641647e-04,1.914979e+10,5.965505e-06,6.524242e-02,3.244579e+01,1.547924e+06,1.761431e-26,5.727933e-12,1.172573e-01,1.164153e-01,2.181909e+04,3.271997e+04,3.290015e+04,-3.559536e+02,1.248429e+01,-1.847531e+01
C IV 1548,1.255597e-06,1.066710e-04,1.079268e-04,1548.354091,0.167091,1.300255e-03,6.889883e+10,6.011948e-06,6.524242e-02,3.179859e+01,1.572119e+06,1.604961e-26,5.301993e-12,4.586882e-01,1.164153e-01,2.181909e+04,3.272046e+04,3.290015e+04,-3.283865e+02,1.722552e+01,-1.142504e+01
C IV 1548,1.102593e-06,6.290751e-05,6.401017e-05,1548.286100,0.099100,1.570805e-03,8.595703e+10,6.208709e-06,6.524242e-02,1.875744e+01,1.676709e+06,8.550962e-27,3.010689e-12,5.028890e-01,1.164153e-01,2.181909e+04,3.272046e+04,3.289966e+04,-2.462495e+02,1.078973e+01,-1.584254e+01
C IV 1548,9.348461e-07,5.027301e-05,5.120790e-05,1548.266279,0.079279,1.420085e-04,7.707705e+09,6.158095e-06,6.524242e-02,1.500747e+01,1.649483e+06,4.786484e-27,1.658683e-12,7.305649e-02,1.164153e-01,2.181909e+04,3.272095e+04,3.289966e+04,-1.952915e+02,9.809638e+00,-1.165857e+01
C IV 1548,9.104768e-07,1.439863e-05,1.530912e-05,1548.210701,0.023701,9.408317e-04,5.295189e+10,6.384223e-06,6.524242e-02,4.271161e+00,1.772847e+06,2.555492e-27,9.512453e-13,5.759455e-01,1.164153e-01,2.181909e+04,3.272095e+04,3.289917e+04,-1.637165e+02,1.111817e+01,-1.784167e+01
C IV 1548,7.183603e-07,-1.326648e-05,-1.254813e-05,1548.167573,-0.019427,2.702345e-04,1.576966e+10,6.620863e-06,6.524242e-02,-4.020741e+00,1.906708e+06,2.285772e-27,9.145791e-13,1.578600e-01,1.164153e-01,2.181909e+04,3.272095e+04,3.289868e+04,-1.590250e+02,1.377466e+01,-2.518467e+01
C IV 1548,6.657034e-07,-8.834506e-06,-8.168808e-06,1548.174353,-0.012647,2.000470e-04,1.184438e+10,6.718257e-06,6.524242e-02,-2.686434e+00,1.963217e+06,1.827245e-27,7.527670e-13,1.547152e-01,1.164153e-01,2.181958e+04,3.272095e+04,3.289868e+04,-1.478994e+02,2.540602e+01,-1.463672e+01
C IV 1548,6.140954e-07,-1.540132e-06,-9.260376e-07,1548.185566,-0.001434,2.008072e-04,1.160699e+10,6.558566e-06,6.524242e-02,-4.937005e-01,1.870996e+06,1.303316e-27,5.119420e-13,2.633703e-01,1.164153e-01,2.181958e+04,3.272144e+04,3.289868e+04,-1.358226e+02,2.500001e+01,-1.011451e+01
C IV 1548,5.262438e-07,-2.143194e-05,-2.090571e-05,1548.154634,-0.032366,2.676351e-04,1.597902e+10,6.774664e-06,6.524242e-02,-6.457335e+00,1.996322e+06,1.288046e-27,5.396595e-13,5.759455e-01,1.164153e-01,2.181958e+04,3.272144e+04,3.289819e+04,-1.354161e+02,2.668368e+01,-1.606705e+01
C IV 1548,3.341272e-07,-2.603341e-05,-2.569930e-05,1548.147213,-0.039787,2.773936e-05,1.675937e+09,6.855173e-06,6.524242e-02,-7.835988e+00,2.044052e+06,1.233149e-27,5.288906e-13,1.222615e-01,1.164153e-01,2.181958e+04,3.272144e+04,3.289771e+04,-1.334962e+02,2.583336e+01,-1.785613e+01
C IV 1548,2.933448e-07,-2.054708e-05,-2.025374e-05,1548.155643,-0.031357,9.113743e-05,5.389363e+09,6.709906e-06,6.524242e-02,-6.186902e+00,1.958340e+06,1.068816e-27,4.392516e-13,4.536841e-01,1.164153e-01,2.181958e+04,3.272192e+04,3.289771e+04,-1.241742e+02,2.348861e+01,-1.563343e+01
C IV 1548,1.420107e-07,-1.415009e-05,-1.400809e-05,1548.165313,-0.021687,3.756932e-05,2.221408e+09,6.709230e-06,6.524242e-02,-4.268267e+00,1.957945e+06,1.050875e-27,4.316253e-13,4.219016e-01,1.164153e-01,2.181958e+04,3.272192e+04,3.289722e+04,-1.225077e+02,2.227624e+01,-1.379580e+01
Ly a,1.009645e-05,1.393465e-04,1.494444e-04,1215.851675,0.181675,2.194798e+03,4.032030e+15,2.715945e-05,4.592765e+00,4.165986e+01,2.692548e+06,6.604963e-28,3.703749e-13,5.413861e-01,7.450581e+00,2.181543e+04,3.270605e+04,3.292285e+04,-2.588500e+02,3.766433e+01,2.499500e+01
Ly a,9.915864e-06,2.331978e-04,2.431160e-04,1215.965549,0.295549,1.485903e+03,2.729475e+15,2.879545e-05,4.592765e+00,6.982307e+01,3.026698e+06,5.380562e-28,3.392069e-13,5.037260e-01,7.450581e+00,2.181543e+04,3.270801e+04,3.292285e+04,-2.248909e+02,6.185401e+00,4.548711e+01
Ly a,9.747837e-06,1.299533e-04,1.397024e-04,1215.839832,0.169832,1.177882e+04,2.163891e+16,2.647591e-05,4.592765e+00,3.881583e+01,2.558723e+06,8.334266e-28,4.445138e-13,2.303782e+00,7.450581e+00,2.181543e+04,3.270801e+04,3.292090e+04,-2.871014e+02,5.261405e+01,2.549731e+01
Ly a,8.979371e-06,3.755524e-05,4.653495e-05,1215.726571,0.056571,3.120443e+03,5.733127e+15,2.304364e-05,4.592765e+00,1.118312e+01,1.938312e+06,6.360685e-28,2.575487e-13,1.038801e+00,7.450581e+00,2.181543e+04,3.270801e+04,3.291895e+04,-2.033227e+02,6.195852e+01,1.361647e+01
Ly a,8.632861e-06,6.333296e-05,7.196637e-05,1215.757487,0.087487,9.341185e+03,1.716193e+16,2.282181e-05,4.592765e+00,1.886796e+01,1.901174e+06,1.070233e-27,4.251176e-13,1.264981e+00,7.450581e+00,2.181543e+04,3.270996e+04,3.291895e+04,-2.618903e+02,5.099013e+01,5.544185e+00
Ly a,8.210905e-06,1.760437e-05,2.581542e-05,1215.701383,0.031383,2.780493e+03,5.108648e+15,2.182835e-05,4.592765e+00,5.196592e+00,1.739255e+06,8.287605e-28,3.016964e-13,6.581735e-01,9.313226e-01,2.181592e+04,3.270947e+04,3.291748e+04,-2.108078e+02,6.419731e+01,6.545575e+00
Ly a,7.991360e-06,5.712251e-05,6.511433e-05,1215.749158,0.079158,2.607025e+03,4.789744e+15,2.215636e-05,4.592765e+00,1.703253e+01,1.791918e+06,9.286969e-28,3.482155e-13,4.937176e-01,9.313226e-01,2.181592e+04,3.271045e+04,3.291748e+04,-2.309719e+02,4.477822e+01,5.237079e+00
Ly a,7.826672e-06,1.651718e-05,2.434398e-05,1215.699594,0.029594,4.389802e+03,8.065471e+15,2.220683e-05,4.592765e+00,4.882270e+00,1.800092e+06,7.944872e-28,2.994903e-13,1.151891e+00,9.313226e-01,2.181592e+04,3.271045e+04,3.291650e+04,-1.971344e+02,5.271976e+01,1.767291e+00
Ly a,7.442439e-06,-5.567043e-05,-4.822840e-05,1215.611370,-0.058630,1.154674e+03,2.121660e+15,2.170157e-05,4.592765e+00,-1.675619e+01,1.719111e+06,8.298431e-28,2.989578e-13,2.775459e-01,9.313226e-01,2.181592e+04,3.271045e+04,3.291553e+04,-1.856398e+02,7.343985e+01,-9.271625e+00
Ly a,7.349859e-06,-5.022340e-05,-4.287391e-05,1215.617879,-0.052121,5.368940e+03,9.865124e+15,2.231435e-05,4.592765e+00,-1.513218e+01,1.817565e+06,9.663437e-28,3.678593e-13,8.743452e-01,9.313226e-01,2.181592e+04,3.271143e+04,3.291553e+04,-2.023867e+02,6.405132e+01,-1.600100e+01
Ly a,7.058206e-06,-1.453425e-04,-1.382853e-04,1215.501891,-0.168109,9.540362e+01,1.753155e+14,2.168028e-05,4.592765e+00,-4.367118e+01,1.715740e+06,1.179194e-27,4.240975e-13,1.138785e-02,9.313226e-01,2.181592e+04,3.271143e+04,3.291455e+04,-2.207033e+02,9.637205e+01,-3.360982e+01
Ly a,7.054407e-06,-2.315257e-05,-1.609833e-05,1215.650430,-0.019570,3.645276e+03,6.697809e+15,2.197001e-05,4.592765e+00,-6.997306e+00,1.761902e+06,7.708943e-28,2.847420e-13,1.037422e+00,9.313226e-01,2.181689e+04,3.271143e+04,3.291455e+04,-1.730153e+02,6.198282e+01,-2.345145e+00
Ly a,6.708357e-06,3.920789e-05,4.591651e-05,1215.725819,0.055819,2.935716e+02,5.393733e+14,2.234835e-05,4.592765e+00,1.170897e+01,1.823108e+06,7.015625e-28,2.679267e-13,1.030816e-01,9.313226e-01,2.181689e+04,3.271240e+04,3.291455e+04,-1.594493e+02,4.032115e+01,9.192808e+00
Ly a,6.673973e-06,3.076061e-06,9.750054e-06,1215.681853,0.011853,2.924992e+03,5.374225e+15,2.244223e-05,4.592765e+00,8.708161e-01,1.838456e+06,7.394433e-28,2.850759e-13,1.151891e+00,9.313226e-01,2.181689e+04,3.271240e+04,3.291357e+04,-1.677852e+02,5.140611e+01,1.544220e+00
Ly a,6.289740e-06,-2.245591e-05,-1.616631e-05,1215.650347,-0.019653,1.018599e+03,1.871569e+15,2.305610e-05,4.592765e+00,-6.785080e+00,1.940409e+06,7.149664e-28,2.910122e-13,6.681819e-01,9.313226e-01,2.181689e+04,3.271240e+04,3.291260e+04,-1.691890e+02,5.575079e+01,-5.137179e+00
Ly a,6.066856e-06,1.543241e-05,2.149936e-05,1215.696136,0.026136,6.478393e+02,1.190292e+15,2.352642e-05,4.592765e+00,4.581262e+00,2.020381e+06,7.063082e-28,2.991123e-13,4.837092e-01,9.313226e-01,2.181689e+04,3.271338e+04,3.291260e+04,-1.600191e+02,3.910859e+01,-4.367132e-02
Ly a,5.905507e-06,-4.943080e-05,-4.352559e-05,1215.617087,-0.052913,1.733023e+03,3.184341e+15,2.445081e-05,4.592765e+00,-1.486784e+01,2.182267e+06,7.418693e-28,3.391394e-13,1.151891e+00,9.313226e-01,2.181689e+04,3.271338e+04,3.291162e+04,-1.625720e+02,5.099806e+01,-1.632390e+01
Ly a,5.521274e-06,-9.465907e-05,-8.913832e-05,1215.561637,-0.108363,4.555026e+02,8.370042e+14,2.552597e-05,4.592765e+00,-2.842296e+01,2.378406e+06,7.358422e-28,3.660713e-13,2.875543e-01,9.313226e-01,2.181689e+04,3.271338e+04,3.291064e+04,-1.516927e+02,5.622857e+01,-2.721686e+01
Ly a,5.425355e-06,-5.041155e-05,-4.498647e-05,1215.615311,-0.054689,1.778061e+03,3.267112e+15,2.545651e-05,4.592765e+00,-1.515949e+01,2.365480e+06,7.699813e-28,3.811744e-13,8.643368e-01,9.313226e-01,2.181689e+04,3.271436e+04,3.291064e+04,-1.591932e+02,4.678087e+01,-1.858421e+01
Ly a,5.137041e-06,-5.446334e-05,-4.932658e-05,1215.610035,-0.059965,9.911156e+02,1.821149e+15,2.608822e-05,4.592765e+00,-1.636268e+01,2.484336e+06,6.996750e-28,3.633613e-13,6.361574e-01,9.313226e-01,2.181689e+04,3.271436e+04,3.290967e+04,-1.377137e+02,4.001183e+01,-2.018229e+01
Ly a,4.924839e-06,-1.936050e-06,2.988780e-06,1215.673633,0.003633,4.912955e+02,9.027018e+14,2.679075e-05,4.592765e+00,-6.075716e-01,2.619939e+06,6.247320e-28,3.418384e-13,4.226604e-01,9.313226e-01,2.181787e+04,3.271436e+04,3.290967e+04,-1.221987e+02,3.675165e+01,-7.519398e-01
Ly a,4.783854e-06,4.976252e-05,5.454662e-05,1215.736311,0.066311,1.623360e+02,2.982573e+14,2.614649e-05,4.592765e+00,1.488103e+01,2.495447e+06,6.964639e-28,3.632000e-13,9.307326e-02,9.313226e-01,2.181787e+04,3.271533e+04,3.290967e+04,-1.457759e+02,3.250906e+01,1.072230e+01
Ly a,4.752807e-06,3.983685e-05,4.458984e-05,1215.724207,0.054207,1.183802e+03,2.175017e+15,2.680921e-05,4.592765e+00,1.192047e+01,2.623551e+06,6.281918e-28,3.440584e-13,1.151891e+00,9.313226e-01,2.181787e+04,3.271533e+04,3.290869e+04,-1.131882e+02,2.268790e+01,7.227471e+00
Ly a,4.368574e-06,2.556402e-05,2.993270e-05,1215.706388,0.036388,3.231207e+02,5.936849e+14,2.701723e-05,4.592765e+00,7.651821e+00,2.664423e+06,5.975634e-28,3.323657e-13,6.781902e-01,9.313226e-01,2.181787e+04,3.271533e+04,3.290771e+04,-8.465845e+01,8.554928e+00,-1.125075e+00
Ly a,4.142352e-06,6.121971e-05,6.536231e-05,1215.749459,0.079459,3.568511e+02,6.556268e+14,2.553427e-05,4.592765e+00,1.833395e+01,2.379954e+06,6.960210e-28,3.460351e-13,4.737008e-01,9.313226e-01,2.181787e+04,3.271631e+04,3.290771e+04,-1.073428e+02,2.953257e+00,4.026826e+00
Ly a,3.984341e-06,2.506848e-05,2.905292e-05,1215.705319,0.035319,5.677908e+02,1.043213e+15,2.499906e-05,4.592765e+00,7.497769e+00,2.281229e+06,7.250423e-28,3.457787e-13,1.151891e+00,9.313226e-01,2.181787e+04,3.271631e+04,3.290674e+04,-1.013273e+02,-8.083510e+00,-1.428006e+01
Ly a,3.600108e-06,-6.295598e-06,-2.695512e-06,1215.666723,-0.003277,1.575322e+02,2.894451e+14,2.387333e-05,4.592765e+00,-1.909998e+00,2.080403e+06,7.814059e-28,3.401361e-13,2.975627e-01,1.164153e-01,2.181812e+04,3.271655e+04,3.290601e+04,-1.129903e+02,-7.639052e+00,-2.721497e+01
Ly a,3.500851e-06,1.195671e-05,1.545760e-05,1215.688791,0.018791,1.585424e+02,2.912958e+14,2.290359e-05,4.592765e+00,3.556963e+00,1.914822e+06,8.295952e-28,3.326030e-13,2.783829e-01,1.164153e-01,2.181812e+04,3.271704e+04,3.290601e+04,-1.252996e+02,-1.254585e+01,-2.592640e+01
Ly a,3.407992e-06,3.613503e-07,3.769343e-06,1215.674582,0.004582,4.253499e+02,7.815201e+14,2.267174e-05,4.592765e+00,7.827750e-02,1.876252e+06,8.647799e-28,3.398996e-13,5.759455e-01,1.164153e-01,2.181812e+04,3.271704e+04,3.290552e+04,-1.292422e+02,-1.576115e+01,-3.266682e+01
Ly a,3.215875e-06,-8.957699e-06,-5.741853e-06,1215.663020,-0.006980,1.325990e+02,2.436342e+14,2.242562e-05,4.592765e+00,-2.717072e+00,1.835736e+06,9.149562e-28,3.520021e-13,1.072489e-01,1.164153e-01,2.181812e+04,3.271704e+04,3.290503e+04,-1.307597e+02,-1.951171e+01,-3.848428e+01
Ly a,3.180100e-06,1.709099e-05,2.027114e-05,1215.694643,0.024643,1.425355e+03,2.618843e+15,2.135948e-05,4.592765e+00,5.086286e+00,1.665340e+06,1.010458e-27,3.529568e-13,4.686966e-01,1.164153e-01,2.181812e+04,3.271753e+04,3.290503e+04,-1.431300e+02,-2.649376e+01,-3.569384e+01
Ly a,3.023759e-06,4.856709e-06,7.880483e-06,1215.679580,0.009580,1.506489e+03,2.767948e+15,2.154117e-05,4.592765e+00,1.417439e+00,1.693792e+06,1.073364e-27,3.812816e-13,4.928807e-01,1.164153e-01,2.181812e+04,3.271753e+04,3.290454e+04,-1.430304e+02,-2.993405e+01,-4.206399e+01
Ly a,2.859350e-06,2.787370e-05,3.073313e-05,1215.707361,0.037361,1.250758e+03,2.298028e+15,2.100042e-05,4.592765e+00,8.311898e+00,1.609821e+06,1.302593e-27,4.399062e-13,8.306488e-02,1.164153e-01,2.181812e+04,3.271802e+04,3.290454e+04,-1.548017e+02,-3.431379e+01,-3.867888e+01
Ly a,2.831642e-06,1.635362e-05,1.918531e-05,1215.693323,0.023323,3.319468e+03,6.098955e+15,2.128353e-05,4.592765e+00,4.857062e+00,1.653518e+06,1.525644e-27,5.290437e-13,1.090360e-01,1.164153e-01,2.181812e+04,3.271802e+04,3.290405e+04,-1.546134e+02,-3.793429e+01,-4.488856e+01
Ly a,2.795271e-06,-1.191236e-06,1.604032e-06,1215.671950,0.001950,7.662136e+03,1.407812e+16,2.183209e-05,4.592765e+00,-3.972681e-01,1.739851e+06,1.290511e-27,4.709421e-13,4.669096e-01,1.164153e-01,2.181860e+04,3.271802e+04,3.290405e+04,-1.475675e+02,-2.398249e+01,-4.145840e+01
Ly a,2.639526e-06,-1.203830e-05,-9.398808e-06,1215.658574,-0.011426,4.527319e+03,8.318413e+15,2.200010e-05,4.592765e+00,-3.645076e+00,1.766733e+06,1.280469e-27,4.742942e-13,3.025669e-01,1.164153e-01,2.181860e+04,3.271802e+04,3.290356e+04,-1.378321e+02,-2.562028e+01,-4.451373e+01
Ly a,2.538599e-06,1.177512e-05,1.431375e-05,1215.687401,0.017401,2.599530e+04,4.776215e+16,2.080837e-05,4.592765e+00,3.482474e+00,1.580511e+06,2.260074e-27,7.489482e-13,2.733787e-01,1.164153e-01,2.181860e+04,3.271851e+04,3.290356e+04,-1.603088e+02,-3.107931e+01,-4.343168e+01
Ly a,2.447409e-06,-5.573153e-06,-3.125758e-06,1215.666200,-0.003800,3.383483e+04,6.216711e+16,2.120642e-05,4.592765e+00,-1.711053e+00,1.641557e+06,1.883603e-27,6.479336e-13,5.759455e-01,1.164153e-01,2.181860e+04,3.271851e+04,3.290308e+04,-1.453578e+02,-2.980225e+01,-4.609516e+01
Ly a,2.255293e-06,-2.326517e-05,-2.100993e-05,1215.644459,-0.025541,4.384152e+03,8.055455e+15,2.170235e-05,4.592765e+00,-7.013143e+00,1.719234e+06,1.715609e-27,6.180398e-13,1.122531e-01,1.164153e-01,2.181860e+04,3.271851e+04,3.290259e+04,-1.405106e+02,-2.774034e+01,-5.023960e+01
Ly a,2.217849e-06,1.180396e-05,1.402184e-05,1215.687046,0.017046,5.879349e+04,1.080236e+17,1.975928e-05,4.592765e+00,3.489487e+00,1.425160e+06,2.812551e-27,8.397402e-13,4.636924e-01,1.164153e-01,2.181860e+04,3.271899e+04,3.290259e+04,-1.616642e+02,-3.542027e+01,-4.626801e+01
Ly a,2.063176e-06,-1.720798e-05,-1.514484e-05,1215.651589,-0.018411,8.811170e+04,1.618954e+17,2.068707e-05,4.592765e+00,-5.216437e+00,1.562138e+06,3.353080e-27,1.097968e-12,4.978848e-01,1.164153e-01,2.181860e+04,3.271899e+04,3.290210e+04,-1.747094e+02,-3.019568e+01,-5.576138e+01
Ly a,1.897098e-06,2.375597e-05,2.565312e-05,1215.701186,0.031186,3.191792e+04,5.864334e+16,1.902204e-05,4.592765e+00,7.038165e+00,1.320795e+06,5.828210e-27,1.612765e-12,7.806069e-02,1.164153e-01,2.181860e+04,3.271948e+04,3.290210e+04,-2.154090e+02,-3.424240e+01,-5.107377e+01
Ly a,1.871059e-06,1.523483e-06,3.394545e-06,1215.674127,0.004127,2.867494e+05,5.268600e+17,1.988672e-05,4.592765e+00,3.382187e-01,1.443603e+06,8.404876e-27,2.544885e-12,4.214208e-01,1.164153e-01,2.181860e+04,3.271948e+04,3.290161e+04,-2.577180e+02,-2.724199e+01,-6.241737e+01
Ly a,1.730487e-06,1.080454e-05,1.253505e-05,1215.685238,0.015238,1.133620e+05,2.082841e+17,2.000398e-05,4.592765e+00,3.120513e+00,1.460677e+06,8.735246e-27,2.676070e-12,1.545248e-01,1.164153e-01,2.181909e+04,3.271948e+04,3.290161e+04,-2.620932e+02,-8.194012e+00,-4.851599e+01
Ly a,1.678943e-06,1.887555e-05,2.055452e-05,1215.694988,0.024988,3.189064e+05,5.859337e+17,2.060437e-05,4.592765e+00,5.514541e+00,1.549674e+06,1.100039e-26,3.578650e-12,3.075711e-01,1.164153e-01,2.181909e+04,3.271948e+04,3.290112e+04,-2.903958e+02,-4.728589e-01,-4.617407e+01
Ly a,1.576347e-06,8.323409e-05,8.481057e-05,1215.773102,0.103102,3.968480e+05,7.290907e+17,1.983606e-05,4.592765e+00,2.475261e+01,1.436258e+06,1.466778e-26,4.422221e-12,2.683745e-01,1.164153e-01,2.181909e+04,3.271997e+04,3.290112e+04,-3.447470e+02,-3.904867e+00,-3.534417e+01
Ly a,1.486826e-06,1.039747e-04,1.054617e-04,1215.798207,0.128207,1.299296e+06,2.387020e+18,2.010774e-05,4.592765e+00,3.093508e+01,1.475869e+06,1.929668e-26,5.982181e-12,5.759455e-01,1.164153e-01,2.181909e+04,3.271997e+04,3.290063e+04,-3.749696e+02,9.366572e+00,-2.555567e+01
Ly a,1.294710e-06,1.089352e-04,1.102301e-04,1215.804003,0.134003,2.374038e+05,4.361481e+17,2.059274e-05,4.592765e+00,3.244579e+01,1.547924e+06,1.761431e-26,5.727933e-12,1.172573e-01,1.164153e-01,2.181909e+04,3.271997e+04,3.290015e+04,-3.559536e+02,1.248429e+01,-1.847531e+01
Ly a,1.255597e-06,1.066710e-04,1.079268e-04,1215.801203,0.131203,8.674660e+05,1.593673e+18,2.075305e-05,4.592765e+00,3.179859e+01,1.572119e+06,1.604961e-26,5.301993e-12,4.586882e-01,1.164153e-01,2.181909e+04,3.272046e+04,3.290015e+04,-3.283865e+02,1.722552e+01,-1.142504e+01
Ly a,1.102593e-06,6.290751e-05,6.401017e-05,1215.747815,0.077815,4.121733e+05,7.572621e+17,2.143227e-05,4.592765e+00,1.875744e+01,1.676709e+06,8.550962e-27,3.010689e-12,5.028890e-01,1.164153e-01,2.181909e+04,3.272046e+04,3.289966e+04,-2.462495e+02,1.078973e+01,-1.584254e+01
Ly a,9.348461e-07,5.027301e-05,5.120790e-05,1215.732252,0.062252,2.744660e+04,5.042682e+16,2.125755e-05,4.592765e+00,1.500747e+01,1.649483e+06,4.786484e-27,1.658683e-12,7.305649e-02,1.164153e-01,2.181909e+04,3.272095e+04,3.289966e+04,-1.952915e+02,9.809638e+00,-1.165857e+01
Ly a,9.104768e-07,1.439863e-05,1.530912e-05,1215.688611,0.018611,5.284944e+04,9.710194e+16,2.203814e-05,4.592765e+00,4.271161e+00,1.772847e+06,2.555492e-27,9.512453e-13,5.759455e-01,1.164153e-01,2.181909e+04,3.272095e+04,3.289917e+04,-1.637165e+02,1.111817e+01,-1.784167e+01
Ly a,7.183603e-07,-1.326648e-05,-1.254813e-05,1215.654746,-0.015254,9.683650e+03,1.779262e+16,2.285501e-05,4.592765e+00,-4.020741e+00,1.906708e+06,2.285772e-27,9.145791e-13,1.578600e-01,1.164153e-01,2.181909e+04,3.272095e+04,3.289868e+04,-1.590250e+02,1.377466e+01,-2.518467e+01
Ly a,6.657034e-07,-8.834506e-06,-8.168808e-06,1215.660069,-0.009931,5.885301e+03,1.081354e+16,2.319121e-05,4.592765e+00,-2.686434e+00,1.963217e+06,1.827245e-27,7.527670e-13,1.547152e-01,1.164153e-01,2.181958e+04,3.272095e+04,3.289868e+04,-1.478994e+02,2.540602e+01,-1.463672e+01
Ly a,6.140954e-07,-1.540132e-06,-9.260376e-07,1215.668874,-0.001126,1.602570e+03,2.944509e+15,2.263996e-05,4.592765e+00,-4.937005e-01,1.870996e+06,1.303316e-27,5.119420e-13,2.633703e-01,1.164153e-01,2.181958e+04,3.272144e+04,3.289868e+04,-1.358226e+02,2.500001e+01,-1.011451e+01
Ly a,5.262438e-07,-2.143194e-05,-2.090571e-05,1215.644586,-0.025414,4.357619e+03,8.006707e+15,2.338593e-05,4.592765e+00,-6.457335e+00,1.996322e+06,1.288046e-27,5.396595e-13,5.759455e-01,1.164153e-01,2.181958e+04,3.272144e+04,3.289819e+04,-1.354161e+02,2.668368e+01,-1.606705e+01
Ly a,3.341272e-07,-2.603341e-05,-2.569930e-05,1215.638758,-0.031242,6.860371e+02,1.260534e+15,2.366384e-05,4.592765e+00,-7.835988e+00,2.044052e+06,1.233149e-27,5.288906e-13,1.222615e-01,1.164153e-01,2.181958e+04,3.272144e+04,3.289771e+04,-1.334962e+02,2.583336e+01,-1.785613e+01
Ly a,2.933448e-07,-2.054708e-05,-2.025374e-05,1215.645378,-0.024622,1.322752e+02,2.430428e+14,2.316238e-05,4.592765e+00,-6.186902e+00,1.958340e+06,1.068816e-27,4.392516e-13,4.536841e-01,1.164153e-01,2.181958e+04,3.272192e+04,3.289771e+04,-1.241742e+02,2.348861e+01,-1.563343e+01
Ly a,1.420107e-07,-1.415009e-05,-1.400809e-05,1215.652971,-0.017029,1.557698e+01,2.862100e+13,2.316005e-05,4.592765e+00,-4.268267e+00,1.957945e+06,1.050875e-27,4.316253e-13,4.219016e-01,1.164153e-01,2.181958e+04,3.272192e+04,3.289722e+04,-1.225077e+02,2.227624e+01,-1.379580e+01
Si II 1193,1.009645e-05,1.393465e-04,1.494444e-04,1193.468330,0.178330,1.986780e-03,3.868869e+10,5.145140e-06,4.765207e-01,4.165986e+01,2.692548e+06,6.604963e-28,3.703749e-13,5.413861e-01,7.450581e+00,2.181543e+04,3.270605e+04,3.292285e+04,-2.588500e+02,3.766433e+01,2.499500e+01
Si II 1193,9.915864e-06,2.331978e-04,2.431160e-04,1193.580108,0.290108,1.731403e-02,4.801106e+10,5.455067e-06,4.765207e-01,6.982307e+01,3.026698e+06,5.380562e-28,3.392069e-13,5.037260e-01,7.450581e+00,2.181543e+04,3.270801e+04,3.292285e+04,-2.248909e+02,6.185401e+00,4.548711e+01
Si II 1193,9.747837e-06,1.299533e-04,1.397024e-04,1193.456705,0.166705,1.297724e+00,1.796808e+12,5.015650e-06,4.765207e-01,3.881583e+01,2.558723e+06,8.334266e-28,4.445138e-13,2.303782e+00,7.450581e+00,2.181543e+04,3.270801e+04,3.292090e+04,-2.871014e+02,5.261405e+01,2.549731e+01
Si II 1193,8.979371e-06,3.755524e-05,4.653495e-05,1193.345530,0.055530,9.841752e-01,1.359102e+12,4.365434e-06,4.765207e-01,1.118312e+01,1.938312e+06,6.360685e-28,2.575487e-13,1.038801e+00,7.450581e+00,2.181543e+04,3.270801e+04,3.291895e+04,-2.033227e+02,6.195852e+01,1.361647e+01
Si II 1193,8.632861e-06,6.333296e-05,7.196637e-05,1193.375877,0.085877,3.684654e+00,5.087763e+12,4.323410e-06,4.765207e-01,1.886796e+01,1.901174e+06,1.070233e-27,4.251176e-13,1.264981e+00,7.450581e+00,2.181543e+04,3.270996e+04,3.291895e+04,-2.618903e+02,5.099013e+01,5.544185e+00
Si II 1193,8.210905e-06,1.760437e-05,2.581542e-05,1193.320805,0.030805,9.954350e-01,1.374140e+12,4.135206e-06,4.765207e-01,5.196592e+00,1.739255e+06,8.287605e-28,3.016964e-13,6.581735e-01,9.313226e-01,2.181592e+04,3.270947e+04,3.291748e+04,-2.108078e+02,6.419731e+01,6.545575e+00
Si II 1193,7.991360e-06,5.712251e-05,6.511433e-05,1193.367700,0.077700,8.572533e-01,1.183442e+12,4.197345e-06,4.765207e-01,1.703253e+01,1.791918e+06,9.286969e-28,3.482155e-13,4.937176e-01,9.313226e-01,2.181592e+04,3.271045e+04,3.291748e+04,-2.309719e+02,4.477822e+01,5.237079e+00
Si II 1193,7.826672e-06,1.651718e-05,2.434398e-05,1193.319049,0.029049,1.209484e+00,1.669797e+12,4.206907e-06,4.765207e-01,4.882270e+00,1.800092e+06,7.944872e-28,2.994903e-13,1.151891e+00,9.313226e-01,2.181592e+04,3.271045e+04,3.291650e+04,-1.971344e+02,5.271976e+01,1.767291e+00
Si II 1193,7.442439e-06,-5.567043e-05,-4.822840e-05,1193.232450,-0.057550,2.087337e-01,2.881563e+11,4.111189e-06,4.765207e-01,-1.675619e+01,1.719111e+06,8.298431e-28,2.989578e-13,2.775459e-01,9.313226e-01,2.181592e+04,3.271045e+04,3.291553e+04,-1.856398e+02,7.343985e+01,-9.271625e+00
Si II 1193,7.349859e-06,-5.022340e-05,-4.287391e-05,1193.238839,-0.051161,8.664027e-01,1.196261e+12,4.227275e-06,4.765207e-01,-1.513218e+01,1.817565e+06,9.663437e-28,3.678593e-13,8.743452e-01,9.313226e-01,2.181592e+04,3.271143e+04,3.291553e+04,-2.023867e+02,6.405132e+01,-1.600100e+01
Si II 1193,7.058206e-06,-1.453425e-04,-1.382853e-04,1193.124986,-0.165014,1.093289e-03,1.699992e+10,4.107156e-06,4.765207e-01,-4.367118e+01,1.715740e+06,1.179194e-27,4.240975e-13,1.138785e-02,9.313226e-01,2.181592e+04,3.271143e+04,3.291455e+04,-2.207033e+02,9.637205e+01,-3.360982e+01
Si II 1193,7.054407e-06,-2.315257e-05,-1.609833e-05,1193.270790,-0.019210,6.250578e-01,8.629234e+11,4.162042e-06,4.765207e-01,-6.997306e+00,1.761902e+06,7.708943e-28,2.847420e-13,1.037422e+00,9.313226e-01,2.181689e+04,3.271143e+04,3.291455e+04,-1.730153e+02,6.198282e+01,-2.345145e+00
Si II 1193,6.708357e-06,3.920789e-05,4.591651e-05,1193.344792,0.054792,4.979845e-02,7.499498e+10,4.233716e-06,4.765207e-01,1.170897e+01,1.823108e+06,7.015625e-28,2.679267e-13,1.030816e-01,9.313226e-01,2.181689e+04,3.271240e+04,3.291455e+04,-1.594493e+02,4.032115e+01,9.192808e+00
Si II 1193,6.673973e-06,3.076061e-06,9.750054e-06,1193.301635,0.011635,5.341509e-01,7.375041e+11,4.251500e-06,4.765207e-01,8.708161e-01,1.838456e+06,7.394433e-28,2.850759e-13,1.151891e+00,9.313226e-01,2.181689e+04,3.271240e+04,3.291357e+04,-1.677852e+02,5.140611e+01,1.544220e+00
Si II 1193,6.289740e-06,-2.245591e-05,-1.616631e-05,1193.270709,-0.019291,1.456150e-01,2.011032e+11,4.367794e-06,4.765207e-01,-6.785080e+00,1.940409e+06,7.149664e-28,2.910122e-13,6.681819e-01,9.313226e-01,2.181689e+04,3.271240e+04,3.291260e+04,-1.691890e+02,5.575079e+01,-5.137179e+00
Si II 1193,6.066856e-06,1.543241e-05,2.149936e-05,1193.315655,0.025655,1.171219e-01,1.617801e+11,4.456893e-06,4.765207e-01,4.581262e+00,2.020381e+06,7.063082e-28,2.991123e-13,4.837092e-01,9.313226e-01,2.181689e+04,3.271338e+04,3.291260e+04,-1.600191e+02,3.910859e+01,-4.367132e-02
Si II 1193,5.905507e-06,-4.943080e-05,-4.352559e-05,1193.238061,-0.051939,1.115640e-01,1.541991e+11,4.632009e-06,4.765207e-01,-1.486784e+01,2.182267e+06,7.418693e-28,3.391394e-13,1.151891e+00,9.313226e-01,2.181689e+04,3.271338e+04,3.291162e+04,-1.625720e+02,5.099806e+01,-1.632390e+01
Si II 1193,5.521274e-06,-9.465907e-05,-8.913832e-05,1193.183632,-0.106368,4.613128e-04,8.441393e+09,4.835690e-06,4.765207e-01,-2.842296e+01,2.378406e+06,7.358422e-28,3.660713e-13,2.875543e-01,9.313226e-01,2.181689e+04,3.271338e+04,3.291064e+04,-1.516927e+02,5.622857e+01,-2.721686e+01
Si II 1193,5.425355e-06,-5.041155e-05,-4.498647e-05,1193.236318,-0.053682,4.389584e-02,6.953908e+10,4.822532e-06,4.765207e-01,-1.515949e+01,2.365480e+06,7.699813e-28,3.811744e-13,8.643368e-01,9.313226e-01,2.181689e+04,3.271436e+04,3.291064e+04,-1.591932e+02,4.678087e+01,-1.858421e+01
Si II 1193,5.137041e-06,-5.446334e-05,-4.932658e-05,1193.231139,-0.058861,2.462654e-04,4.607835e+09,4.942204e-06,4.765207e-01,-1.636268e+01,2.484336e+06,6.996750e-28,3.633613e-13,6.361574e-01,9.313226e-01,2.181689e+04,3.271436e+04,3.290967e+04,-1.377137e+02,4.001183e+01,-2.018229e+01
Si II 1193,4.924839e-06,-1.936050e-06,2.988780e-06,1193.293566,0.003566,1.295203e-03,2.487129e+10,5.075293e-06,4.765207e-01,-6.075716e-01,2.619939e+06,6.247320e-28,3.418384e-13,4.226604e-01,9.313226e-01,2.181787e+04,3.271436e+04,3.290967e+04,-1.221987e+02,3.675165e+01,-7.519398e-01
Si II 1193,4.783854e-06,4.976252e-05,5.454662e-05,1193.355090,0.065090,3.368014e-04,6.311851e+09,4.953244e-06,4.765207e-01,1.488103e+01,2.495447e+06,6.964639e-28,3.632000e-13,9.307326e-02,9.313226e-01,2.181787e+04,3.271533e+04,3.290967e+04,-1.457759e+02,3.250906e+01,1.072230e+01
Si II 1193,4.752807e-06,3.983685e-05,4.458984e-05,1193.343209,0.053209,1.086598e-03,2.088084e+10,5.078791e-06,4.765207e-01,1.192047e+01,2.623551e+06,6.281918e-28,3.440584e-13,1.151891e+00,9.313226e-01,2.181787e+04,3.271533e+04,3.290869e+04,-1.131882e+02,2.268790e+01,7.227471e+00
Si II 1193,4.368574e-06,2.556402e-05,2.993270e-05,1193.325718,0.035718,1.610891e-02,4.228583e+10,5.118198e-06,4.765207e-01,7.651821e+00,2.664423e+06,5.975634e-28,3.323657e-13,6.781902e-01,9.313226e-01,2.181787e+04,3.271533e+04,3.290771e+04,-8.465845e+01,8.554928e+00,-1.125075e+00
Si II 1193,4.142352e-06,6.121971e-05,6.536231e-05,1193.367996,0.077996,3.879481e-02,6.154572e+10,4.837264e-06,4.765207e-01,1.833395e+01,2.379954e+06,6.960210e-28,3.460351e-13,4.737008e-01,9.313226e-01,2.181787e+04,3.271631e+04,3.290771e+04,-1.073428e+02,2.953257e+00,4.026826e+00
Si II 1193,3.984341e-06,2.506848e-05,2.905292e-05,1193.324669,0.034669,1.442041e-01,1.993804e+11,4.735872e-06,4.765207e-01,7.497769e+00,2.281229e+06,7.250423e-28,3.457787e-13,1.151891e+00,9.313226e-01,2.181787e+04,3.271631e+04,3.290674e+04,-1.013273e+02,-8.083510e+00,-1.428006e+01
Si II 1193,3.600108e-06,-6.295598e-06,-2.695512e-06,1193.286783,-0.003217,4.164464e-02,6.424277e+10,4.522611e-06,4.765207e-01,-1.909998e+00,2.080403e+06,7.814059e-28,3.401361e-13,2.975627e-01,1.164153e-01,2.181812e+04,3.271655e+04,3.290601e+04,-1.129903e+02,-7.639052e+00,-2.721497e+01
Si II 1193,3.500851e-06,1.195671e-05,1.545760e-05,1193.308445,0.018445,3.865725e-02,5.872930e+10,4.338901e-06,4.765207e-01,3.556963e+00,1.914822e+06,8.295952e-28,3.326030e-13,2.783829e-01,1.164153e-01,2.181812e+04,3.271704e+04,3.290601e+04,-1.252996e+02,-1.254585e+01,-2.592640e+01
Si II 1193,3.407992e-06,3.613503e-07,3.769343e-06,1193.294498,0.004498,5.567092e-02,8.425526e+10,4.294979e-06,4.765207e-01,7.827750e-02,1.876252e+06,8.647799e-28,3.398996e-13,5.759455e-01,1.164153e-01,2.181812e+04,3.271704e+04,3.290552e+04,-1.292422e+02,-1.576115e+01,-3.266682e+01
Si II 1193,3.215875e-06,-8.957699e-06,-5.741853e-06,1193.283148,-0.006852,5.826686e-04,9.372209e+09,4.248353e-06,4.765207e-01,-2.717072e+00,1.835736e+06,9.149562e-28,3.520021e-13,1.072489e-01,1.164153e-01,2.181812e+04,3.271704e+04,3.290503e+04,-1.307597e+02,-1.951171e+01,-3.848428e+01
Si II 1193,3.180100e-06,1.709099e-05,2.027114e-05,1193.314189,0.024189,3.507093e-02,5.205944e+10,4.046383e-06,4.765207e-01,5.086286e+00,1.665340e+06,1.010458e-27,3.529568e-13,4.686966e-01,1.164153e-01,2.181812e+04,3.271753e+04,3.290503e+04,-1.431300e+02,-2.649376e+01,-3.569384e+01
Si II 1193,3.023759e-06,4.856709e-06,7.880483e-06,1193.299404,0.009404,1.598681e-02,3.502345e+10,4.080803e-06,4.765207e-01,1.417439e+00,1.693792e+06,1.073364e-27,3.812816e-13,4.928807e-01,1.164153e-01,2.181812e+04,3.271753e+04,3.290454e+04,-1.430304e+02,-2.993405e+01,-4.206399e+01
Si II 1193,2.859350e-06,2.787370e-05,3.073313e-05,1193.326674,0.036674,5.495299e-02,8.116829e+10,3.978362e-06,4.765207e-01,8.311898e+00,1.609821e+06,1.302593e-27,4.399062e-13,8.306488e-02,1.164153e-01,2.181812e+04,3.271802e+04,3.290454e+04,-1.548017e+02,-3.431379e+01,-3.867888e+01
Si II 1193,2.831642e-06,1.635362e-05,1.918531e-05,1193.312894,0.022894,1.723344e-01,2.378703e+11,4.031995e-06,4.765207e-01,4.857062e+00,1.653518e+06,1.525644e-27,5.290437e-13,1.090360e-01,1.164153e-01,2.181812e+04,3.271802e+04,3.290405e+04,-1.546134e+02,-3.793429e+01,-4.488856e+01
Si II 1193,2.795271e-06,-1.191236e-06,1.604032e-06,1193.291914,0.001914,5.373177e-01,7.417526e+11,4.135914e-06,4.765207e-01,-3.972681e-01,1.739851e+06,1.290511e-27,4.709421e-13,4.669096e-01,1.164153e-01,2.181860e+04,3.271802e+04,3.290405e+04,-1.475675e+02,-2.398249e+01,-4.145840e+01
Si II 1193,2.639526e-06,-1.203830e-05,-9.398808e-06,1193.278784,-0.011216,3.340069e-01,4.611134e+11,4.167743e-06,4.765207e-01,-3.645076e+00,1.766733e+06,1.280469e-27,4.742942e-13,3.025669e-01,1.164153e-01,2.181860e+04,3.271802e+04,3.290356e+04,-1.378321e+02,-2.562028e+01,-4.451373e+01
Si II 1193,2.538599e-06,1.177512e-05,1.431375e-05,1193.307080,0.017080,2.216649e+00,3.059377e+12,3.941979e-06,4.765207e-01,3.482474e+00,1.580511e+06,2.260074e-27,7.489482e-13,2.733787e-01,1.164153e-01,2.181860e+04,3.271851e+04,3.290356e+04,-1.603088e+02,-3.107931e+01,-4.343168e+01
Si II 1193,2.447409e-06,-5.573153e-06,-3.125758e-06,1193.286270,-0.003730,6.311593e+00,8.711850e+12,4.017386e-06,4.765207e-01,-1.711053e+00,1.641557e+06,1.883603e-27,6.479336e-13,5.759455e-01,1.164153e-01,2.181860e+04,3.271851e+04,3.290308e+04,-1.453578e+02,-2.980225e+01,-4.609516e+01
Si II 1193,2.255293e-06,-2.326517e-05,-2.100993e-05,1193.264929,-0.025071,1.574880e+00,2.174054e+12,4.111337e-06,4.765207e-01,-7.013143e+00,1.719234e+06,1.715609e-27,6.180398e-13,1.122531e-01,1.164153e-01,2.181860e+04,3.271851e+04,3.290259e+04,-1.405106e+02,-2.774034e+01,-5.023960e+01
Si II 1193,2.217849e-06,1.180396e-05,1.402184e-05,1193.306732,0.016732,1.983504e+01,2.737285e+13,3.743237e-06,4.765207e-01,3.489487e+00,1.425160e+06,2.812551e-27,8.397402e-13,4.636924e-01,1.164153e-01,2.181860e+04,3.271899e+04,3.290259e+04,-1.616642e+02,-3.542027e+01,-4.626801e+01
Si II 1193,2.063176e-06,-1.720798e-05,-1.514484e-05,1193.271928,-0.018072,1.951401e+01,2.692503e+13,3.918999e-06,4.765207e-01,-5.216437e+00,1.562138e+06,3.353080e-27,1.097968e-12,4.978848e-01,1.164153e-01,2.181860e+04,3.271899e+04,3.290210e+04,-1.747094e+02,-3.019568e+01,-5.576138e+01
Si II 1193,1.897098e-06,2.375597e-05,2.565312e-05,1193.320612,0.030612,5.177721e+00,7.144990e+12,3.603573e-06,4.765207e-01,7.038165e+00,1.320795e+06,5.828210e-27,1.612765e-12,7.806069e-02,1.164153e-01,2.181860e+04,3.271948e+04,3.290210e+04,-2.154090e+02,-3.424240e+01,-5.107377e+01
Si II 1193,1.871059e-06,1.523483e-06,3.394545e-06,1193.294051,0.004051,1.909052e+01,2.634592e+13,3.767379e-06,4.765207e-01,3.382187e-01,1.443603e+06,8.404876e-27,2.544885e-12,4.214208e-01,1.164153e-01,2.181860e+04,3.271948e+04,3.290161e+04,-2.577180e+02,-2.724199e+01,-6.241737e+01
Si II 1193,1.730487e-06,1.080454e-05,1.253505e-05,1193.304958,0.014958,5.708762e+00,7.878402e+12,3.789593e-06,4.765207e-01,3.120513e+00,1.460677e+06,8.735246e-27,2.676070e-12,1.545248e-01,1.164153e-01,2.181909e+04,3.271948e+04,3.290161e+04,-2.620932e+02,-8.194012e+00,-4.851599e+01
Si II 1193,1.678943e-06,1.887555e-05,2.055452e-05,1193.314528,0.024528,9.963630e+00,1.375113e+13,3.903334e-06,4.765207e-01,5.514541e+00,1.549674e+06,1.100039e-26,3.578650e-12,3.075711e-01,1.164153e-01,2.181909e+04,3.271948e+04,3.290112e+04,-2.903958e+02,-4.728589e-01,-4.617407e+01
Si II 1193,1.576347e-06,8.323409e-05,8.481057e-05,1193.391204,0.101204,1.097101e+01,1.513931e+13,3.757784e-06,4.765207e-01,2.475261e+01,1.436258e+06,1.466778e-26,4.422221e-12,2.683745e-01,1.164153e-01,2.181909e+04,3.271997e+04,3.290112e+04,-3.447470e+02,-3.904867e+00,-3.534417e+01
Si II 1193,1.486826e-06,1.039747e-04,1.054617e-04,1193.415846,0.125846,4.067284e+01,5.611277e+13,3.809250e-06,4.765207e-01,3.093508e+01,1.475869e+06,1.929668e-26,5.982181e-12,5.759455e-01,1.164153e-01,2.181909e+04,3.271997e+04,3.290063e+04,-3.749696e+02,9.366572e+00,-2.555567e+01
Si II 1193,1.294710e-06,1.089352e-04,1.102301e-04,1193.421536,0.131536,9.880351e+00,1.363499e+13,3.901129e-06,4.765207e-01,3.244579e+01,1.547924e+06,1.761431e-26,5.727933e-12,1.172573e-01,1.164153e-01,2.181909e+04,3.271997e+04,3.290015e+04,-3.559536e+02,1.248429e+01,-1.847531e+01
Si II 1193,1.255597e-06,1.066710e-04,1.079268e-04,1193.418788,0.128788,4.056306e+01,5.596119e+13,3.931500e-06,4.765207e-01,3.179859e+01,1.572119e+06,1.604961e-26,5.301993e-12,4.586882e-01,1.164153e-01,2.181909e+04,3.272046e+04,3.290015e+04,-3.283865e+02,1.722552e+01,-1.142504e+01
Si II 1193,1.102593e-06,6.290751e-05,6.401017e-05,1193.366383,0.076383,3.095141e+01,4.270274e+13,4.060172e-06,4.765207e-01,1.875744e+01,1.676709e+06,8.550962e-27,3.010689e-12,5.028890e-01,1.164153e-01,2.181909e+04,3.272046e+04,3.289966e+04,-2.462495e+02,1.078973e+01,-1.584254e+01
Si II 1193,9.348461e-07,5.027301e-05,5.120790e-05,1193.351106,0.061106,2.140962e+00,2.955033e+12,4.027073e-06,4.765207e-01,1.500747e+01,1.649483e+06,4.786484e-27,1.658683e-12,7.305649e-02,1.164153e-01,2.181909e+04,3.272095e+04,3.289966e+04,-1.952915e+02,9.809638e+00,-1.165857e+01
Si II 1193,9.104768e-07,1.439863e-05,1.530912e-05,1193.308268,0.018268,8.858629e+00,1.222258e+13,4.174949e-06,4.765207e-01,4.271161e+00,1.772847e+06,2.555492e-27,9.512453e-13,5.759455e-01,1.164153e-01,2.181909e+04,3.272095e+04,3.289917e+04,-1.637165e+02,1.111817e+01,-1.784167e+01
Si II 1193,7.183603e-07,-1.326648e-05,-1.254813e-05,1193.275026,-0.014974,2.212371e+00,3.055130e+12,4.329699e-06,4.765207e-01,-4.020741e+00,1.906708e+06,2.285772e-27,9.145791e-13,1.578600e-01,1.164153e-01,2.181909e+04,3.272095e+04,3.289868e+04,-1.590250e+02,1.377466e+01,-2.518467e+01
Si II 1193,6.657034e-07,-8.834506e-06,-8.168808e-06,1193.280252,-0.009748,1.592742e+00,2.199791e+12,4.393390e-06,4.765207e-01,-2.686434e+00,1.963217e+06,1.827245e-27,7.527670e-13,1.547152e-01,1.164153e-01,2.181958e+04,3.272095e+04,3.289868e+04,-1.478994e+02,2.540602e+01,-1.463672e+01
Si II 1193,6.140954e-07,-1.540132e-06,-9.260376e-07,1193.288895,-0.001105,3.502012e-01,4.835630e+11,4.288960e-06,4.765207e-01,-4.937005e-01,1.870996e+06,1.303316e-27,5.119420e-13,2.633703e-01,1.164153e-01,2.181958e+04,3.272144e+04,3.289868e+04,-1.358226e+02,2.500001e+01,-1.011451e+01
Si II 1193,5.262438e-07,-2.143194e-05,-2.090571e-05,1193.265053,-0.024947,8.960110e-01,1.237623e+12,4.430276e-06,4.765207e-01,-6.457335e+00,1.996322e+06,1.288046e-27,5.396595e-13,5.759455e-01,1.164153e-01,2.181958e+04,3.272144e+04,3.289819e+04,-1.354161e+02,2.668368e+01,-1.606705e+01
Si II 1193,3.341272e-07,-2.603341e-05,-2.569930e-05,1193.259333,-0.030667,1.193621e-01,1.648959e+11,4.482925e-06,4.765207e-01,-7.835988e+00,2.044052e+06,1.233149e-27,5.288906e-13,1.222615e-01,1.164153e-01,2.181958e+04,3.272144e+04,3.289771e+04,-1.334962e+02,2.583336e+01,-1.785613e+01
Si II 1193,2.933448e-07,-2.054708e-05,-2.025374e-05,1193.265831,-0.024169,1.316754e-03,2.186969e+10,4.387928e-06,4.765207e-01,-6.186902e+00,1.958340e+06,1.068816e-27,4.392516e-13,4.536841e-01,1.164153e-01,2.181958e+04,3.272192e+04,3.289771e+04,-1.241742e+02,2.348861e+01,-1.563343e+01
Si II 1193,1.420107e-07,-1.415009e-05,-1.400809e-05,1193.273284,-0.016716,1.400152e-04,2.325533e+09,4.387486e-06,4.765207e-01,-4.268267e+00,1.957945e+06,1.050875e-27,4.316253e-13,4.219016e-01,1.164153e-01,2.181958e+04,3.272192e+04,3.289722e+04,-1.225077e+02,2.227624e+01,-1.379580e+01
Si III 1206,1.009645e-05,1.393465e-04,1.494444e-04,1206.680305,0.180305,2.356549e-01,1.127495e+11,5.145140e-06,4.808561e-01,4.165986e+01,2.692548e+06,6.604963e-28,3.703749e-13,5.413861e-01,7.450581e+00,2.181543e+04,3.270605e+04,3.292285e+04,-2.588500e+02,3.766433e+01,2.499500e+01
Si III 1206,9.915864e-06,2.331978e-04,2.431160e-04,1206.793319,0.293319,3.084154e-01,1.479976e+11,5.455067e-06,4.808561e-01,6.982307e+01,3.026698e+06,5.380562e-28,3.392069e-13,5.037260e-01,7.450581e+00,2.181543e+04,3.270801e+04,3.292285e+04,-2.248909e+02,6.185401e+00,4.548711e+01
Si III 1206,9.747837e-06,1.299533e-04,1.397024e-04,1206.668551,0.168551,1.104169e+01,5.256462e+12,5.015650e-06,4.808561e-01,3.881583e+01,2.558723e+06,8.334266e-28,4.445138e-13,2.303782e+00,7.450581e+00,2.181543e+04,3.270801e+04,3.292090e+04,-2.871014e+02,5.261405e+01,2.549731e+01
Si III 1206,8.979371e-06,3.755524e-05,4.653495e-05,1206.556144,0.056144,8.110102e+00,3.861219e+12,4.365434e-06,4.808561e-01,1.118312e+01,1.938312e+06,6.360685e-28,2.575487e-13,1.038801e+00,7.450581e+00,2.181543e+04,3.270801e+04,3.291895e+04,-2.033227e+02,6.195852e+01,1.361647e+01
Si III 1206,8.632861e-06,6.333296e-05,7.196637e-05,1206.586827,0.086827,2.760627e+01,1.314301e+13,4.323410e-06,4.808561e-01,1.886796e+01,1.901174e+06,1.070233e-27,4.251176e-13,1.264981e+00,7.450581e+00,2.181543e+04,3.270996e+04,3.291895e+04,-2.618903e+02,5.099013e+01,5.544185e+00
Si III 1206,8.210905e-06,1.760437e-05,2.581542e-05,1206.531146,0.031146,7.107727e+00,3.386008e+12,4.135206e-06,4.808561e-01,5.196592e+00,1.739255e+06,8.287605e-28,3.016964e-13,6.581735e-01,9.313226e-01,2.181592e+04,3.270947e+04,3.291748e+04,-2.108078e+02,6.419731e+01,6.545575e+00
Si III 1206,7.991360e-06,5.712251e-05,6.511433e-05,1206.578560,0.078560,5.598344e+00,2.667122e+12,4.197345e-06,4.808561e-01,1.703253e+01,1.791918e+06,9.286969e-28,3.482155e-13,4.937176e-01,9.313226e-01,2.181592e+04,3.271045e+04,3.291748e+04,-2.309719e+02,4.477822e+01,5.237079e+00
Si III 1206,7.826672e-06,1.651718e-05,2.434398e-05,1206.529371,0.029371,7.430573e+00,3.537773e+12,4.206907e-06,4.808561e-01,4.882270e+00,1.800092e+06,7.944872e-28,2.994903e-13,1.151891e+00,9.313226e-01,2.181592e+04,3.271045e+04,3.291650e+04,-1.971344e+02,5.271976e+01,1.767291e+00
Si III 1206,7.442439e-06,-5.567043e-05,-4.822840e-05,1206.441812,-0.058188,1.252852e+00,5.968612e+11,4.111189e-06,4.808561e-01,-1.675619e+01,1.719111e+06,8.298431e-28,2.989578e-13,2.775459e-01,9.313226e-01,2.181592e+04,3.271045e+04,3.291553e+04,-1.856398e+02,7.343985e+01,-9.271625e+00
Si III 1206,7.349859e-06,-5.022340e-05,-4.287391e-05,1206.448273,-0.051727,4.886808e+00,2.328508e+12,4.227275e-06,4.808561e-01,-1.513218e+01,1.817565e+06,9.663437e-28,3.678593e-13,8.743452e-01,9.313226e-01,2.181592e+04,3.271143e+04,3.291553e+04,-2.023867e+02,6.405132e+01,-1.600100e+01
Si III 1206,7.058206e-06,-1.453425e-04,-1.382853e-04,1206.333159,-0.166841,6.581178e-02,3.398901e+10,4.107156e-06,4.808561e-01,-4.367118e+01,1.715740e+06,1.179194e-27,4.240975e-13,1.138785e-02,9.313226e-01,2.181592e+04,3.271143e+04,3.291455e+04,-2.207033e+02,9.637205e+01,-3.360982e+01
Si III 1206,7.054407e-06,-2.315257e-05,-1.609833e-05,1206.480577,-0.019423,3.835212e+00,1.827188e+12,4.162042e-06,4.808561e-01,-6.997306e+00,1.761902e+06,7.708943e-28,2.847420e-13,1.037422e+00,9.313226e-01,2.181689e+04,3.271143e+04,3.291455e+04,-1.730153e+02,6.198282e+01,-2.345145e+00
Si III 1206,6.708357e-06,3.920789e-05,4.591651e-05,1206.555398,0.055398,3.271033e-01,1.558483e+11,4.233716e-06,4.808561e-01,1.170897e+01,1.823108e+06,7.015625e-28,2.679267e-13,1.030816e-01,9.313226e-01,2.181689e+04,3.271240e+04,3.291455e+04,-1.594493e+02,4.032115e+01,9.192808e+00
Si III 1206,6.673973e-06,3.076061e-06,9.750054e-06,1206.511763,0.011763,3.275849e+00,1.560894e+12,4.251500e-06,4.808561e-01,8.708161e-01,1.838456e+06,7.394433e-28,2.850759e-13,1.151891e+00,9.313226e-01,2.181689e+04,3.271240e+04,3.291357e+04,-1.677852e+02,5.140611e+01,1.544220e+00
Si III 1206,6.289740e-06,-2.245591e-05,-1.616631e-05,1206.480495,-0.019505,9.107650e-01,4.340910e+11,4.367794e-06,4.808561e-01,-6.785080e+00,1.940409e+06,7.149664e-28,2.910122e-13,6.681819e-01,9.313226e-01,2.181689e+04,3.271240e+04,3.291260e+04,-1.691890e+02,5.575079e+01,-5.137179e+00
Si III 1206,6.066856e-06,1.543241e-05,2.149936e-05,1206.525939,0.025939,7.659330e-01,3.651317e+11,4.456893e-06,4.808561e-01,4.581262e+00,2.020381e+06,7.063082e-28,2.991123e-13,4.837092e-01,9.313226e-01,2.181689e+04,3.271338e+04,3.291260e+04,-1.600191e+02,3.910859e+01,-4.367132e-02
Si III 1206,5.905507e-06,-4.943080e-05,-4.352559e-05,1206.447486,-0.052514,7.484347e-01,3.570328e+11,4.632009e-06,4.808561e-01,-1.486784e+01,2.182267e+06,7.418693e-28,3.391394e-13,1.151891e+00,9.313226e-01,2.181689e+04,3.271338e+04,3.291162e+04,-1.625720e+02,5.099806e+01,-1.632390e+01
Si III 1206,5.521274e-06,-9.465907e-05,-8.913832e-05,1206.392455,-0.107545,3.783258e-02,2.081008e+10,4.835690e-06,4.808561e-01,-2.842296e+01,2.378406e+06,7.358422e-28,3.660713e-13,2.875543e-01,9.313226e-01,2.181689e+04,3.271338e+04,3.291064e+04,-1.516927e+02,5.622857e+01,-2.721686e+01
Si III 1206,5.425355e-06,-5.041155e-05,-4.498647e-05,1206.445724,-0.054276,3.429503e-01,1.637480e+11,4.822532e-06,4.808561e-01,-1.515949e+01,2.365480e+06,7.699813e-28,3.811744e-13,8.643368e-01,9.313226e-01,2.181689e+04,3.271436e+04,3.291064e+04,-1.591932e+02,4.678087e+01,-1.858421e+01
Si III 1206,5.137041e-06,-5.446334e-05,-4.932658e-05,1206.440487,-0.059513,1.628482e-03,1.063252e+10,4.942204e-06,4.808561e-01,-1.636268e+01,2.484336e+06,6.996750e-28,3.633613e-13,6.361574e-01,9.313226e-01,2.181689e+04,3.271436e+04,3.290967e+04,-1.377137e+02,4.001183e+01,-2.018229e+01
Si III 1206,4.924839e-06,-1.936050e-06,2.988780e-06,1206.503606,0.003606,1.222485e-01,5.846367e+10,5.075293e-06,4.808561e-01,-6.075716e-01,2.619939e+06,6.247320e-28,3.418384e-13,4.226604e-01,9.313226e-01,2.181787e+04,3.271436e+04,3.290967e+04,-1.221987e+02,3.675165e+01,-7.519398e-01
Si III 1206,4.783854e-06,4.976252e-05,5.454662e-05,1206.565810,0.065810,1.670557e-02,1.485874e+10,4.953244e-06,4.808561e-01,1.488103e+01,2.495447e+06,6.964639e-28,3.632000e-13,9.307326e-02,9.313226e-01,2.181787e+04,3.271533e+04,3.290967e+04,-1.457759e+02,3.250906e+01,1.072230e+01
Si III 1206,4.752807e-06,3.983685e-05,4.458984e-05,1206.553798,0.053798,1.080688e-01,5.168169e+10,5.078791e-06,4.808561e-01,1.192047e+01,2.623551e+06,6.281918e-28,3.440584e-13,1.151891e+00,9.313226e-01,2.181787e+04,3.271533e+04,3.290869e+04,-1.131882e+02,2.268790e+01,7.227471e+00
Si III 1206,4.368574e-06,2.556402e-05,2.993270e-05,1206.536114,0.036114,2.204399e-01,1.054552e+11,5.118198e-06,4.808561e-01,7.651821e+00,2.664423e+06,5.975634e-28,3.323657e-13,6.781902e-01,9.313226e-01,2.181787e+04,3.271533e+04,3.290771e+04,-8.465845e+01,8.554928e+00,-1.125075e+00
Si III 1206,4.142352e-06,6.121971e-05,6.536231e-05,1206.578860,0.078860,3.214621e-01,1.534868e+11,4.837264e-06,4.808561e-01,1.833395e+01,2.379954e+06,6.960210e-28,3.460351e-13,4.737008e-01,9.313226e-01,2.181787e+04,3.271631e+04,3.290771e+04,-1.073428e+02,2.953257e+00,4.026826e+00
Si III 1206,3.984341e-06,2.506848e-05,2.905292e-05,1206.535052,0.035052,1.041923e+00,4.972280e+11,4.735872e-06,4.808561e-01,7.497769e+00,2.281229e+06,7.250423e-28,3.457787e-13,1.151891e+00,9.313226e-01,2.181787e+04,3.271631e+04,3.290674e+04,-1.013273e+02,-8.083510e+00,-1.428006e+01
Si III 1206,3.600108e-06,-6.295598e-06,-2.695512e-06,1206.496748,-0.003252,3.359533e-01,1.601913e+11,4.522611e-06,4.808561e-01,-1.909998e+00,2.080403e+06,7.814059e-28,3.401361e-13,2.975627e-01,1.164153e-01,2.181812e+04,3.271655e+04,3.290601e+04,-1.129903e+02,-7.639052e+00,-2.721497e+01
Si III 1206,3.500851e-06,1.195671e-05,1.545760e-05,1206.518650,0.018650,3.064951e-01,1.460672e+11,4.338901e-06,4.808561e-01,3.556963e+00,1.914822e+06,8.295952e-28,3.326030e-13,2.783829e-01,1.164153e-01,2.181812e+04,3.271704e+04,3.290601e+04,-1.252996e+02,-1.254585e+01,-2.592640e+01
Si III 1206,3.407992e-06,3.613503e-07,3.769343e-06,1206.504548,0.004548,4.297681e-01,2.047965e+11,4.294979e-06,4.808561e-01,7.827750e-02,1.876252e+06,8.647799e-28,3.398996e-13,5.759455e-01,1.164153e-01,2.181812e+04,3.271704e+04,3.290552e+04,-1.292422e+02,-1.576115e+01,-3.266682e+01
Si III 1206,3.215875e-06,-8.957699e-06,-5.741853e-06,1206.493072,-0.006928,4.074746e-02,2.128234e+10,4.248353e-06,4.808561e-01,-2.717072e+00,1.835736e+06,9.149562e-28,3.520021e-13,1.072489e-01,1.164153e-01,2.181812e+04,3.271704e+04,3.290503e+04,-1.307597e+02,-1.951171e+01,-3.848428e+01
Si III 1206,3.180100e-06,1.709099e-05,2.027114e-05,1206.524457,0.024457,1.729799e-01,8.239530e+10,4.046383e-06,4.808561e-01,5.086286e+00,1.665340e+06,1.010458e-27,3.529568e-13,4.686966e-01,1.164153e-01,2.181812e+04,3.271753e+04,3.290503e+04,-1.431300e+02,-2.649376e+01,-3.569384e+01
Si III 1206,3.023759e-06,4.856709e-06,7.880483e-06,1206.509508,0.009508,7.977536e-02,4.112572e+10,4.080803e-06,4.808561e-01,1.417439e+00,1.693792e+06,1.073364e-27,3.812816e-13,4.928807e-01,1.164153e-01,2.181812e+04,3.271753e+04,3.290454e+04,-1.430304e+02,-2.993405e+01,-4.206399e+01
Si III 1206,2.859350e-06,2.787370e-05,3.073313e-05,1206.537080,0.037080,4.251430e-02,2.173937e+10,3.978362e-06,4.808561e-01,8.311898e+00,1.609821e+06,1.302593e-27,4.399062e-13,8.306488e-02,1.164153e-01,2.181812e+04,3.271802e+04,3.290454e+04,-1.548017e+02,-3.431379e+01,-3.867888e+01
Si III 1206,2.831642e-06,1.635362e-05,1.918531e-05,1206.523147,0.023147,1.198222e-01,5.707390e+10,4.031995e-06,4.808561e-01,4.857062e+00,1.653518e+06,1.525644e-27,5.290437e-13,1.090360e-01,1.164153e-01,2.181812e+04,3.271802e+04,3.290405e+04,-1.546134e+02,-3.793429e+01,-4.488856e+01
Si III 1206,2.795271e-06,-1.191236e-06,1.604032e-06,1206.501935,0.001935,3.900501e-01,1.858180e+11,4.135914e-06,4.808561e-01,-3.972681e-01,1.739851e+06,1.290511e-27,4.709421e-13,4.669096e-01,1.164153e-01,2.181860e+04,3.271802e+04,3.290405e+04,-1.475675e+02,-2.398249e+01,-4.145840e+01
Si III 1206,2.639526e-06,-1.203830e-05,-9.398808e-06,1206.488660,-0.011340,2.307177e-01,1.099196e+11,4.167743e-06,4.808561e-01,-3.645076e+00,1.766733e+06,1.280469e-27,4.742942e-13,3.025669e-01,1.164153e-01,2.181860e+04,3.271802e+04,3.290356e+04,-1.378321e+02,-2.562028e+01,-4.451373e+01
Si III 1206,2.538599e-06,1.177512e-05,1.431375e-05,1206.517270,0.017270,1.488655e+00,7.090190e+11,3.941979e-06,4.808561e-01,3.482474e+00,1.580511e+06,2.260074e-27,7.489482e-13,2.733787e-01,1.164153e-01,2.181860e+04,3.271851e+04,3.290356e+04,-1.603088e+02,-3.107931e+01,-4.343168e+01
Si III 1206,2.447409e-06,-5.573153e-06,-3.125758e-06,1206.496229,-0.003771,4.132968e+00,1.968634e+12,4.017386e-06,4.808561e-01,-1.711053e+00,1.641557e+06,1.883603e-27,6.479336e-13,5.759455e-01,1.164153e-01,2.181860e+04,3.271851e+04,3.290308e+04,-1.453578e+02,-2.980225e+01,-4.609516e+01
Si III 1206,2.255293e-06,-2.326517e-05,-2.100993e-05,1206.474652,-0.025348,1.022274e+00,4.869988e+11,4.111337e-06,4.808561e-01,-7.013143e+00,1.719234e+06,1.715609e-27,6.180398e-13,1.122531e-01,1.164153e-01,2.181860e+04,3.271851e+04,3.290259e+04,-1.405106e+02,-2.774034e+01,-5.023960e+01
Si III 1206,2.217849e-06,1.180396e-05,1.402184e-05,1206.516917,0.016917,1.279931e+01,6.095276e+12,3.743237e-06,4.808561e-01,3.489487e+00,1.425160e+06,2.812551e-27,8.397402e-13,4.636924e-01,1.164153e-01,2.181860e+04,3.271899e+04,3.290259e+04,-1.616642e+02,-3.542027e+01,-4.626801e+01
Si III 1206,2.063176e-06,-1.720798e-05,-1.514484e-05,1206.481728,-0.018272,1.244210e+01,5.926008e+12,3.918999e-06,4.808561e-01,-5.216437e+00,1.562138e+06,3.353080e-27,1.097968e-12,4.978848e-01,1.164153e-01,2.181860e+04,3.271899e+04,3.290210e+04,-1.747094e+02,-3.019568e+01,-5.576138e+01
Si III 1206,1.897098e-06,2.375597e-05,2.565312e-05,1206.530950,0.030950,3.284169e+00,1.563886e+12,3.603573e-06,4.808561e-01,7.038165e+00,1.320795e+06,5.828210e-27,1.612765e-12,7.806069e-02,1.164153e-01,2.181860e+04,3.271948e+04,3.290210e+04,-2.154090e+02,-3.424240e+01,-5.107377e+01
Si III 1206,1.871059e-06,1.523483e-06,3.394545e-06,1206.504096,0.004096,1.160951e+01,5.528791e+12,3.767379e-06,4.808561e-01,3.382187e-01,1.443603e+06,8.404876e-27,2.544885e-12,4.214208e-01,1.164153e-01,2.181860e+04,3.271948e+04,3.290161e+04,-2.577180e+02,-2.724199e+01,-6.241737e+01
Si III 1206,1.730487e-06,1.080454e-05,1.253505e-05,1206.515124,0.015124,3.214424e+00,1.530808e+12,3.789593e-06,4.808561e-01,3.120513e+00,1.460677e+06,8.735246e-27,2.676070e-12,1.545248e-01,1.164153e-01,2.181909e+04,3.271948e+04,3.290161e+04,-2.620932e+02,-8.194012e+00,-4.851599e+01
Si III 1206,1.678943e-06,1.887555e-05,2.055452e-05,1206.524799,0.024799,4.740976e+00,2.257950e+12,3.903334e-06,4.808561e-01,5.514541e+00,1.549674e+06,1.100039e-26,3.578650e-12,3.075711e-01,1.164153e-01,2.181909e+04,3.271948e+04,3.290112e+04,-2.903958e+02,-4.728589e-01,-4.617407e+01
Si III 1206,1.576347e-06,8.323409e-05,8.481057e-05,1206.602324,0.102324,4.927419e+00,2.346383e+12,3.757784e-06,4.808561e-01,2.475261e+01,1.436258e+06,1.466778e-26,4.422221e-12,2.683745e-01,1.164153e-01,2.181909e+04,3.271997e+04,3.290112e+04,-3.447470e+02,-3.904867e+00,-3.534417e+01
Si III 1206,1.486826e-06,1.039747e-04,1.054617e-04,1206.627240,0.127240,1.584872e+01,7.547039e+12,3.809250e-06,4.808561e-01,3.093508e+01,1.475869e+06,1.929668e-26,5.982181e-12,5.759455e-01,1.164153e-01,2.181909e+04,3.271997e+04,3.290063e+04,-3.749696e+02,9.366572e+00,-2.555567e+01
Si III 1206,1.294710e-06,1.089352e-04,1.102301e-04,1206.632993,0.132993,4.276253e+00,2.036436e+12,3.901129e-06,4.808561e-01,3.244579e+01,1.547924e+06,1.761431e-26,5.727933e-12,1.172573e-01,1.164153e-01,2.181909e+04,3.271997e+04,3.290015e+04,-3.559536e+02,1.248429e+01,-1.847531e+01
Si III 1206,1.255597e-06,1.066710e-04,1.079268e-04,1206.630214,0.130214,1.636490e+01,7.790844e+12,3.931500e-06,4.808561e-01,3.179859e+01,1.572119e+06,1.604961e-26,5.301993e-12,4.586882e-01,1.164153e-01,2.181909e+04,3.272046e+04,3.290015e+04,-3.283865e+02,1.722552e+01,-1.142504e+01
Si III 1206,1.102593e-06,6.290751e-05,6.401017e-05,1206.577228,0.077228,1.540983e+01,7.336487e+12,4.060172e-06,4.808561e-01,1.875744e+01,1.676709e+06,8.550962e-27,3.010689e-12,5.028890e-01,1.164153e-01,2.181909e+04,3.272046e+04,3.289966e+04,-2.462495e+02,1.078973e+01,-1.584254e+01
Si III 1206,9.348461e-07,5.027301e-05,5.120790e-05,1206.561782,0.061782,1.064847e+00,5.071918e+11,4.027073e-06,4.808561e-01,1.500747e+01,1.649483e+06,4.786484e-27,1.658683e-12,7.305649e-02,1.164153e-01,2.181909e+04,3.272095e+04,3.289966e+04,-1.952915e+02,9.809638e+00,-1.165857e+01
Si III 1206,9.104768e-07,1.439863e-05,1.530912e-05,1206.518470,0.018470,5.725609e+00,2.727784e+12,4.174949e-06,4.808561e-01,4.271161e+00,1.772847e+06,2.555492e-27,9.512453e-13,5.759455e-01,1.164153e-01,2.181909e+04,3.272095e+04,3.289917e+04,-1.637165e+02,1.111817e+01,-1.784167e+01
Si III 1206,7.183603e-07,-1.326648e-05,-1.254813e-05,1206.484861,-0.015139,1.623148e+00,7.735470e+11,4.329699e-06,4.808561e-01,-4.020741e+00,1.906708e+06,2.285772e-27,9.145791e-13,1.578600e-01,1.164153e-01,2.181909e+04,3.272095e+04,3.289868e+04,-1.590250e+02,1.377466e+01,-2.518467e+01
Si III 1206,6.657034e-07,-8.834506e-06,-8.168808e-06,1206.490144,-0.009856,1.155350e+00,5.506988e+11,4.393390e-06,4.808561e-01,-2.686434e+00,1.963217e+06,1.827245e-27,7.527670e-13,1.547152e-01,1.164153e-01,2.181958e+04,3.272095e+04,3.289868e+04,-1.478994e+02,2.540602e+01,-1.463672e+01
Si III 1206,6.140954e-07,-1.540132e-06,-9.260376e-07,1206.498883,-0.001117,3.500544e-01,1.668106e+11,4.288960e-06,4.808561e-01,-4.937005e-01,1.870996e+06,1.303316e-27,5.119420e-13,2.633703e-01,1.164153e-01,2.181958e+04,3.272144e+04,3.289868e+04,-1.358226e+02,2.500001e+01,-1.011451e+01
Si III 1206,5.262438e-07,-2.143194e-05,-2.090571e-05,1206.474777,-0.025223,7.626880e-01,3.635718e+11,4.430276e-06,4.808561e-01,-6.457335e+00,1.996322e+06,1.288046e-27,5.396595e-13,5.759455e-01,1.164153e-01,2.181958e+04,3.272144e+04,3.289819e+04,-1.354161e+02,2.668368e+01,-1.606705e+01
Si III 1206,3.341272e-07,-2.603341e-05,-2.569930e-05,1206.468994,-0.031006,9.477346e-02,4.518610e+10,4.482925e-06,4.808561e-01,-7.835988e+00,2.044052e+06,1.233149e-27,5.288906e-13,1.222615e-01,1.164153e-01,2.181958e+04,3.272144e+04,3.289771e+04,-1.334962e+02,2.583336e+01,-1.785613e+01
Si III 1206,2.933448e-07,-2.054708e-05,-2.025374e-05,1206.475564,-0.024436,4.997208e-02,2.640536e+10,4.387928e-06,4.808561e-01,-6.186902e+00,1.958340e+06,1.068816e-27,4.392516e-13,4.536841e-01,1.164153e-01,2.181958e+04,3.272192e+04,3.289771e+04,-1.241742e+02,2.348861e+01,-1.563343e+01
Si III 1206,1.420107e-07,-1.415009e-05,-1.400809e-05,1206.483099,-0.016901,5.748484e-04,3.331008e+09,4.387486e-06,4.808561e-01,-4.268267e+00,1.957945e+06,1.050875e-27,4.316253e-13,4.219016e-01,1.164153e-01,2.181958e+04,3.272192e+04,3.289722e+04,-1.225077e+02,2.227624e+01,-1.379580e+01
