Line	 z_cosmo	 z_doppler	 z_effective	 wavelength [A]	delta wavelength [A]	 optical depth	column density [cm^-2]	 thermal broadening [km/s]	equivalent width [A]	 velocity_los [km/s]	temperature [K]	 density [g/cm^3]	 pressure [dyne/cm^2]	dl [kpccm/h]	 cell_volume [kpccm/h^3]	 x [kpccm/h]	y [kpccm/h]	 z [kpccm/h]	 v_x [km/s]	 v_y [km/s]	v_z [km/s]	 
Line,z_cosmo,z_dopp,z_eff,lambda,delta_lamdba,tau,N,thermal_b,EW,v_los,T,rho,p,dl,cell_volume,x,y,z,vx,vy,vz
C II 1335,6.675298e-06,-1.257593e-04,-1.190848e-04,1334.373078,-0.158922,6.444945e-04,5.707365e+10,5.878785e-06,3.214655e-02,-3.773055e+01,1.503247e+06,3.001958e-28,9.484348e-14,1.215425e+00,7.450581e+00,2.182129e+04,3.274121e+04,3.289160e+04,-9.803327e+01,-6.369824e+00,8.753208e+01
C II 1335,6.269873e-06,-1.379830e-04,-1.317140e-04,1334.356223,-0.175777,9.405728e-04,8.862584e+10,6.255997e-06,3.214655e-02,-4.139534e+01,1.702347e+06,3.523779e-28,1.260796e-13,5.323118e-01,7.450581e+00,2.182129e+04,3.273926e+04,3.289160e+04,-1.037433e+02,-1.127220e+01,8.093035e+01
C II 1335,6.092312e-06,-2.205142e-04,-2.144233e-04,1334.245845,-0.286155,1.129382e-01,5.710942e+11,5.943557e-06,3.214655e-02,-6.613670e+01,1.536555e+06,3.731349e-28,1.205613e-13,1.494729e+00,7.450581e+00,2.182129e+04,3.273926e+04,3.289355e+04,-1.010858e+02,-3.964222e+01,7.154419e+01
C II 1335,5.593721e-06,-2.687487e-04,-2.631565e-04,1334.180809,-0.351191,1.689286e-01,8.577597e+11,6.088740e-06,3.214655e-02,-8.061075e+01,1.612538e+06,4.421101e-28,1.499315e-13,2.027041e+00,7.450581e+00,2.182129e+04,3.273730e+04,3.289355e+04,-1.211313e+02,-4.767984e+01,9.053011e+01
C II 1335,4.917569e-06,-2.655299e-04,-2.606136e-04,1334.184203,-0.347797,2.522637e-01,1.282569e+12,6.135741e-06,3.214655e-02,-7.965963e+01,1.637530e+06,4.920903e-28,1.692625e-13,2.027041e+00,7.450581e+00,2.182129e+04,3.273535e+04,3.289355e+04,-1.408826e+02,-3.969996e+01,1.096693e+02
C II 1335,4.241417e-06,-2.893046e-04,-2.850644e-04,1334.151572,-0.380428,2.666127e-01,1.353014e+12,6.069519e-06,3.214655e-02,-8.679125e+01,1.602373e+06,5.212026e-28,1.754030e-13,1.013520e+00,9.313226e-01,2.182080e+04,3.273389e+04,3.289404e+04,-1.495239e+02,-4.697239e+01,1.066476e+02
C II 1335,3.903341e-06,-2.563204e-04,-2.524181e-04,1334.195140,-0.336860,2.411278e-01,1.224379e+12,6.091856e-06,3.214655e-02,-7.689520e+01,1.614189e+06,4.935126e-28,1.672472e-13,1.013520e+00,9.313226e-01,2.182080e+04,3.273291e+04,3.289404e+04,-1.434238e+02,-4.014148e+01,9.575903e+01
C II 1335,3.565264e-06,-2.125760e-04,-2.090115e-04,1334.253068,-0.278932,4.279467e-02,2.974531e+11,6.223866e-06,3.214655e-02,-6.377228e+01,1.684906e+06,4.578379e-28,1.619306e-13,3.068387e-01,9.313226e-01,2.182080e+04,3.273193e+04,3.289404e+04,-1.351626e+02,-3.057480e+01,8.336703e+01
C II 1335,3.462913e-06,-2.691437e-04,-2.656817e-04,1334.177439,-0.354561,1.768798e-01,9.029363e+11,6.268424e-06,3.214655e-02,-8.074383e+01,1.709117e+06,5.230388e-28,1.877342e-13,7.066817e-01,9.313226e-01,2.182080e+04,3.273193e+04,3.289502e+04,-1.497036e+02,-4.278970e+01,9.843277e+01
C II 1335,3.227188e-06,-2.330427e-04,-2.298163e-04,1334.225303,-0.306697,3.256615e-01,1.601628e+12,6.429011e-06,3.214655e-02,-6.991399e+01,1.797809e+06,5.079466e-28,1.917580e-13,1.013520e+00,9.313226e-01,2.182080e+04,3.273096e+04,3.289502e+04,-1.413006e+02,-3.390025e+01,9.271977e+01
C II 1335,2.889112e-06,-2.096779e-04,-2.067894e-04,1334.256033,-0.275967,4.661750e-01,2.292637e+12,6.447212e-06,3.214655e-02,-6.290543e+01,1.808003e+06,5.244570e-28,1.991156e-13,1.013520e+00,9.313226e-01,2.182080e+04,3.272998e+04,3.289502e+04,-1.317560e+02,-2.672381e+01,9.623317e+01
C II 1335,2.551036e-06,-1.904710e-04,-1.879204e-04,1334.281214,-0.250786,5.303542e-01,2.608185e+12,6.329406e-06,3.214655e-02,-5.714407e+01,1.742533e+06,5.545471e-28,2.029103e-13,9.968265e-01,9.313226e-01,2.182080e+04,3.272900e+04,3.289502e+04,-1.203320e+02,-2.036698e+01,1.023593e+02
C II 1335,2.218529e-06,-2.246641e-04,-2.224461e-04,1334.235139,-0.296861,3.973581e-04,3.926258e+10,6.560868e-06,3.214655e-02,-6.739068e+01,1.872310e+06,5.241352e-28,2.057997e-13,1.669392e-02,9.313226e-01,2.181982e+04,3.272900e+04,3.289502e+04,-1.146573e+02,-3.417522e+01,9.233098e+01
C II 1335,2.212960e-06,-1.690436e-04,-1.668310e-04,1334.309359,-0.222641,7.188545e-02,3.689808e+11,6.439853e-06,3.214655e-02,-5.070955e+01,1.803877e+06,5.285255e-28,1.998506e-13,1.941021e-01,9.313226e-01,2.181982e+04,3.272803e+04,3.289502e+04,-1.031008e+02,-1.891435e+01,8.906539e+01
C II 1335,2.148214e-06,-1.920952e-04,-1.899474e-04,1334.278509,-0.253491,3.518943e-01,1.730604e+12,6.548004e-06,3.214655e-02,-5.762289e+01,1.864975e+06,5.590938e-28,2.185530e-13,8.194183e-01,9.313226e-01,2.181982e+04,3.272803e+04,3.289600e+04,-1.068005e+02,-2.493281e+01,9.205419e+01
C II 1335,1.874884e-06,-1.292426e-04,-1.273680e-04,1334.362023,-0.169977,2.252281e-01,1.161869e+12,6.588832e-06,3.214655e-02,-3.877609e+01,1.888304e+06,5.652943e-28,2.235108e-13,1.013520e+00,9.313226e-01,2.181982e+04,3.272705e+04,3.289600e+04,-1.081845e+02,-8.510234e+00,7.928886e+01
C II 1335,1.536808e-06,-6.672311e-05,-6.518641e-05,1334.445007,-0.086993,7.286708e-02,3.780948e+11,6.753683e-06,3.214655e-02,-2.003120e+01,1.983976e+06,5.693450e-28,2.361538e-13,1.013520e+00,9.313226e-01,2.181982e+04,3.272607e+04,3.289600e+04,-1.141850e+02,6.981430e+00,6.143232e+01
C II 1335,1.198732e-06,-2.136037e-05,-2.016166e-05,1334.505094,-0.026906,5.148471e-04,5.528381e+10,7.130482e-06,3.214655e-02,-6.428664e+00,2.211530e+06,5.725254e-28,2.637261e-13,1.013520e+00,9.313226e-01,2.181982e+04,3.272510e+04,3.289600e+04,-1.141730e+02,1.588424e+01,4.115917e+01
C II 1335,8.606557e-07,-2.445047e-06,-1.584393e-06,1334.529886,-0.002114,1.617600e-06,1.675233e+08,6.873934e-06,3.214655e-02,-7.539992e-01,2.055255e+06,5.883578e-28,2.522905e-13,8.136550e-02,1.164153e-01,2.182007e+04,3.272437e+04,3.289624e+04,-1.072787e+02,1.759542e+01,2.772228e+01
C II 1335,8.335150e-07,-1.390000e-05,-1.306649e-05,1334.514562,-0.017438,4.145901e-06,4.305639e+08,6.896097e-06,3.214655e-02,-4.187400e+00,2.068530e+06,6.010042e-28,2.592988e-13,4.253947e-01,1.164153e-01,2.182007e+04,3.272437e+04,3.289673e+04,-1.069374e+02,1.295444e+01,2.367074e+01
C II 1335,6.916177e-07,6.061519e-07,1.297770e-06,1334.533732,0.001732,1.151668e-06,1.189787e+08,6.859829e-06,3.214655e-02,1.622342e-01,2.046830e+06,6.556355e-28,2.801012e-13,2.552367e-01,1.164153e-01,2.182007e+04,3.272388e+04,3.289673e+04,-1.061119e+02,1.493594e+01,1.415812e+01
C II 1335,6.064793e-07,-2.278985e-05,-2.218338e-05,1334.502396,-0.029604,9.359772e-09,9.713966e+05,6.890728e-06,3.214655e-02,-6.851047e+00,2.065311e+06,6.762239e-28,2.919106e-13,2.515235e-01,1.164153e-01,2.181958e+04,3.272388e+04,3.289673e+04,-1.055238e+02,6.612006e+00,1.033323e+01
C II 1335,5.225796e-07,-5.717337e-06,-5.194761e-06,1334.525067,-0.006933,3.350818e-06,3.456941e+08,6.850535e-06,3.214655e-02,-1.732839e+00,2.041287e+06,7.538906e-28,3.219203e-13,5.067602e-01,1.164153e-01,2.181958e+04,3.272339e+04,3.289673e+04,-1.057546e+02,9.875105e+00,2.271785e+00
C II 1335,3.535416e-07,9.977324e-06,1.033087e-05,1334.545787,0.013787,7.147828e-06,7.290179e+08,6.772325e-06,3.214655e-02,2.970942e+00,1.994944e+06,8.508443e-28,3.554237e-13,5.067602e-01,1.164153e-01,2.181958e+04,3.272290e+04,3.289673e+04,-1.091054e+02,1.372754e+01,-3.097558e+00
C II 1335,1.845036e-07,2.436487e-05,2.454938e-05,1334.564762,0.032762,1.740484e-07,1.750897e+07,6.679791e-06,3.214655e-02,7.281695e+00,1.940800e+06,9.527076e-28,3.875254e-13,2.499721e-02,1.164153e-01,2.181958e+04,3.272241e+04,3.289673e+04,-1.151095e+02,1.793461e+01,-6.583446e+00
C II 1335,1.761653e-07,2.937783e-05,2.955400e-05,1334.571441,0.039441,3.442585e-04,3.474148e+10,6.699387e-06,3.214655e-02,8.784437e+00,1.952204e+06,9.587603e-28,3.924058e-13,4.817630e-01,1.164153e-01,2.181958e+04,3.272241e+04,3.289722e+04,-1.149359e+02,1.810710e+01,-1.190686e+01
C II 1335,1.546551e-08,4.179804e-05,4.181350e-05,1334.587801,0.055801,1.669541e-05,1.687168e+09,6.709230e-06,3.214655e-02,1.250456e+01,1.957945e+06,1.050875e-27,4.316253e-13,4.531840e-02,1.164153e-01,2.181958e+04,3.272192e+04,3.289722e+04,-1.225077e+02,2.227624e+01,-1.379580e+01
C IV 1548,6.675298e-06,-1.257593e-04,-1.190848e-04,1548.002634,-0.184366,9.056903e-04,4.693346e+10,5.878785e-06,3.539828e-02,-3.773055e+01,1.503247e+06,3.001958e-28,9.484348e-14,1.215425e+00,7.450581e+00,2.182129e+04,3.274121e+04,3.289160e+04,-9.803327e+01,-6.369824e+00,8.753208e+01
C IV 1548,6.269873e-06,-1.379830e-04,-1.317140e-04,1547.983082,-0.203918,1.336273e-03,7.368240e+10,6.255997e-06,3.539828e-02,-4.139534e+01,1.702347e+06,3.523779e-28,1.260796e-13,5.323118e-01,7.450581e+00,2.182129e+04,3.273926e+04,3.289160e+04,-1.037433e+02,-1.127220e+01,8.093035e+01
C IV 1548,6.092312e-06,-2.205142e-04,-2.144233e-04,1547.855033,-0.331967,1.797732e-01,4.731570e+11,5.943557e-06,3.539828e-02,-6.613670e+01,1.536555e+06,3.731349e-28,1.205613e-13,1.494729e+00,7.450581e+00,2.182129e+04,3.273926e+04,3.289355e+04,-1.010858e+02,-3.964222e+01,7.154419e+01
C IV 1548,5.593721e-06,-2.687487e-04,-2.631565e-04,1547.779585,-0.407415,2.699490e-01,6.699030e+11,6.088740e-06,3.539828e-02,-8.061075e+01,1.612538e+06,4.421101e-28,1.499315e-13,2.027041e+00,7.450581e+00,2.182129e+04,3.273730e+04,3.289355e+04,-1.211313e+02,-4.767984e+01,9.053011e+01
C IV 1548,4.917569e-06,-2.655299e-04,-2.606136e-04,1547.783521,-0.403479,2.730730e-01,6.776697e+11,6.135741e-06,3.539828e-02,-7.965963e+01,1.637530e+06,4.920903e-28,1.692625e-13,2.027041e+00,7.450581e+00,2.182129e+04,3.273535e+04,3.289355e+04,-1.408826e+02,-3.969996e+01,1.096693e+02
C IV 1548,4.241417e-06,-2.893046e-04,-2.850644e-04,1547.745667,-0.441333,2.566404e-01,6.368838e+11,6.069519e-06,3.539828e-02,-8.679125e+01,1.602373e+06,5.212026e-28,1.754030e-13,1.013520e+00,9.313226e-01,2.182080e+04,3.273389e+04,3.289404e+04,-1.495239e+02,-4.697239e+01,1.066476e+02
C IV 1548,3.903341e-06,-2.563204e-04,-2.524181e-04,1547.796210,-0.390790,2.331116e-01,5.784819e+11,6.091856e-06,3.539828e-02,-7.689520e+01,1.614189e+06,4.935126e-28,1.672472e-13,1.013520e+00,9.313226e-01,2.182080e+04,3.273291e+04,3.289404e+04,-1.434238e+02,-4.014148e+01,9.575903e+01
C IV 1548,3.565264e-06,-2.125760e-04,-2.090115e-04,1547.863411,-0.323589,3.745389e-02,1.461465e+11,6.223866e-06,3.539828e-02,-6.377228e+01,1.684906e+06,4.578379e-28,1.619306e-13,3.068387e-01,9.313226e-01,2.182080e+04,3.273193e+04,3.289404e+04,-1.351626e+02,-3.057480e+01,8.336703e+01
C IV 1548,3.462913e-06,-2.691437e-04,-2.656817e-04,1547.775675,-0.411325,1.685153e-01,4.503170e+11,6.268424e-06,3.539828e-02,-8.074383e+01,1.709117e+06,5.230388e-28,1.877342e-13,7.066817e-01,9.313226e-01,2.182080e+04,3.273193e+04,3.289502e+04,-1.497036e+02,-4.278970e+01,9.843277e+01
C IV 1548,3.227188e-06,-2.330427e-04,-2.298163e-04,1547.831201,-0.355799,3.423440e-01,8.497290e+11,6.429011e-06,3.539828e-02,-6.991399e+01,1.797809e+06,5.079466e-28,1.917580e-13,1.013520e+00,9.313226e-01,2.182080e+04,3.273096e+04,3.289502e+04,-1.413006e+02,-3.390025e+01,9.271977e+01
C IV 1548,2.889112e-06,-2.096779e-04,-2.067894e-04,1547.866851,-0.320149,5.035765e-01,1.249914e+12,6.447212e-06,3.539828e-02,-6.290543e+01,1.808003e+06,5.244570e-28,1.991156e-13,1.013520e+00,9.313226e-01,2.182080e+04,3.272998e+04,3.289502e+04,-1.317560e+02,-2.672381e+01,9.623317e+01
C IV 1548,2.551036e-06,-1.904710e-04,-1.879204e-04,1547.896064,-0.290936,5.771245e-01,1.432295e+12,6.329406e-06,3.539828e-02,-5.714407e+01,1.742533e+06,5.545471e-28,2.029103e-13,9.968265e-01,9.313226e-01,2.182080e+04,3.272900e+04,3.289502e+04,-1.203320e+02,-2.036698e+01,1.023593e+02
C IV 1548,2.218529e-06,-2.246641e-04,-2.224461e-04,1547.842612,-0.344388,3.694339e-04,2.136305e+10,6.560868e-06,3.539828e-02,-6.739068e+01,1.872310e+06,5.241352e-28,2.057997e-13,1.669392e-02,9.313226e-01,2.181982e+04,3.272900e+04,3.289502e+04,-1.146573e+02,-3.417522e+01,9.233098e+01
C IV 1548,2.212960e-06,-1.690436e-04,-1.668310e-04,1547.928714,-0.258286,7.510557e-02,2.024198e+11,6.439853e-06,3.539828e-02,-5.070955e+01,1.803877e+06,5.285255e-28,1.998506e-13,1.941021e-01,9.313226e-01,2.181982e+04,3.272803e+04,3.289502e+04,-1.031008e+02,-1.891435e+01,8.906539e+01
C IV 1548,2.148214e-06,-1.920952e-04,-1.899474e-04,1547.892926,-0.294074,3.827130e-01,9.500031e+11,6.548004e-06,3.539828e-02,-5.762289e+01,1.864975e+06,5.590938e-28,2.185530e-13,8.194183e-01,9.313226e-01,2.181982e+04,3.272803e+04,3.289600e+04,-1.068005e+02,-2.493281e+01,9.205419e+01
C IV 1548,1.874884e-06,-1.292426e-04,-1.273680e-04,1547.989811,-0.197189,2.577812e-01,6.398782e+11,6.588832e-06,3.539828e-02,-3.877609e+01,1.888304e+06,5.652943e-28,2.235108e-13,1.013520e+00,9.313226e-01,2.181982e+04,3.272705e+04,3.289600e+04,-1.081845e+02,-8.510234e+00,7.928886e+01
C IV 1548,1.536808e-06,-6.672311e-05,-6.518641e-05,1548.086079,-0.100921,7.622211e-02,2.088048e+11,6.753683e-06,3.539828e-02,-2.003120e+01,1.983976e+06,5.693450e-28,2.361538e-13,1.013520e+00,9.313226e-01,2.181982e+04,3.272607e+04,3.289600e+04,-1.141850e+02,6.981430e+00,6.143232e+01
C IV 1548,1.198732e-06,-2.136037e-05,-2.016166e-05,1548.155786,-0.031214,4.960699e-04,3.117222e+10,7.130482e-06,3.539828e-02,-6.428664e+00,2.211530e+06,5.725254e-28,2.637261e-13,1.013520e+00,9.313226e-01,2.181982e+04,3.272510e+04,3.289600e+04,-1.141730e+02,1.588424e+01,4.115917e+01
C IV 1548,8.606557e-07,-2.445047e-06,-1.584393e-06,1548.184547,-0.002453,3.185279e-06,1.929602e+08,6.873934e-06,3.539828e-02,-7.539992e-01,2.055255e+06,5.883578e-28,2.522905e-13,8.136550e-02,1.164153e-01,2.182007e+04,3.272437e+04,3.289624e+04,-1.072787e+02,1.759542e+01,2.772228e+01
C IV 1548,8.335150e-07,-1.390000e-05,-1.306649e-05,1548.166771,-0.020229,1.129714e-05,6.865977e+08,6.896097e-06,3.539828e-02,-4.187400e+00,2.068530e+06,6.010042e-28,2.592988e-13,4.253947e-01,1.164153e-01,2.182007e+04,3.272437e+04,3.289673e+04,-1.069374e+02,1.295444e+01,2.367074e+01
C IV 1548,6.916177e-07,6.061519e-07,1.297770e-06,1548.189009,0.002009,7.277567e-06,4.400544e+08,6.859829e-06,3.539828e-02,1.622342e-01,2.046830e+06,6.556355e-28,2.801012e-13,2.552367e-01,1.164153e-01,2.182007e+04,3.272388e+04,3.289673e+04,-1.061119e+02,1.493594e+01,1.415812e+01
C IV 1548,6.064793e-07,-2.278985e-05,-2.218338e-05,1548.152656,-0.034344,6.166054e-06,3.744698e+08,6.890728e-06,3.539828e-02,-6.851047e+00,2.065311e+06,6.762239e-28,2.919106e-13,2.515235e-01,1.164153e-01,2.181958e+04,3.272388e+04,3.289673e+04,-1.055238e+02,6.612006e+00,1.033323e+01
C IV 1548,5.225796e-07,-5.717337e-06,-5.194761e-06,1548.178958,-0.008042,1.999598e-05,1.207459e+09,6.850535e-06,3.539828e-02,-1.732839e+00,2.041287e+06,7.538906e-28,3.219203e-13,5.067602e-01,1.164153e-01,2.181958e+04,3.272339e+04,3.289673e+04,-1.057546e+02,9.875105e+00,2.271785e+00
C IV 1548,3.535416e-07,9.977324e-06,1.033087e-05,1548.202994,0.015994,3.065192e-05,1.829523e+09,6.772325e-06,3.539828e-02,2.970942e+00,1.994944e+06,8.508443e-28,3.554237e-13,5.067602e-01,1.164153e-01,2.181958e+04,3.272290e+04,3.289673e+04,-1.091054e+02,1.372754e+01,-3.097558e+00
C IV 1548,1.845036e-07,2.436487e-05,2.454938e-05,1548.225007,0.038007,2.041940e-06,1.202068e+08,6.679791e-06,3.539828e-02,7.281695e+00,1.940800e+06,9.527076e-28,3.875254e-13,2.499721e-02,1.164153e-01,2.181958e+04,3.272241e+04,3.289673e+04,-1.151095e+02,1.793461e+01,-6.583446e+00
C IV 1548,1.761653e-07,2.937783e-05,2.955400e-05,1548.232755,0.045755,4.639420e-05,2.739374e+09,6.699387e-06,3.539828e-02,8.784437e+00,1.952204e+06,9.587603e-28,3.924058e-13,4.817630e-01,1.164153e-01,2.181958e+04,3.272241e+04,3.289722e+04,-1.149359e+02,1.810710e+01,-1.190686e+01
C IV 1548,1.546551e-08,4.179804e-05,4.181350e-05,1548.251735,0.064735,4.034906e-06,2.386117e+08,6.709230e-06,3.539828e-02,1.250456e+01,1.957945e+06,1.050875e-27,4.316253e-13,4.531840e-02,1.164153e-01,2.181958e+04,3.272192e+04,3.289722e+04,-1.225077e+02,2.227624e+01,-1.379580e+01
Ly a,6.675298e-06,-1.257593e-04,-1.190848e-04,1215.525232,-0.144768,3.262435e+00,6.022630e+12,2.029338e-05,2.884573e+00,-3.773055e+01,1.503247e+06,3.001958e-28,9.484348e-14,1.215425e+00,7.450581e+00,2.182129e+04,3.274121e+04,3.289160e+04,-9.803327e+01,-6.369824e+00,8.753208e+01
Ly a,6.269873e-06,-1.379830e-04,-1.317140e-04,1215.509879,-0.160121,4.305027e+01,7.910946e+13,2.159550e-05,2.884573e+00,-4.139534e+01,1.702347e+06,3.523779e-28,1.260796e-13,5.323118e-01,7.450581e+00,2.182129e+04,3.273926e+04,3.289160e+04,-1.037433e+02,-1.127220e+01,8.093035e+01
Ly a,6.092312e-06,-2.205142e-04,-2.144233e-04,1215.409332,-0.260668,4.925347e+01,9.051598e+13,2.051697e-05,2.884573e+00,-6.613670e+01,1.536555e+06,3.731349e-28,1.205613e-13,1.494729e+00,7.450581e+00,2.182129e+04,3.273926e+04,3.289355e+04,-1.010858e+02,-3.964222e+01,7.154419e+01
Ly a,5.593721e-06,-2.687487e-04,-2.631565e-04,1215.350089,-0.319911,3.116605e+02,5.727847e+14,2.101814e-05,2.884573e+00,-8.061075e+01,1.612538e+06,4.421101e-28,1.499315e-13,2.027041e+00,7.450581e+00,2.182129e+04,3.273730e+04,3.289355e+04,-1.211313e+02,-4.767984e+01,9.053011e+01
Ly a,4.917569e-06,-2.655299e-04,-2.606136e-04,1215.353180,-0.316820,8.259912e+02,1.518042e+15,2.118039e-05,2.884573e+00,-7.965963e+01,1.637530e+06,4.920903e-28,1.692625e-13,2.027041e+00,7.450581e+00,2.182129e+04,3.273535e+04,3.289355e+04,-1.408826e+02,-3.969996e+01,1.096693e+02
Ly a,4.241417e-06,-2.893046e-04,-2.850644e-04,1215.323456,-0.346544,7.570997e+02,1.391465e+15,2.095179e-05,2.884573e+00,-8.679125e+01,1.602373e+06,5.212026e-28,1.754030e-13,1.013520e+00,9.313226e-01,2.182080e+04,3.273389e+04,3.289404e+04,-1.495239e+02,-4.697239e+01,1.066476e+02
Ly a,3.903341e-06,-2.563204e-04,-2.524181e-04,1215.363143,-0.306857,7.308170e+02,1.343116e+15,2.102890e-05,2.884573e+00,-7.689520e+01,1.614189e+06,4.935126e-28,1.672472e-13,1.013520e+00,9.313226e-01,2.182080e+04,3.273291e+04,3.289404e+04,-1.434238e+02,-4.014148e+01,9.575903e+01
Ly a,3.565264e-06,-2.125760e-04,-2.090115e-04,1215.415911,-0.254089,1.816183e+02,3.337687e+14,2.148459e-05,2.884573e+00,-6.377228e+01,1.684906e+06,4.578379e-28,1.619306e-13,3.068387e-01,9.313226e-01,2.182080e+04,3.273193e+04,3.289404e+04,-1.351626e+02,-3.057480e+01,8.336703e+01
Ly a,3.462913e-06,-2.691437e-04,-2.656817e-04,1215.347019,-0.322981,5.443238e+02,1.000387e+15,2.163840e-05,2.884573e+00,-8.074383e+01,1.709117e+06,5.230388e-28,1.877342e-13,7.066817e-01,9.313226e-01,2.182080e+04,3.273193e+04,3.289502e+04,-1.497036e+02,-4.278970e+01,9.843277e+01
Ly a,3.227188e-06,-2.330427e-04,-2.298163e-04,1215.390619,-0.279381,6.864710e+02,1.261588e+15,2.219274e-05,2.884573e+00,-6.991399e+01,1.797809e+06,5.079466e-28,1.917580e-13,1.013520e+00,9.313226e-01,2.182080e+04,3.273096e+04,3.289502e+04,-1.413006e+02,-3.390025e+01,9.271977e+01
Ly a,2.889112e-06,-2.096779e-04,-2.067894e-04,1215.418612,-0.251388,6.241414e+02,1.147013e+15,2.225557e-05,2.884573e+00,-6.290543e+01,1.808003e+06,5.244570e-28,1.991156e-13,1.013520e+00,9.313226e-01,2.182080e+04,3.272998e+04,3.289502e+04,-1.317560e+02,-2.672381e+01,9.623317e+01
Ly a,2.551036e-06,-1.904710e-04,-1.879204e-04,1215.441551,-0.228449,5.334574e+02,9.803399e+14,2.184891e-05,2.884573e+00,-5.714407e+01,1.742533e+06,5.545471e-28,2.029103e-13,9.968265e-01,9.313226e-01,2.182080e+04,3.272900e+04,3.289502e+04,-1.203320e+02,-2.036698e+01,1.023593e+02
Ly a,2.218529e-06,-2.246641e-04,-2.224461e-04,1215.399579,-0.270421,9.568825e+00,1.758534e+13,2.264791e-05,2.884573e+00,-6.739068e+01,1.872310e+06,5.241352e-28,2.057997e-13,1.669392e-02,9.313226e-01,2.181982e+04,3.272900e+04,3.289502e+04,-1.146573e+02,-3.417522e+01,9.233098e+01
Ly a,2.212960e-06,-1.690436e-04,-1.668310e-04,1215.467189,-0.202811,7.143111e+01,1.312669e+14,2.223017e-05,2.884573e+00,-5.070955e+01,1.803877e+06,5.285255e-28,1.998506e-13,1.941021e-01,9.313226e-01,2.181982e+04,3.272803e+04,3.289502e+04,-1.031008e+02,-1.891435e+01,8.906539e+01
Ly a,2.148214e-06,-1.920952e-04,-1.899474e-04,1215.439087,-0.230913,3.352105e+02,6.160210e+14,2.260350e-05,2.884573e+00,-5.762289e+01,1.864975e+06,5.590938e-28,2.185530e-13,8.194183e-01,9.313226e-01,2.181982e+04,3.272803e+04,3.289600e+04,-1.068005e+02,-2.493281e+01,9.205419e+01
Ly a,1.874884e-06,-1.292426e-04,-1.273680e-04,1215.515163,-0.154837,2.046052e+02,3.759823e+14,2.274444e-05,2.884573e+00,-3.877609e+01,1.888304e+06,5.652943e-28,2.235108e-13,1.013520e+00,9.313226e-01,2.181982e+04,3.272705e+04,3.289600e+04,-1.081845e+02,-8.510234e+00,7.928886e+01
Ly a,1.536808e-06,-6.672311e-05,-6.518641e-05,1215.590755,-0.079245,6.592168e+01,1.211301e+14,2.331350e-05,2.884573e+00,-2.003120e+01,1.983976e+06,5.693450e-28,2.361538e-13,1.013520e+00,9.313226e-01,2.181982e+04,3.272607e+04,3.289600e+04,-1.141850e+02,6.981430e+00,6.143232e+01
Ly a,1.198732e-06,-2.136037e-05,-2.016166e-05,1215.645490,-0.024510,9.699698e+00,1.782229e+13,2.461420e-05,2.884573e+00,-6.428664e+00,2.211530e+06,5.725254e-28,2.637261e-13,1.013520e+00,9.313226e-01,2.181982e+04,3.272510e+04,3.289600e+04,-1.141730e+02,1.588424e+01,4.115917e+01
Ly a,8.606557e-07,-2.445047e-06,-1.584393e-06,1215.668074,-0.001926,5.301346e-04,6.446233e+10,2.372860e-05,2.884573e+00,-7.539992e-01,2.055255e+06,5.883578e-28,2.522905e-13,8.136550e-02,1.164153e-01,2.182007e+04,3.272437e+04,3.289624e+04,-1.072787e+02,1.759542e+01,2.772228e+01
Ly a,8.335150e-07,-1.390000e-05,-1.306649e-05,1215.654115,-0.015885,1.578280e-03,1.925285e+11,2.380511e-05,2.884573e+00,-4.187400e+00,2.068530e+06,6.010042e-28,2.592988e-13,4.253947e-01,1.164153e-01,2.182007e+04,3.272437e+04,3.289673e+04,-1.069374e+02,1.295444e+01,2.367074e+01
Ly a,6.916177e-07,6.061519e-07,1.297770e-06,1215.671578,0.001578,6.321434e-02,2.545166e+11,2.367991e-05,2.884573e+00,1.622342e-01,2.046830e+06,6.556355e-28,2.801012e-13,2.552367e-01,1.164153e-01,2.182007e+04,3.272388e+04,3.289673e+04,-1.061119e+02,1.493594e+01,1.415812e+01
Ly a,6.064793e-07,-2.278985e-05,-2.218338e-05,1215.643032,-0.026968,3.260888e-04,3.974761e+10,2.378658e-05,2.884573e+00,-6.851047e+00,2.065311e+06,6.762239e-28,2.919106e-13,2.515235e-01,1.164153e-01,2.181958e+04,3.272388e+04,3.289673e+04,-1.055238e+02,6.612006e+00,1.033323e+01
Ly a,5.225796e-07,-5.717337e-06,-5.194761e-06,1215.663685,-0.006315,3.866135e-01,7.211693e+11,2.364783e-05,2.884573e+00,-1.732839e+00,2.041287e+06,7.538906e-28,3.219203e-13,5.067602e-01,1.164153e-01,2.181958e+04,3.272339e+04,3.289673e+04,-1.057546e+02,9.875105e+00,2.271785e+00
Ly a,3.535416e-07,9.977324e-06,1.033087e-05,1215.682559,0.012559,7.733238e-01,1.440855e+12,2.337785e-05,2.884573e+00,2.970942e+00,1.994944e+06,8.508443e-28,3.554237e-13,5.067602e-01,1.164153e-01,2.181958e+04,3.272290e+04,3.289673e+04,-1.091054e+02,1.372754e+01,-3.097558e+00
Ly a,1.845036e-07,2.436487e-05,2.454938e-05,1215.699844,0.029844,3.288667e-04,3.886072e+10,2.305843e-05,2.884573e+00,7.281695e+00,1.940800e+06,9.527076e-28,3.875254e-13,2.499721e-02,1.164153e-01,2.181958e+04,3.272241e+04,3.289673e+04,-1.151095e+02,1.793461e+01,-6.583446e+00
Ly a,1.761653e-07,2.937783e-05,2.955400e-05,1215.705928,0.035928,3.437416e+01,6.315602e+13,2.312607e-05,2.884573e+00,8.784437e+00,1.952204e+06,9.587603e-28,3.924058e-13,4.817630e-01,1.164153e-01,2.181958e+04,3.272241e+04,3.289722e+04,-1.149359e+02,1.810710e+01,-1.190686e+01
Ly a,1.546551e-08,4.179804e-05,4.181350e-05,1215.720831,0.050831,1.651520e+00,3.074314e+12,2.316005e-05,2.884573e+00,1.250456e+01,1.957945e+06,1.050875e-27,4.316253e-13,4.531840e-02,1.164153e-01,2.181958e+04,3.272192e+04,3.289722e+04,-1.225077e+02,2.227624e+01,-1.379580e+01
Si II 1193,6.675298e-06,-1.257593e-04,-1.190848e-04,1193.147897,-0.142103,2.680287e-05,3.904471e+08,3.844419e-06,1.314023e-02,-3.773055e+01,1.503247e+06,3.001958e-28,9.484348e-14,1.215425e+00,7.450581e+00,2.182129e+04,3.274121e+04,3.289160e+04,-9.803327e+01,-6.369824e+00,8.753208e+01
Si II 1193,6.269873e-06,-1.379830e-04,-1.317140e-04,1193.132827,-0.157173,1.178342e-04,1.825645e+09,4.091096e-06,1.314023e-02,-4.139534e+01,1.702347e+06,3.523779e-28,1.260796e-13,5.323118e-01,7.450581e+00,2.182129e+04,3.273926e+04,3.289160e+04,-1.037433e+02,-1.127220e+01,8.093035e+01
Si II 1193,6.092312e-06,-2.205142e-04,-2.144233e-04,1193.034131,-0.255869,1.320809e-04,1.944123e+09,3.886776e-06,1.314023e-02,-6.613670e+01,1.536555e+06,3.731349e-28,1.205613e-13,1.494729e+00,7.450581e+00,2.182129e+04,3.273926e+04,3.289355e+04,-1.010858e+02,-3.964222e+01,7.154419e+01
Si II 1193,5.593721e-06,-2.687487e-04,-2.631565e-04,1192.975978,-0.314022,1.259760e-03,1.899380e+10,3.981718e-06,1.314023e-02,-8.061075e+01,1.612538e+06,4.421101e-28,1.499315e-13,2.027041e+00,7.450581e+00,2.182129e+04,3.273730e+04,3.289355e+04,-1.211313e+02,-4.767984e+01,9.053011e+01
Si II 1193,4.917569e-06,-2.655299e-04,-2.606136e-04,1192.979012,-0.310988,1.113483e-01,1.537325e+11,4.012455e-06,1.314023e-02,-7.965963e+01,1.637530e+06,4.920903e-28,1.692625e-13,2.027041e+00,7.450581e+00,2.182129e+04,3.273535e+04,3.289355e+04,-1.408826e+02,-3.969996e+01,1.096693e+02
Si II 1193,4.241417e-06,-2.893046e-04,-2.850644e-04,1192.949836,-0.340164,1.382900e-01,1.909271e+11,3.969148e-06,1.314023e-02,-8.679125e+01,1.602373e+06,5.212026e-28,1.754030e-13,1.013520e+00,9.313226e-01,2.182080e+04,3.273389e+04,3.289404e+04,-1.495239e+02,-4.697239e+01,1.066476e+02
Si II 1193,3.903341e-06,-2.563204e-04,-2.524181e-04,1192.988792,-0.301208,1.240627e-01,1.712807e+11,3.983756e-06,1.314023e-02,-7.689520e+01,1.614189e+06,4.935126e-28,1.672472e-13,1.013520e+00,9.313226e-01,2.182080e+04,3.273291e+04,3.289404e+04,-1.434238e+02,-4.014148e+01,9.575903e+01
Si II 1193,3.565264e-06,-2.125760e-04,-2.090115e-04,1193.040589,-0.249411,1.803194e-02,3.942729e+10,4.070083e-06,1.314023e-02,-6.377228e+01,1.684906e+06,4.578379e-28,1.619306e-13,3.068387e-01,9.313226e-01,2.182080e+04,3.273193e+04,3.289404e+04,-1.351626e+02,-3.057480e+01,8.336703e+01
Si II 1193,3.462913e-06,-2.691437e-04,-2.656817e-04,1192.972965,-0.317035,7.859493e-02,1.171627e+11,4.099222e-06,1.314023e-02,-8.074383e+01,1.709117e+06,5.230388e-28,1.877342e-13,7.066817e-01,9.313226e-01,2.182080e+04,3.273193e+04,3.289502e+04,-1.497036e+02,-4.278970e+01,9.843277e+01
Si II 1193,3.227188e-06,-2.330427e-04,-2.298163e-04,1193.015763,-0.274237,1.400664e-01,1.934204e+11,4.204238e-06,1.314023e-02,-6.991399e+01,1.797809e+06,5.079466e-28,1.917580e-13,1.013520e+00,9.313226e-01,2.182080e+04,3.273096e+04,3.289502e+04,-1.413006e+02,-3.390025e+01,9.271977e+01
Si II 1193,2.889112e-06,-2.096779e-04,-2.067894e-04,1193.043240,-0.246760,1.961207e-01,2.708261e+11,4.216140e-06,1.314023e-02,-6.290543e+01,1.808003e+06,5.244570e-28,1.991156e-13,1.013520e+00,9.313226e-01,2.182080e+04,3.272998e+04,3.289502e+04,-1.317560e+02,-2.672381e+01,9.623317e+01
Si II 1193,2.551036e-06,-1.904710e-04,-1.879204e-04,1193.065756,-0.224244,2.228940e-01,3.077576e+11,4.139101e-06,1.314023e-02,-5.714407e+01,1.742533e+06,5.545471e-28,2.029103e-13,9.968265e-01,9.313226e-01,2.182080e+04,3.272900e+04,3.289502e+04,-1.203320e+02,-2.036698e+01,1.023593e+02
Si II 1193,2.218529e-06,-2.246641e-04,-2.224461e-04,1193.024557,-0.265443,2.856533e-04,4.639232e+09,4.290465e-06,1.314023e-02,-6.739068e+01,1.872310e+06,5.241352e-28,2.057997e-13,1.669392e-02,9.313226e-01,2.181982e+04,3.272900e+04,3.289502e+04,-1.146573e+02,-3.417522e+01,9.233098e+01
Si II 1193,2.212960e-06,-1.690436e-04,-1.668310e-04,1193.090922,-0.199078,2.899266e-02,4.360486e+10,4.211328e-06,1.314023e-02,-5.070955e+01,1.803877e+06,5.285255e-28,1.998506e-13,1.941021e-01,9.313226e-01,2.181982e+04,3.272803e+04,3.289502e+04,-1.031008e+02,-1.891435e+01,8.906539e+01
Si II 1193,2.148214e-06,-1.920952e-04,-1.899474e-04,1193.063338,-0.226662,1.480886e-01,2.045173e+11,4.282052e-06,1.314023e-02,-5.762289e+01,1.864975e+06,5.590938e-28,2.185530e-13,8.194183e-01,9.313226e-01,2.181982e+04,3.272803e+04,3.289600e+04,-1.068005e+02,-2.493281e+01,9.205419e+01
Si II 1193,1.874884e-06,-1.292426e-04,-1.273680e-04,1193.138013,-0.151987,9.942315e-02,1.373070e+11,4.308752e-06,1.314023e-02,-3.877609e+01,1.888304e+06,5.652943e-28,2.235108e-13,1.013520e+00,9.313226e-01,2.181982e+04,3.272705e+04,3.289600e+04,-1.081845e+02,-8.510234e+00,7.928886e+01
Si II 1193,1.536808e-06,-6.672311e-05,-6.518641e-05,1193.212214,-0.077786,2.922322e-02,4.468234e+10,4.416556e-06,1.314023e-02,-2.003120e+01,1.983976e+06,5.693450e-28,2.361538e-13,1.013520e+00,9.313226e-01,2.181982e+04,3.272607e+04,3.289600e+04,-1.141850e+02,6.981430e+00,6.143232e+01
Si II 1193,1.198732e-06,-2.136037e-05,-2.016166e-05,1193.265941,-0.024059,3.702371e-04,6.533309e+09,4.662963e-06,1.314023e-02,-6.428664e+00,2.211530e+06,5.725254e-28,2.637261e-13,1.013520e+00,9.313226e-01,2.181982e+04,3.272510e+04,3.289600e+04,-1.141730e+02,1.588424e+01,4.115917e+01
Si II 1193,8.606557e-07,-2.445047e-06,-1.584393e-06,1193.288109,-0.001891,1.163107e-06,1.979751e+07,4.495194e-06,1.314023e-02,-7.539992e-01,2.055255e+06,5.883578e-28,2.522905e-13,8.136550e-02,1.164153e-01,2.182007e+04,3.272437e+04,3.289624e+04,-1.072787e+02,1.759542e+01,2.772228e+01
Si II 1193,8.335150e-07,-1.390000e-05,-1.306649e-05,1193.274408,-0.015592,2.981246e-06,5.088301e+07,4.509687e-06,1.314023e-02,-4.187400e+00,2.068530e+06,6.010042e-28,2.592988e-13,4.253947e-01,1.164153e-01,2.182007e+04,3.272437e+04,3.289673e+04,-1.069374e+02,1.295444e+01,2.367074e+01
Si II 1193,6.916177e-07,6.061519e-07,1.297770e-06,1193.291549,0.001549,1.036915e-06,1.761556e+07,4.485970e-06,1.314023e-02,1.622342e-01,2.046830e+06,6.556355e-28,2.801012e-13,2.552367e-01,1.164153e-01,2.182007e+04,3.272388e+04,3.289673e+04,-1.061119e+02,1.493594e+01,1.415812e+01
Si II 1193,6.064793e-07,-2.278985e-05,-2.218338e-05,1193.263529,-0.026471,8.432291e-09,1.438216e+05,4.506177e-06,1.314023e-02,-6.851047e+00,2.065311e+06,6.762239e-28,2.919106e-13,2.515235e-01,1.164153e-01,2.181958e+04,3.272388e+04,3.289673e+04,-1.055238e+02,6.612006e+00,1.033323e+01
Si II 1193,5.225796e-07,-5.717337e-06,-5.194761e-06,1193.283801,-0.006199,3.018484e-06,5.118226e+07,4.479893e-06,1.314023e-02,-1.732839e+00,2.041287e+06,7.538906e-28,3.219203e-13,5.067602e-01,1.164153e-01,2.181958e+04,3.272339e+04,3.289673e+04,-1.057546e+02,9.875105e+00,2.271785e+00
Si II 1193,3.535416e-07,9.977324e-06,1.033087e-05,1193.302328,0.012328,6.436827e-06,1.079358e+08,4.428747e-06,1.314023e-02,2.970942e+00,1.994944e+06,8.508443e-28,3.554237e-13,5.067602e-01,1.164153e-01,2.181958e+04,3.272290e+04,3.289673e+04,-1.091054e+02,1.372754e+01,-3.097558e+00
Si II 1193,1.845036e-07,2.436487e-05,2.454938e-05,1193.319295,0.029295,1.566299e-07,2.592317e+06,4.368235e-06,1.314023e-02,7.281695e+00,1.940800e+06,9.527076e-28,3.875254e-13,2.499721e-02,1.164153e-01,2.181958e+04,3.272241e+04,3.289673e+04,-1.151095e+02,1.793461e+01,-6.583446e+00
Si II 1193,1.761653e-07,2.937783e-05,2.955400e-05,1193.325266,0.035266,3.101926e-04,5.143701e+09,4.381049e-06,1.314023e-02,8.784437e+00,1.952204e+06,9.587603e-28,3.924058e-13,4.817630e-01,1.164153e-01,2.181958e+04,3.272241e+04,3.289722e+04,-1.149359e+02,1.810710e+01,-1.190686e+01
Si II 1193,1.546551e-08,4.179804e-05,4.181350e-05,1193.339896,0.049896,1.502254e-05,2.497962e+08,4.387486e-06,1.314023e-02,1.250456e+01,1.957945e+06,1.050875e-27,4.316253e-13,4.531840e-02,1.164153e-01,2.181958e+04,3.272192e+04,3.289722e+04,-1.225077e+02,2.227624e+01,-1.379580e+01
Si III 1206,6.675298e-06,-1.257593e-04,-1.190848e-04,1206.356324,-0.143676,1.535292e-02,1.118196e+10,3.844419e-06,1.272203e-01,-3.773055e+01,1.503247e+06,3.001958e-28,9.484348e-14,1.215425e+00,7.450581e+00,2.182129e+04,3.274121e+04,3.289160e+04,-9.803327e+01,-6.369824e+00,8.753208e+01
Si III 1206,6.269873e-06,-1.379830e-04,-1.317140e-04,1206.341087,-0.158913,4.336679e-02,2.237410e+10,4.091096e-06,1.272203e-01,-4.139534e+01,1.702347e+06,3.523779e-28,1.260796e-13,5.323118e-01,7.450581e+00,2.182129e+04,3.273926e+04,3.289160e+04,-1.037433e+02,-1.127220e+01,8.093035e+01
Si III 1206,6.092312e-06,-2.205142e-04,-2.144233e-04,1206.241298,-0.258702,2.228746e-01,1.061706e+11,3.886776e-06,1.272203e-01,-6.613670e+01,1.536555e+06,3.731349e-28,1.205613e-13,1.494729e+00,7.450581e+00,2.182129e+04,3.273926e+04,3.289355e+04,-1.010858e+02,-3.964222e+01,7.154419e+01
Si III 1206,5.593721e-06,-2.687487e-04,-2.631565e-04,1206.182502,-0.317498,3.916890e-01,1.866127e+11,3.981718e-06,1.272203e-01,-8.061075e+01,1.612538e+06,4.421101e-28,1.499315e-13,2.027041e+00,7.450581e+00,2.182129e+04,3.273730e+04,3.289355e+04,-1.211313e+02,-4.767984e+01,9.053011e+01
Si III 1206,4.917569e-06,-2.655299e-04,-2.606136e-04,1206.185570,-0.314430,1.035015e+00,4.931264e+11,4.012455e-06,1.272203e-01,-7.965963e+01,1.637530e+06,4.920903e-28,1.692625e-13,2.027041e+00,7.450581e+00,2.182129e+04,3.273535e+04,3.289355e+04,-1.408826e+02,-3.969996e+01,1.096693e+02
Si III 1206,4.241417e-06,-2.893046e-04,-2.850644e-04,1206.156070,-0.343930,1.207888e+00,5.754798e+11,3.969148e-06,1.272203e-01,-8.679125e+01,1.602373e+06,5.212026e-28,1.754030e-13,1.013520e+00,9.313226e-01,2.182080e+04,3.273389e+04,3.289404e+04,-1.495239e+02,-4.697239e+01,1.066476e+02
Si III 1206,3.903341e-06,-2.563204e-04,-2.524181e-04,1206.195458,-0.304542,1.113425e+00,5.304646e+11,3.983756e-06,1.272203e-01,-7.689520e+01,1.614189e+06,4.935126e-28,1.672472e-13,1.013520e+00,9.313226e-01,2.182080e+04,3.273291e+04,3.289404e+04,-1.434238e+02,-4.014148e+01,9.575903e+01
Si III 1206,3.565264e-06,-2.125760e-04,-2.090115e-04,1206.247828,-0.252172,2.794226e-01,1.331315e+11,4.070083e-06,1.272203e-01,-6.377228e+01,1.684906e+06,4.578379e-28,1.619306e-13,3.068387e-01,9.313226e-01,2.182080e+04,3.273193e+04,3.289404e+04,-1.351626e+02,-3.057480e+01,8.336703e+01
Si III 1206,3.462913e-06,-2.691437e-04,-2.656817e-04,1206.179455,-0.320545,8.582525e-01,4.089564e+11,4.099222e-06,1.272203e-01,-8.074383e+01,1.709117e+06,5.230388e-28,1.877342e-13,7.066817e-01,9.313226e-01,2.182080e+04,3.273193e+04,3.289502e+04,-1.497036e+02,-4.278970e+01,9.843277e+01
Si III 1206,3.227188e-06,-2.330427e-04,-2.298163e-04,1206.222727,-0.277273,1.582633e+00,7.542132e+11,4.204238e-06,1.272203e-01,-6.991399e+01,1.797809e+06,5.079466e-28,1.917580e-13,1.013520e+00,9.313226e-01,2.182080e+04,3.273096e+04,3.289502e+04,-1.413006e+02,-3.390025e+01,9.271977e+01
Si III 1206,2.889112e-06,-2.096779e-04,-2.067894e-04,1206.250509,-0.249491,2.293865e+00,1.093160e+12,4.216140e-06,1.272203e-01,-6.290543e+01,1.808003e+06,5.244570e-28,1.991156e-13,1.013520e+00,9.313226e-01,2.182080e+04,3.272998e+04,3.289502e+04,-1.317560e+02,-2.672381e+01,9.623317e+01
Si III 1206,2.551036e-06,-1.904710e-04,-1.879204e-04,1206.273274,-0.226726,2.613814e+00,1.245446e+12,4.139101e-06,1.272203e-01,-5.714407e+01,1.742533e+06,5.545471e-28,2.029103e-13,9.968265e-01,9.313226e-01,2.182080e+04,3.272900e+04,3.289502e+04,-1.203320e+02,-2.036698e+01,1.023593e+02
Si III 1206,2.218529e-06,-2.246641e-04,-2.224461e-04,1206.231619,-0.268381,3.567754e-02,1.870465e+10,4.290465e-06,1.272203e-01,-6.739068e+01,1.872310e+06,5.241352e-28,2.057997e-13,1.669392e-02,9.313226e-01,2.181982e+04,3.272900e+04,3.289502e+04,-1.146573e+02,-3.417522e+01,9.233098e+01
Si III 1206,2.212960e-06,-1.690436e-04,-1.668310e-04,1206.298718,-0.201282,3.694096e-01,1.760363e+11,4.211328e-06,1.272203e-01,-5.070955e+01,1.803877e+06,5.285255e-28,1.998506e-13,1.941021e-01,9.313226e-01,2.181982e+04,3.272803e+04,3.289502e+04,-1.031008e+02,-1.891435e+01,8.906539e+01
Si III 1206,2.148214e-06,-1.920952e-04,-1.899474e-04,1206.270828,-0.229172,1.732515e+00,8.257343e+11,4.282052e-06,1.272203e-01,-5.762289e+01,1.864975e+06,5.590938e-28,2.185530e-13,8.194183e-01,9.313226e-01,2.181982e+04,3.272803e+04,3.289600e+04,-1.068005e+02,-2.493281e+01,9.205419e+01
Si III 1206,1.874884e-06,-1.292426e-04,-1.273680e-04,1206.346331,-0.153669,1.163743e+00,5.546450e+11,4.308752e-06,1.272203e-01,-3.877609e+01,1.888304e+06,5.652943e-28,2.235108e-13,1.013520e+00,9.313226e-01,2.181982e+04,3.272705e+04,3.289600e+04,-1.081845e+02,-8.510234e+00,7.928886e+01
Si III 1206,1.536808e-06,-6.672311e-05,-6.518641e-05,1206.421353,-0.078647,3.786361e-01,1.804975e+11,4.416556e-06,1.272203e-01,-2.003120e+01,1.983976e+06,5.693450e-28,2.361538e-13,1.013520e+00,9.313226e-01,2.181982e+04,3.272607e+04,3.289600e+04,-1.141850e+02,6.981430e+00,6.143232e+01
Si III 1206,1.198732e-06,-2.136037e-05,-2.016166e-05,1206.475675,-0.024325,4.875330e-02,2.639178e+10,4.662963e-06,1.272203e-01,-6.428664e+00,2.211530e+06,5.725254e-28,2.637261e-13,1.013520e+00,9.313226e-01,2.181982e+04,3.272510e+04,3.289600e+04,-1.141730e+02,1.588424e+01,4.115917e+01
Si III 1206,8.606557e-07,-2.445047e-06,-1.584393e-06,1206.498088,-0.001912,1.346795e-05,7.997368e+07,4.495194e-06,1.272203e-01,-7.539992e-01,2.055255e+06,5.883578e-28,2.522905e-13,8.136550e-02,1.164153e-01,2.182007e+04,3.272437e+04,3.289624e+04,-1.072787e+02,1.759542e+01,2.772228e+01
Si III 1206,8.335150e-07,-1.390000e-05,-1.306649e-05,1206.484235,-0.015765,3.451973e-05,2.055464e+08,4.509687e-06,1.272203e-01,-4.187400e+00,2.068530e+06,6.010042e-28,2.592988e-13,4.253947e-01,1.164153e-01,2.182007e+04,3.272437e+04,3.289673e+04,-1.069374e+02,1.295444e+01,2.367074e+01
Si III 1206,6.916177e-07,6.061519e-07,1.297770e-06,1206.501566,0.001566,4.257572e-06,2.523302e+07,4.485970e-06,1.272203e-01,1.622342e-01,2.046830e+06,6.556355e-28,2.801012e-13,2.552367e-01,1.164153e-01,2.182007e+04,3.272388e+04,3.289673e+04,-1.061119e+02,1.493594e+01,1.415812e+01
Si III 1206,6.064793e-07,-2.278985e-05,-2.218338e-05,1206.473236,-0.026764,3.476899e-08,2.068962e+05,4.506177e-06,1.272203e-01,-6.851047e+00,2.065311e+06,6.762239e-28,2.919106e-13,2.515235e-01,1.164153e-01,2.181958e+04,3.272388e+04,3.289673e+04,-1.055238e+02,6.612006e+00,1.033323e+01
Si III 1206,5.225796e-07,-5.717337e-06,-5.194761e-06,1206.493733,-0.006267,1.239360e-05,7.331507e+07,4.479893e-06,1.272203e-01,-1.732839e+00,2.041287e+06,7.538906e-28,3.219203e-13,5.067602e-01,1.164153e-01,2.181958e+04,3.272339e+04,3.289673e+04,-1.057546e+02,9.875105e+00,2.271785e+00
Si III 1206,3.535416e-07,9.977324e-06,1.033087e-05,1206.512464,0.012464,2.643011e-05,1.546090e+08,4.428747e-06,1.272203e-01,2.970942e+00,1.994944e+06,8.508443e-28,3.554237e-13,5.067602e-01,1.164153e-01,2.181958e+04,3.272290e+04,3.289673e+04,-1.091054e+02,1.372754e+01,-3.097558e+00
Si III 1206,1.845036e-07,2.436487e-05,2.454938e-05,1206.529619,0.029619,6.430668e-07,3.713540e+06,4.368235e-06,1.272203e-01,7.281695e+00,1.940800e+06,9.527076e-28,3.875254e-13,2.499721e-02,1.164153e-01,2.181958e+04,3.272241e+04,3.289673e+04,-1.151095e+02,1.793461e+01,-6.583446e+00
Si III 1206,1.761653e-07,2.937783e-05,2.955400e-05,1206.535657,0.035657,1.273547e-03,7.367642e+09,4.381049e-06,1.272203e-01,8.784437e+00,1.952204e+06,9.587603e-28,3.924058e-13,4.817630e-01,1.164153e-01,2.181958e+04,3.272241e+04,3.289722e+04,-1.149359e+02,1.810710e+01,-1.190686e+01
Si III 1206,1.546551e-08,4.179804e-05,4.181350e-05,1206.550448,0.050448,6.169109e-05,3.577990e+08,4.387486e-06,1.272203e-01,1.250456e+01,1.957945e+06,1.050875e-27,4.316253e-13,4.531840e-02,1.164153e-01,2.181958e+04,3.272192e+04,3.289722e+04,-1.225077e+02,2.227624e+01,-1.379580e+01
