Line	 z_cosmo	 z_doppler	 z_effective	 wavelength [A]	delta wavelength [A]	 optical depth	column density [cm^-2]	 thermal broadening [km/s]	equivalent width [A]	 velocity_los [km/s]	temperature [K]	 density [g/cm^3]	 pressure [dyne/cm^2]	dl [kpccm/h]	 cell_volume [kpccm/h^3]	 x [kpccm/h]	y [kpccm/h]	 z [kpccm/h]	 v_x [km/s]	 v_y [km/s]	v_z [km/s]	 
Line,z_cosmo,z_dopp,z_eff,lambda,delta_lamdba,tau,N,thermal_b,EW,v_los,T,rho,p,dl,cell_volume,x,y,z,vx,vy,vz
C II 1335,1.023894e-05,4.930773e-04,5.033213e-04,1335.203698,0.671698,7.331000e-05,6.486677e+09,5.874233e-06,4.240726e-01,1.477574e+02,1.500920e+06,2.283487e-28,7.203246e-14,6.289922e-01,7.450581e+00,2.180762e+04,3.273535e+04,3.292285e+04,-1.726827e+02,5.956712e+01,6.848300e+01
C II 1335,1.002913e-05,4.727065e-04,4.827403e-04,1335.176232,0.644232,2.371346e-06,2.050405e+08,5.740170e-06,4.240726e-01,1.416459e+02,1.433193e+06,2.481113e-28,7.472474e-14,5.450149e-01,7.450581e+00,2.180762e+04,3.273535e+04,3.292090e+04,-1.833479e+02,6.545343e+01,5.310913e+01
C II 1335,9.847330e-06,4.457512e-04,4.556030e-04,1335.140017,0.608017,2.685082e-04,2.444283e+10,6.040484e-06,4.240726e-01,1.335699e+02,1.587079e+06,2.362245e-28,7.852422e-14,8.771731e-01,7.450581e+00,2.180762e+04,3.273340e+04,3.292090e+04,-1.780619e+02,6.094601e+01,4.805284e+01
C II 1335,9.554733e-06,4.832322e-04,4.927916e-04,1335.189646,0.657646,8.074559e-04,7.991012e+10,6.568510e-06,4.240726e-01,1.448031e+02,1.876674e+06,2.928562e-28,1.147330e-13,9.481018e-01,7.450581e+00,2.180957e+04,3.273340e+04,3.292090e+04,-1.771823e+02,7.136949e+01,5.684698e+01
C II 1335,9.238478e-06,4.050372e-04,4.142794e-04,1335.084869,0.552869,1.075114e-10,1.108838e+04,6.848519e-06,4.240726e-01,1.213784e+02,2.040086e+06,2.458034e-28,1.041044e-13,2.370290e+00,7.450581e+00,2.180957e+04,3.273340e+04,3.291895e+04,-1.544383e+02,5.612048e+01,4.674585e+01
C II 1335,8.447827e-06,3.432080e-04,3.516588e-04,1335.001300,0.469300,2.121442e-09,2.076013e+05,6.495932e-06,4.240726e-01,1.028518e+02,1.835431e+06,2.674903e-28,1.019771e-13,5.104317e-01,7.450581e+00,2.180957e+04,3.273340e+04,3.291699e+04,-1.435915e+02,3.888534e+01,3.802041e+01
C II 1335,8.277563e-06,4.337655e-04,4.420466e-04,1335.121925,0.589925,3.849143e-07,4.869854e+07,8.401485e-06,4.240726e-01,1.299884e+02,3.070204e+06,2.094612e-28,1.330488e-13,1.234917e+00,7.450581e+00,2.180957e+04,3.273145e+04,3.291699e+04,-1.583442e+02,3.890397e+01,6.403803e+01
C II 1335,7.865636e-06,4.046127e-04,4.124815e-04,1335.082470,0.550470,8.675854e-05,1.183358e+10,9.058324e-06,4.240726e-01,1.212589e+02,3.569035e+06,2.023332e-28,1.490486e-13,6.249410e-01,7.450581e+00,2.181152e+04,3.273145e+04,3.291699e+04,-1.381507e+02,3.674901e+01,6.398181e+01
C II 1335,7.657176e-06,3.740591e-04,3.817192e-04,1335.041416,0.509416,1.252738e-06,1.405425e+08,7.448668e-06,4.240726e-01,1.120990e+02,2.413306e+06,2.677410e-28,1.343827e-13,2.370290e+00,7.450581e+00,2.181152e+04,3.273145e+04,3.291504e+04,-1.446747e+02,2.903940e+01,5.369470e+01
C II 1335,6.866525e-06,2.940995e-04,3.009680e-04,1334.933651,0.401651,1.922531e-08,1.793349e+06,6.193152e-06,4.240726e-01,8.813368e+01,1.668317e+06,3.312600e-28,1.158667e-13,4.758485e-01,7.450581e+00,2.181152e+04,3.273145e+04,3.291309e+04,-1.403301e+02,1.497714e+01,3.372717e+01
C II 1335,6.707797e-06,3.275999e-04,3.343099e-04,1334.978147,0.446147,3.642191e-04,3.761246e+10,6.856086e-06,4.240726e-01,9.817506e+01,2.044596e+06,2.835053e-28,1.211790e-13,7.092964e-01,9.313226e-01,2.181201e+04,3.272998e+04,3.291357e+04,-1.407014e+02,2.845449e+01,3.895130e+01
C II 1335,6.471199e-06,2.768314e-04,2.833044e-04,1334.910079,0.378079,1.260120e-03,1.189918e+11,6.266491e-06,4.240726e-01,8.296025e+01,1.708063e+06,3.201844e-28,1.147169e-13,8.833648e-01,9.313226e-01,2.181201e+04,3.272998e+04,3.291260e+04,-1.335734e+02,1.871404e+01,2.872933e+01
C II 1335,6.176538e-06,2.245433e-04,2.307212e-04,1334.839905,0.307905,1.188276e-01,6.050215e+11,6.194468e-06,4.240726e-01,6.729720e+01,1.669026e+06,2.557577e-28,8.940070e-14,3.017801e-01,7.450581e+00,2.181348e+04,3.272949e+04,3.291309e+04,-1.029924e+02,1.297595e+01,2.692565e+01
C II 1335,6.075874e-06,1.470082e-04,1.530850e-04,1334.736297,0.204297,9.583128e-01,4.711046e+12,5.526101e-06,4.240726e-01,4.405643e+01,1.328289e+06,3.450081e-28,9.612884e-14,2.370290e+00,7.450581e+00,2.181348e+04,3.272949e+04,3.291113e+04,-9.566239e+01,-5.242086e+00,1.132800e+01
C II 1335,5.285223e-06,1.592244e-04,1.645104e-04,1334.751544,0.219544,7.057025e-02,3.549096e+11,5.739861e-06,4.240726e-01,4.771513e+01,1.433038e+06,4.678966e-28,1.408079e-13,4.412653e-01,9.313226e-01,2.181396e+04,3.272900e+04,3.290967e+04,-1.055815e+02,-1.116030e+01,1.410597e+01
C II 1335,5.138031e-06,1.306815e-04,1.358202e-04,1334.713256,0.181256,8.368224e-02,4.206902e+11,5.724005e-06,4.240726e-01,3.916352e+01,1.425132e+06,4.123837e-28,1.233526e-13,7.438797e-01,9.313226e-01,2.181396e+04,3.272803e+04,3.290967e+04,-8.982127e+01,-9.874802e+00,1.045758e+01
C II 1335,4.889897e-06,1.573662e-04,1.622568e-04,1334.748537,0.216537,6.855870e-04,6.272187e+10,6.072405e-06,4.240726e-01,4.715887e+01,1.603897e+06,5.148035e-28,1.734388e-13,1.185145e+00,9.313226e-01,2.181396e+04,3.272803e+04,3.290869e+04,-1.025485e+02,-1.404583e+01,1.630399e+01
C II 1335,4.494572e-06,1.674408e-04,1.719361e-04,1334.761454,0.229454,3.702306e-07,3.588949e+07,6.434886e-06,4.240726e-01,5.017657e+01,1.801096e+06,5.758320e-28,2.179542e-13,2.138071e-02,9.313226e-01,2.181396e+04,3.272803e+04,3.290771e+04,-1.083702e+02,-1.966612e+01,2.007193e+01
C II 1335,4.487440e-06,2.036227e-04,2.081110e-04,1334.809731,0.277731,8.258592e-05,8.268325e+09,6.645044e-06,4.240726e-01,6.102327e+01,1.920662e+06,5.451263e-28,2.199475e-13,4.025929e-01,9.313226e-01,2.181494e+04,3.272803e+04,3.290771e+04,-1.096770e+02,-6.556952e+00,2.602094e+01
C II 1335,4.353148e-06,1.753807e-04,1.797346e-04,1334.771862,0.239862,0.000000e+00,0.000000e+00,6.655408e-06,4.240726e-01,5.256094e+01,1.926657e+06,5.087337e-28,2.058526e-13,7.611713e-01,9.313226e-01,2.181494e+04,3.272705e+04,3.290771e+04,-9.677905e+01,-1.214925e+01,2.460523e+01
C II 1335,4.099246e-06,1.618290e-04,1.659290e-04,1334.753438,0.221438,6.168330e-04,6.341648e+10,6.826490e-06,4.240726e-01,4.849736e+01,2.026983e+06,5.481832e-28,2.334527e-13,1.185145e+00,9.313226e-01,2.181494e+04,3.272705e+04,3.290674e+04,-9.875458e+01,-1.970607e+01,2.255518e+01
C II 1335,3.703921e-06,1.460237e-04,1.497282e-04,1334.731817,0.199817,2.925237e-04,3.064209e+10,6.954578e-06,4.240726e-01,4.375729e+01,2.103762e+06,5.686124e-28,2.513795e-13,1.829611e-01,9.313226e-01,2.181494e+04,3.272705e+04,3.290576e+04,-1.025898e+02,-2.828496e+01,1.932842e+01
C II 1335,3.642891e-06,1.839566e-04,1.876002e-04,1334.782358,0.250358,6.766879e-04,7.014918e+10,6.882814e-06,4.240726e-01,5.512707e+01,2.060569e+06,5.356102e-28,2.318620e-13,2.237209e-01,9.313226e-01,2.181592e+04,3.272705e+04,3.290576e+04,-1.069231e+02,-2.630826e+01,3.010265e+01
C II 1335,3.568265e-06,1.711014e-04,1.746703e-04,1334.765103,0.233103,7.579400e-04,7.697327e+10,6.743447e-06,4.240726e-01,5.127577e+01,1.977967e+06,5.294554e-28,2.199880e-13,7.784629e-01,9.313226e-01,2.181592e+04,3.272607e+04,3.290576e+04,-9.901097e+01,-2.797348e+01,2.997108e+01
C II 1335,3.308595e-06,1.611420e-04,1.644511e-04,1334.751465,0.219465,6.116627e-01,3.007294e+12,6.868563e-06,4.240726e-01,4.828601e+01,2.052045e+06,5.619497e-28,2.422872e-13,1.185145e+00,9.313226e-01,2.181592e+04,3.272607e+04,3.290479e+04,-1.075276e+02,-3.908847e+01,2.795452e+01
C II 1335,2.913270e-06,1.647143e-04,1.676280e-04,1334.755705,0.223705,8.634742e-01,4.245499e+12,6.983551e-06,4.240726e-01,4.934960e+01,2.121327e+06,5.987041e-28,2.668855e-13,3.445416e-01,9.313226e-01,2.181592e+04,3.272607e+04,3.290381e+04,-1.203484e+02,-5.355621e+01,3.053102e+01
C II 1335,2.798342e-06,1.981231e-04,2.009220e-04,1334.800137,0.268137,2.051781e-01,1.071744e+12,6.932082e-06,4.240726e-01,5.935618e+01,2.090174e+06,6.767131e-28,2.972259e-13,4.484888e-02,9.313226e-01,2.181689e+04,3.272607e+04,3.290381e+04,-1.312916e+02,-6.739047e+01,4.452043e+01
C II 1335,2.783382e-06,2.182556e-04,2.210396e-04,1334.826984,0.294984,8.477834e+00,4.168271e+13,7.067093e-06,4.240726e-01,6.538183e+01,2.172384e+06,8.422002e-28,3.845348e-13,7.957545e-01,9.313226e-01,2.181689e+04,3.272510e+04,3.290381e+04,-1.447859e+02,-7.835440e+01,5.103878e+01
C II 1335,2.517944e-06,2.129134e-04,2.154318e-04,1334.819501,0.287501,2.131662e+01,1.048153e+14,7.218678e-06,4.240726e-01,6.375950e+01,2.266577e+06,9.324360e-28,4.443241e-13,1.185145e+00,9.313226e-01,2.181689e+04,3.272510e+04,3.290283e+04,-1.636735e+02,-1.104043e+02,5.637154e+01
C II 1335,2.122619e-06,2.085225e-04,2.106456e-04,1334.813113,0.281113,6.491369e+00,3.192028e+13,7.305738e-06,4.240726e-01,6.242515e+01,2.321578e+06,1.017289e-27,4.964973e-13,3.720988e-01,9.313226e-01,2.181689e+04,3.272510e+04,3.290186e+04,-1.749399e+02,-1.358773e+02,6.230860e+01
C II 1335,1.998499e-06,2.048200e-04,2.068189e-04,1334.808006,0.276006,2.890471e+00,1.421475e+13,7.432376e-06,4.240726e-01,6.131997e+01,2.402760e+06,1.061105e-27,5.359068e-13,1.340231e-01,1.164153e-01,2.181714e+04,3.272437e+04,3.290210e+04,-1.743354e+02,-1.280298e+02,5.729778e+01
C II 1335,1.953793e-06,2.127841e-04,2.147383e-04,1334.818575,0.286575,1.824759e+00,8.972355e+12,7.195324e-06,4.240726e-01,6.371146e+01,2.251935e+06,1.074060e-27,5.082566e-13,8.645048e-02,1.164153e-01,2.181763e+04,3.272437e+04,3.290210e+04,-1.712971e+02,-1.222097e+02,5.869081e+01
C II 1335,1.924956e-06,2.023666e-04,2.042919e-04,1334.804634,0.272634,1.054657e+01,5.185902e+13,7.228357e-06,4.240726e-01,6.059133e+01,2.272659e+06,1.052843e-27,5.025531e-13,5.925725e-01,1.164153e-01,2.181763e+04,3.272437e+04,3.290161e+04,-1.671302e+02,-1.216967e+02,5.659638e+01
C II 1335,1.727293e-06,1.954547e-04,1.971823e-04,1334.795146,0.263146,4.736662e+00,2.329164e+13,7.274408e-06,4.240726e-01,5.852365e+01,2.301709e+06,1.036509e-27,5.007874e-13,3.634530e-01,1.164153e-01,2.181763e+04,3.272437e+04,3.290112e+04,-1.624243e+02,-1.180173e+02,5.443659e+01
C II 1335,1.606057e-06,1.758074e-04,1.774138e-04,1334.768764,0.236764,2.582085e+00,1.269694e+13,7.242284e-06,4.240726e-01,5.264663e+01,2.281425e+06,1.005834e-27,4.817059e-13,2.234592e-01,1.164153e-01,2.181763e+04,3.272388e+04,3.290112e+04,-1.516444e+02,-1.023012e+02,4.443449e+01
C II 1335,1.531518e-06,1.845270e-04,1.860588e-04,1334.780301,0.248301,3.521742e-02,2.676625e+11,7.052176e-06,4.240726e-01,5.526742e+01,2.163224e+06,1.005959e-27,4.565641e-13,5.660266e-03,1.164153e-01,2.181812e+04,3.272388e+04,3.290112e+04,-1.465657e+02,-8.960257e+01,4.359638e+01
C II 1335,1.529630e-06,1.769814e-04,1.785113e-04,1334.770229,0.238229,3.423628e+00,1.683395e+13,7.116600e-06,4.240726e-01,5.301014e+01,2.202927e+06,9.874875e-28,4.560978e-13,5.925725e-01,1.164153e-01,2.181812e+04,3.272388e+04,3.290063e+04,-1.415525e+02,-8.297754e+01,3.986673e+01
C II 1335,1.331968e-06,1.613093e-04,1.626415e-04,1334.749050,0.217050,1.028024e+00,5.054789e+12,7.084382e-06,4.240726e-01,4.831787e+01,2.183027e+06,9.566957e-28,4.376428e-13,3.548072e-01,1.164153e-01,2.181812e+04,3.272388e+04,3.290015e+04,-1.340097e+02,-7.567503e+01,3.402488e+01
C II 1335,1.213616e-06,1.440860e-04,1.452998e-04,1334.725907,0.193907,5.532065e-01,2.720013e+12,6.950262e-06,4.240726e-01,4.316261e+01,2.101152e+06,9.634683e-28,4.243592e-13,2.377652e-01,1.164153e-01,2.181812e+04,3.272339e+04,3.290015e+04,-1.259996e+02,-5.944855e+01,2.334511e+01
C II 1335,1.134305e-06,1.217017e-04,1.228361e-04,1334.695929,0.163929,6.660635e-02,3.468528e+11,6.853384e-06,4.240726e-01,3.645732e+01,2.042986e+06,9.230442e-28,3.951578e-13,7.512995e-02,1.164153e-01,2.181812e+04,3.272339e+04,3.289966e+04,-1.172804e+02,-5.232582e+01,1.570148e+01
C II 1335,1.109244e-06,1.509039e-04,1.520134e-04,1334.734867,0.202867,3.962605e-01,1.948287e+12,6.890988e-06,4.240726e-01,4.520972e+01,2.065466e+06,9.969675e-28,4.313751e-13,5.174425e-01,1.164153e-01,2.181860e+04,3.272339e+04,3.289966e+04,-1.249585e+02,-4.562973e+01,1.935662e+01
C II 1335,9.366421e-07,1.217831e-04,1.227199e-04,1334.695774,0.163774,9.438168e-02,4.902306e+11,6.784974e-06,4.240726e-01,3.648529e+01,2.002403e+06,9.294766e-28,3.898474e-13,3.461614e-01,1.164153e-01,2.181860e+04,3.272339e+04,3.289917e+04,-1.142883e+02,-3.816113e+01,1.000160e+01
C II 1335,8.211740e-07,1.125961e-04,1.134174e-04,1334.683359,0.151359,1.444587e-01,7.457953e+11,6.617201e-06,4.240726e-01,3.373341e+01,1.904600e+06,1.003848e-27,4.007396e-13,2.464110e-01,1.164153e-01,2.181860e+04,3.272290e+04,3.289917e+04,-1.123191e+02,-2.469343e+01,8.003952e-01
C II 1335,7.389794e-07,8.386767e-05,8.460671e-05,1334.644910,0.112910,1.316876e-03,1.296228e+11,6.535814e-06,4.240726e-01,2.512508e+01,1.858038e+06,9.094666e-28,3.541820e-13,1.559202e-01,1.164153e-01,2.181860e+04,3.272290e+04,3.289868e+04,-1.014647e+02,-1.794773e+01,-7.963363e+00
C II 1335,6.869695e-07,1.248915e-04,1.255786e-04,1334.699589,0.167589,1.356372e-01,7.009076e+11,6.641384e-06,4.240726e-01,3.741962e+01,1.918546e+06,9.768521e-28,3.927717e-13,4.366523e-01,1.164153e-01,2.181909e+04,3.272290e+04,3.289868e+04,-1.141189e+02,-1.017420e+01,-2.881510e+00
C II 1335,5.413166e-07,1.014038e-04,1.019452e-04,1334.668049,0.136049,3.488484e-02,2.539462e+11,6.649163e-06,4.240726e-01,3.038121e+01,1.923043e+06,9.081105e-28,3.659963e-13,3.375156e-01,1.164153e-01,2.181909e+04,3.272290e+04,3.289819e+04,-1.058018e+02,-4.206463e+00,-1.053584e+01
C II 1335,4.287324e-07,1.042066e-04,1.046354e-04,1334.671639,0.139639,1.724630e-03,1.701669e+11,6.550094e-06,4.240726e-01,3.121995e+01,1.866165e+06,9.846727e-28,3.854557e-13,2.550568e-01,1.164153e-01,2.181909e+04,3.272241e+04,3.289819e+04,-1.093719e+02,5.138453e+00,-1.589592e+01
C II 1335,3.436538e-07,9.643291e-05,9.677660e-05,1334.661151,0.129151,4.919381e-04,4.889276e+10,6.597475e-06,4.240726e-01,2.889057e+01,1.893262e+06,9.464199e-28,3.758007e-13,2.367104e-01,1.164153e-01,2.181909e+04,3.272241e+04,3.289771e+04,-1.057206e+02,7.596868e+00,-1.825193e+01
C II 1335,2.646950e-07,1.377626e-04,1.380273e-04,1334.716202,0.184202,1.413770e-03,1.425857e+11,6.696679e-06,4.240726e-01,4.127649e+01,1.950627e+06,9.827184e-28,4.019899e-13,3.558621e-01,1.164153e-01,2.181958e+04,3.272241e+04,3.289771e+04,-1.170580e+02,1.772709e+01,-1.362977e+01
C II 1335,1.459911e-07,1.402911e-04,1.404371e-04,1334.719418,0.187418,2.349740e-04,2.371586e+10,6.699387e-06,4.240726e-01,4.203540e+01,1.952204e+06,9.587603e-28,3.924058e-13,3.288698e-01,1.164153e-01,2.181958e+04,3.272241e+04,3.289722e+04,-1.149359e+02,1.810710e+01,-1.190686e+01
C II 1335,3.629090e-08,1.506238e-04,1.506601e-04,1334.733061,0.201061,3.876316e-05,3.916946e+09,6.709230e-06,4.240726e-01,4.512970e+01,1.957945e+06,1.050875e-27,4.316253e-13,1.052116e-01,1.164153e-01,2.181958e+04,3.272192e+04,3.289722e+04,-1.225077e+02,2.227624e+01,-1.379580e+01
C IV 1548,1.023894e-05,4.930773e-04,5.033213e-04,1548.966235,0.779235,6.433478e-04,3.331046e+10,5.874233e-06,1.220979e-01,1.477574e+02,1.500920e+06,2.283487e-28,7.203246e-14,6.289922e-01,7.450581e+00,2.180762e+04,3.273535e+04,3.292285e+04,-1.726827e+02,5.956712e+01,6.848300e+01
C IV 1548,1.002913e-05,4.727065e-04,4.827403e-04,1548.934372,0.747372,3.154710e-05,1.596133e+09,5.740170e-06,1.220979e-01,1.416459e+02,1.433193e+06,2.481113e-28,7.472474e-14,5.450149e-01,7.450581e+00,2.180762e+04,3.273535e+04,3.292090e+04,-1.833479e+02,6.545343e+01,5.310913e+01
C IV 1548,9.847330e-06,4.457512e-04,4.556030e-04,1548.892359,0.705359,8.534762e-05,4.544382e+09,6.040484e-06,1.220979e-01,1.335699e+02,1.587079e+06,2.362245e-28,7.852422e-14,8.771731e-01,7.450581e+00,2.180762e+04,3.273340e+04,3.292090e+04,-1.780619e+02,6.094601e+01,4.805284e+01
C IV 1548,9.554733e-06,4.832322e-04,4.927916e-04,1548.949934,0.762934,2.367621e-04,1.371072e+10,6.568510e-06,1.220979e-01,1.448031e+02,1.876674e+06,2.928562e-28,1.147330e-13,9.481018e-01,7.450581e+00,2.180957e+04,3.273340e+04,3.292090e+04,-1.771823e+02,7.136949e+01,5.684698e+01
C IV 1548,9.238478e-06,4.050372e-04,4.142794e-04,1548.828382,0.641382,3.816779e-05,2.303957e+09,6.848519e-06,1.220979e-01,1.213784e+02,2.040086e+06,2.458034e-28,1.041044e-13,2.370290e+00,7.450581e+00,2.180957e+04,3.273340e+04,3.291895e+04,-1.544383e+02,5.612048e+01,4.674585e+01
C IV 1548,8.447827e-06,3.432080e-04,3.516588e-04,1548.731434,0.544434,7.664160e-06,4.388540e+08,6.495932e-06,1.220979e-01,1.028518e+02,1.835431e+06,2.674903e-28,1.019771e-13,5.104317e-01,7.450581e+00,2.180957e+04,3.273340e+04,3.291699e+04,-1.435915e+02,3.888534e+01,3.802041e+01
C IV 1548,8.277563e-06,4.337655e-04,4.420466e-04,1548.871371,0.684371,7.855913e-06,5.816533e+08,8.401485e-06,1.220979e-01,1.299884e+02,3.070204e+06,2.094612e-28,1.330488e-13,1.234917e+00,7.450581e+00,2.180957e+04,3.273145e+04,3.291699e+04,-1.583442e+02,3.890397e+01,6.403803e+01
C IV 1548,7.865636e-06,4.046127e-04,4.124815e-04,1548.825598,0.638598,1.162341e-04,9.277451e+09,9.058324e-06,1.220979e-01,1.212589e+02,3.569035e+06,2.023332e-28,1.490486e-13,6.249410e-01,7.450581e+00,2.181152e+04,3.273145e+04,3.291699e+04,-1.381507e+02,3.674901e+01,6.398181e+01
C IV 1548,7.657176e-06,3.740591e-04,3.817192e-04,1548.777973,0.590973,2.947335e-04,1.934823e+10,7.448668e-06,1.220979e-01,1.120990e+02,2.413306e+06,2.677410e-28,1.343827e-13,2.370290e+00,7.450581e+00,2.181152e+04,3.273145e+04,3.291504e+04,-1.446747e+02,2.903940e+01,5.369470e+01
C IV 1548,6.866525e-06,2.940995e-04,3.009680e-04,1548.652955,0.465955,1.650389e-05,9.009027e+08,6.193152e-06,1.220979e-01,8.813368e+01,1.668317e+06,3.312600e-28,1.158667e-13,4.758485e-01,7.450581e+00,2.181152e+04,3.273145e+04,3.291309e+04,-1.403301e+02,1.497714e+01,3.372717e+01
C IV 1548,6.707797e-06,3.275999e-04,3.343099e-04,1548.704574,0.517574,1.311662e-04,7.925268e+09,6.856086e-06,1.220979e-01,9.817506e+01,2.044596e+06,2.835053e-28,1.211790e-13,7.092964e-01,9.313226e-01,2.181201e+04,3.272998e+04,3.291357e+04,-1.407014e+02,2.845449e+01,3.895130e+01
C IV 1548,6.471199e-06,2.768314e-04,2.833044e-04,1548.625608,0.438608,3.547684e-04,1.959375e+10,6.266491e-06,1.220979e-01,8.296025e+01,1.708063e+06,3.201844e-28,1.147169e-13,8.833648e-01,9.313226e-01,2.181201e+04,3.272998e+04,3.291260e+04,-1.335734e+02,1.871404e+01,2.872933e+01
C IV 1548,6.176538e-06,2.245433e-04,2.307212e-04,1548.544200,0.357200,1.821944e-03,9.947037e+10,6.194468e-06,1.220979e-01,6.729720e+01,1.669026e+06,2.557577e-28,8.940070e-14,3.017801e-01,7.450581e+00,2.181348e+04,3.272949e+04,3.291309e+04,-1.029924e+02,1.297595e+01,2.692565e+01
C IV 1548,6.075874e-06,1.470082e-04,1.530850e-04,1548.424004,0.237004,3.126153e-01,7.753330e+11,5.526101e-06,1.220979e-01,4.405643e+01,1.328289e+06,3.450081e-28,9.612884e-14,2.370290e+00,7.450581e+00,2.181348e+04,3.272949e+04,3.291113e+04,-9.566239e+01,-5.242086e+00,1.132800e+01
C IV 1548,5.285223e-06,1.592244e-04,1.645104e-04,1548.441693,0.254693,1.163070e-03,5.885439e+10,5.739861e-06,1.220979e-01,4.771513e+01,1.433038e+06,4.678966e-28,1.408079e-13,4.412653e-01,9.313226e-01,2.181396e+04,3.272900e+04,3.290967e+04,-1.055815e+02,-1.116030e+01,1.410597e+01
C IV 1548,5.138031e-06,1.306815e-04,1.358202e-04,1548.397275,0.210275,1.386209e-03,6.994466e+10,5.724005e-06,1.220979e-01,3.916352e+01,1.425132e+06,4.123837e-28,1.233526e-13,7.438797e-01,9.313226e-01,2.181396e+04,3.272803e+04,3.290967e+04,-8.982127e+01,-9.874802e+00,1.045758e+01
C IV 1548,4.889897e-06,1.573662e-04,1.622568e-04,1548.438204,0.251204,2.204119e-04,1.179856e+10,6.072405e-06,1.220979e-01,4.715887e+01,1.603897e+06,5.148035e-28,1.734388e-13,1.185145e+00,9.313226e-01,2.181396e+04,3.272803e+04,3.290869e+04,-1.025485e+02,-1.404583e+01,1.630399e+01
C IV 1548,4.494572e-06,1.674408e-04,1.719361e-04,1548.453189,0.266189,6.096459e-07,3.457610e+07,6.434886e-06,1.220979e-01,5.017657e+01,1.801096e+06,5.758320e-28,2.179542e-13,2.138071e-02,9.313226e-01,2.181396e+04,3.272803e+04,3.290771e+04,-1.083702e+02,-1.966612e+01,2.007193e+01
C IV 1548,4.487440e-06,2.036227e-04,2.081110e-04,1548.509195,0.322195,4.925678e-05,2.885336e+09,6.645044e-06,1.220979e-01,6.102327e+01,1.920662e+06,5.451263e-28,2.199475e-13,4.025929e-01,9.313226e-01,2.181494e+04,3.272803e+04,3.290771e+04,-1.096770e+02,-6.556952e+00,2.602094e+01
C IV 1548,4.353148e-06,1.753807e-04,1.797346e-04,1548.465263,0.278263,9.827789e-06,5.764415e+08,6.655408e-06,1.220979e-01,5.256094e+01,1.926657e+06,5.087337e-28,2.058526e-13,7.611713e-01,9.313226e-01,2.181494e+04,3.272705e+04,3.290771e+04,-9.677905e+01,-1.214925e+01,2.460523e+01
C IV 1548,4.099246e-06,1.618290e-04,1.659290e-04,1548.443889,0.256889,3.202175e-04,1.926485e+10,6.826490e-06,1.220979e-01,4.849736e+01,2.026983e+06,5.481832e-28,2.334527e-13,1.185145e+00,9.313226e-01,2.181494e+04,3.272705e+04,3.290674e+04,-9.875458e+01,-1.970607e+01,2.255518e+01
C IV 1548,3.703921e-06,1.460237e-04,1.497282e-04,1548.418807,0.231807,1.508684e-04,9.248264e+09,6.954578e-06,1.220979e-01,4.375729e+01,2.103762e+06,5.686124e-28,2.513795e-13,1.829611e-01,9.313226e-01,2.181494e+04,3.272705e+04,3.290576e+04,-1.025898e+02,-2.828496e+01,1.932842e+01
C IV 1548,3.642891e-06,1.839566e-04,1.876002e-04,1548.477440,0.290440,3.411304e-04,2.069350e+10,6.882814e-06,1.220979e-01,5.512707e+01,2.060569e+06,5.356102e-28,2.318620e-13,2.237209e-01,9.313226e-01,2.181592e+04,3.272705e+04,3.290576e+04,-1.069231e+02,-2.630826e+01,3.010265e+01
C IV 1548,3.568265e-06,1.711014e-04,1.746703e-04,1548.457422,0.270422,3.721901e-04,2.212084e+10,6.743447e-06,1.220979e-01,5.127577e+01,1.977967e+06,5.294554e-28,2.199880e-13,7.784629e-01,9.313226e-01,2.181592e+04,3.272607e+04,3.290576e+04,-9.901097e+01,-2.797348e+01,2.997108e+01
C IV 1548,3.308595e-06,1.611420e-04,1.644511e-04,1548.441601,0.254601,1.255973e-01,3.461898e+11,6.868563e-06,1.220979e-01,4.828601e+01,2.052045e+06,5.619497e-28,2.422872e-13,1.185145e+00,9.313226e-01,2.181592e+04,3.272607e+04,3.290479e+04,-1.075276e+02,-3.908847e+01,2.795452e+01
C IV 1548,2.913270e-06,1.647143e-04,1.676280e-04,1548.446520,0.259520,1.795314e-01,4.457844e+11,6.983551e-06,1.220979e-01,4.934960e+01,2.121327e+06,5.987041e-28,2.668855e-13,3.445416e-01,9.313226e-01,2.181592e+04,3.272607e+04,3.290381e+04,-1.203484e+02,-5.355621e+01,3.053102e+01
C IV 1548,2.798342e-06,1.981231e-04,2.009220e-04,1548.498065,0.311065,1.775829e-03,1.084998e+11,6.932082e-06,1.220979e-01,5.935618e+01,2.090174e+06,6.767131e-28,2.972259e-13,4.484888e-02,9.313226e-01,2.181689e+04,3.272607e+04,3.290381e+04,-1.312916e+02,-6.739047e+01,4.452043e+01
C IV 1548,2.783382e-06,2.182556e-04,2.210396e-04,1548.529211,0.342211,1.614109e+00,4.008404e+12,7.067093e-06,1.220979e-01,6.538183e+01,2.172384e+06,8.422002e-28,3.845348e-13,7.957545e-01,9.313226e-01,2.181689e+04,3.272510e+04,3.290381e+04,-1.447859e+02,-7.835440e+01,5.103878e+01
C IV 1548,2.517944e-06,2.129134e-04,2.154318e-04,1548.520529,0.333529,4.260229e+00,1.058355e+13,7.218678e-06,1.220979e-01,6.375950e+01,2.266577e+06,9.324360e-28,4.443241e-13,1.185145e+00,9.313226e-01,2.181689e+04,3.272510e+04,3.290283e+04,-1.636735e+02,-1.104043e+02,5.637154e+01
C IV 1548,2.122619e-06,2.085225e-04,2.106456e-04,1548.513119,0.326119,1.308740e+00,3.252038e+12,7.305738e-06,1.220979e-01,6.242515e+01,2.321578e+06,1.017289e-27,4.964973e-13,3.720988e-01,9.313226e-01,2.181689e+04,3.272510e+04,3.290186e+04,-1.749399e+02,-1.358773e+02,6.230860e+01
C IV 1548,1.998499e-06,2.048200e-04,2.068189e-04,1548.507194,0.320194,5.803835e-01,1.442735e+12,7.432376e-06,1.220979e-01,6.131997e+01,2.402760e+06,1.061105e-27,5.359068e-13,1.340231e-01,1.164153e-01,2.181714e+04,3.272437e+04,3.290210e+04,-1.743354e+02,-1.280298e+02,5.729778e+01
C IV 1548,1.953793e-06,2.127841e-04,2.147383e-04,1548.519455,0.332455,3.647896e-01,9.061826e+11,7.195324e-06,1.220979e-01,6.371146e+01,2.251935e+06,1.074060e-27,5.082566e-13,8.645048e-02,1.164153e-01,2.181763e+04,3.272437e+04,3.290210e+04,-1.712971e+02,-1.222097e+02,5.869081e+01
C IV 1548,1.924956e-06,2.023666e-04,2.042919e-04,1548.503282,0.316282,2.122061e+00,5.271943e+12,7.228357e-06,1.220979e-01,6.059133e+01,2.272659e+06,1.052843e-27,5.025531e-13,5.925725e-01,1.164153e-01,2.181763e+04,3.272437e+04,3.290161e+04,-1.671302e+02,-1.216967e+02,5.659638e+01
C IV 1548,1.727293e-06,1.954547e-04,1.971823e-04,1548.492275,0.305275,9.543043e-01,2.371139e+12,7.274408e-06,1.220979e-01,5.852365e+01,2.301709e+06,1.036509e-27,5.007874e-13,3.634530e-01,1.164153e-01,2.181763e+04,3.272437e+04,3.290112e+04,-1.624243e+02,-1.180173e+02,5.443659e+01
C IV 1548,1.606057e-06,1.758074e-04,1.774138e-04,1548.461670,0.274670,5.196893e-01,1.291174e+12,7.242284e-06,1.220979e-01,5.264663e+01,2.281425e+06,1.005834e-27,4.817059e-13,2.234592e-01,1.164153e-01,2.181763e+04,3.272388e+04,3.290112e+04,-1.516444e+02,-1.023012e+02,4.443449e+01
C IV 1548,1.531518e-06,1.845270e-04,1.860588e-04,1548.475054,0.288054,4.369182e-04,2.715372e+10,7.052176e-06,1.220979e-01,5.526742e+01,2.163224e+06,1.005959e-27,4.565641e-13,5.660266e-03,1.164153e-01,2.181812e+04,3.272388e+04,3.290112e+04,-1.465657e+02,-8.960257e+01,4.359638e+01
C IV 1548,1.529630e-06,1.769814e-04,1.785113e-04,1548.463369,0.276369,6.845175e-01,1.700154e+12,7.116600e-06,1.220979e-01,5.301014e+01,2.202927e+06,9.874875e-28,4.560978e-13,5.925725e-01,1.164153e-01,2.181812e+04,3.272388e+04,3.290063e+04,-1.415525e+02,-8.297754e+01,3.986673e+01
C IV 1548,1.331968e-06,1.613093e-04,1.626415e-04,1548.438799,0.251799,2.037576e-01,5.060504e+11,7.084382e-06,1.220979e-01,4.831787e+01,2.183027e+06,9.566957e-28,4.376428e-13,3.548072e-01,1.164153e-01,2.181812e+04,3.272388e+04,3.290015e+04,-1.340097e+02,-7.567503e+01,3.402488e+01
C IV 1548,1.213616e-06,1.440860e-04,1.452998e-04,1548.411951,0.224951,8.930476e-02,2.472698e+11,6.950262e-06,1.220979e-01,4.316261e+01,2.101152e+06,9.634683e-28,4.243592e-13,2.377652e-01,1.164153e-01,2.181812e+04,3.272339e+04,3.290015e+04,-1.259996e+02,-5.944855e+01,2.334511e+01
C IV 1548,1.134305e-06,1.217017e-04,1.228361e-04,1548.377173,0.190173,4.741423e-04,2.863886e+10,6.853384e-06,1.220979e-01,3.645732e+01,2.042986e+06,9.230442e-28,3.951578e-13,7.512995e-02,1.164153e-01,2.181812e+04,3.272339e+04,3.289966e+04,-1.172804e+02,-5.232582e+01,1.570148e+01
C IV 1548,1.109244e-06,1.509039e-04,1.520134e-04,1548.422345,0.235345,3.269824e-02,1.380704e+11,6.890988e-06,1.220979e-01,4.520972e+01,2.065466e+06,9.969675e-28,4.313751e-13,5.174425e-01,1.164153e-01,2.181860e+04,3.272339e+04,3.289966e+04,-1.249585e+02,-4.562973e+01,1.935662e+01
C IV 1548,9.366421e-07,1.217831e-04,1.227199e-04,1548.376993,0.189993,4.008845e-04,2.397225e+10,6.784974e-06,1.220979e-01,3.648529e+01,2.002403e+06,9.294766e-28,3.898474e-13,3.461614e-01,1.164153e-01,2.181860e+04,3.272339e+04,3.289917e+04,-1.142883e+02,-3.816113e+01,1.000160e+01
C IV 1548,8.211740e-07,1.125961e-04,1.134174e-04,1548.362591,0.175591,2.289105e-04,1.335065e+10,6.617201e-06,1.220979e-01,3.373341e+01,1.904600e+06,1.003848e-27,4.007396e-13,2.464110e-01,1.164153e-01,2.181860e+04,3.272290e+04,3.289917e+04,-1.123191e+02,-2.469343e+01,8.003952e-01
C IV 1548,7.389794e-07,8.386767e-05,8.460671e-05,1548.317987,0.130987,7.578565e-05,4.365899e+09,6.535814e-06,1.220979e-01,2.512508e+01,1.858038e+06,9.094666e-28,3.541820e-13,1.559202e-01,1.164153e-01,2.181860e+04,3.272290e+04,3.289868e+04,-1.014647e+02,-1.794773e+01,-7.963363e+00
C IV 1548,6.869695e-07,1.248915e-04,1.255786e-04,1548.381419,0.194419,4.222391e-04,2.471842e+10,6.641384e-06,1.220979e-01,3.741962e+01,1.918546e+06,9.768521e-28,3.927717e-13,4.366523e-01,1.164153e-01,2.181909e+04,3.272290e+04,3.289868e+04,-1.141189e+02,-1.017420e+01,-2.881510e+00
C IV 1548,5.413166e-07,1.014038e-04,1.019452e-04,1548.344830,0.157830,1.564078e-04,9.165373e+09,6.649163e-06,1.220979e-01,3.038121e+01,1.923043e+06,9.081105e-28,3.659963e-13,3.375156e-01,1.164153e-01,2.181909e+04,3.272290e+04,3.289819e+04,-1.058018e+02,-4.206463e+00,-1.053584e+01
C IV 1548,4.287324e-07,1.042066e-04,1.046354e-04,1548.348995,0.161995,1.112282e-04,6.422330e+09,6.550094e-06,1.220979e-01,3.121995e+01,1.866165e+06,9.846727e-28,3.854557e-13,2.550568e-01,1.164153e-01,2.181909e+04,3.272241e+04,3.289819e+04,-1.093719e+02,5.138453e+00,-1.589592e+01
C IV 1548,3.436538e-07,9.643291e-05,9.677660e-05,1548.336828,0.149828,3.839894e-05,2.232776e+09,6.597475e-06,1.220979e-01,2.889057e+01,1.893262e+06,9.464199e-28,3.758007e-13,2.367104e-01,1.164153e-01,2.181909e+04,3.272241e+04,3.289771e+04,-1.057206e+02,7.596868e+00,-1.825193e+01
C IV 1548,2.646950e-07,1.377626e-04,1.380273e-04,1548.400692,0.213692,9.551696e-05,5.638637e+09,6.696679e-06,1.220979e-01,4.127649e+01,1.950627e+06,9.827184e-28,4.019899e-13,3.558621e-01,1.164153e-01,2.181958e+04,3.272241e+04,3.289771e+04,-1.170580e+02,1.772709e+01,-1.362977e+01
C IV 1548,1.459911e-07,1.402911e-04,1.404371e-04,1548.404423,0.217423,3.167252e-05,1.870001e+09,6.699387e-06,1.220979e-01,4.203540e+01,1.952204e+06,9.587603e-28,3.924058e-13,3.288698e-01,1.164153e-01,2.181958e+04,3.272241e+04,3.289722e+04,-1.149359e+02,1.810710e+01,-1.190686e+01
C IV 1548,3.629090e-08,1.506238e-04,1.506601e-04,1548.420250,0.233250,9.365934e-06,5.539632e+08,6.709230e-06,1.220979e-01,4.512970e+01,1.957945e+06,1.050875e-27,4.316253e-13,1.052116e-01,1.164153e-01,2.181958e+04,3.272192e+04,3.289722e+04,-1.225077e+02,2.227624e+01,-1.379580e+01
Ly a,1.023894e-05,4.930773e-04,5.033213e-04,1216.281873,0.611873,4.691206e+00,8.654779e+12,2.027767e-05,3.522268e+00,1.477574e+02,1.500920e+06,2.283487e-28,7.203246e-14,6.289922e-01,7.450581e+00,2.180762e+04,3.273535e+04,3.292285e+04,-1.726827e+02,5.956712e+01,6.848300e+01
Ly a,1.002913e-05,4.727065e-04,4.827403e-04,1216.256853,0.586853,1.725517e-01,3.714250e+11,1.981489e-05,3.522268e+00,1.416459e+02,1.433193e+06,2.481113e-28,7.472474e-14,5.450149e-01,7.450581e+00,2.180762e+04,3.273535e+04,3.292090e+04,-1.833479e+02,6.545343e+01,5.310913e+01
Ly a,9.847330e-06,4.457512e-04,4.556030e-04,1216.223863,0.553863,7.160529e+00,1.315051e+13,2.085156e-05,3.522268e+00,1.335699e+02,1.587079e+06,2.362245e-28,7.852422e-14,8.771731e-01,7.450581e+00,2.180762e+04,3.273340e+04,3.292090e+04,-1.780619e+02,6.094601e+01,4.805284e+01
Ly a,9.554733e-06,4.832322e-04,4.927916e-04,1216.269072,0.599072,2.181042e+01,4.005396e+13,2.267429e-05,3.522268e+00,1.448031e+02,1.876674e+06,2.928562e-28,1.147330e-13,9.481018e-01,7.450581e+00,2.180957e+04,3.273340e+04,3.292090e+04,-1.771823e+02,7.136949e+01,5.684698e+01
Ly a,9.238478e-06,4.050372e-04,4.142794e-04,1216.173627,0.503627,7.537570e+00,1.384354e+13,2.364087e-05,3.522268e+00,1.213784e+02,2.040086e+06,2.458034e-28,1.041044e-13,2.370290e+00,7.450581e+00,2.180957e+04,3.273340e+04,3.291895e+04,-1.544383e+02,5.612048e+01,4.674585e+01
Ly a,8.447827e-06,3.432080e-04,3.516588e-04,1216.097501,0.427501,1.879058e-01,4.312931e+11,2.242375e-05,3.522268e+00,1.028518e+02,1.835431e+06,2.674903e-28,1.019771e-13,5.104317e-01,7.450581e+00,2.180957e+04,3.273340e+04,3.291699e+04,-1.435915e+02,3.888534e+01,3.802041e+01
Ly a,8.277563e-06,4.337655e-04,4.420466e-04,1216.207383,0.537383,1.359234e+00,2.496488e+12,2.900166e-05,3.522268e+00,1.299884e+02,3.070204e+06,2.094612e-28,1.330488e-13,1.234917e+00,7.450581e+00,2.180957e+04,3.273145e+04,3.291699e+04,-1.583442e+02,3.890397e+01,6.403803e+01
Ly a,7.865636e-06,4.046127e-04,4.124815e-04,1216.171441,0.501441,6.055798e-01,1.190721e+12,3.126905e-05,3.522268e+00,1.212589e+02,3.569035e+06,2.023332e-28,1.490486e-13,6.249410e-01,7.450581e+00,2.181152e+04,3.273145e+04,3.291699e+04,-1.381507e+02,3.674901e+01,6.398181e+01
Ly a,7.657176e-06,3.740591e-04,3.817192e-04,1216.134045,0.464045,3.319385e-01,6.255051e+11,2.571257e-05,3.522268e+00,1.120990e+02,2.413306e+06,2.677410e-28,1.343827e-13,2.370290e+00,7.450581e+00,2.181152e+04,3.273145e+04,3.291504e+04,-1.446747e+02,2.903940e+01,5.369470e+01
Ly a,6.866525e-06,2.940995e-04,3.009680e-04,1216.035878,0.365878,6.936105e-04,7.598733e+10,2.137857e-05,3.522268e+00,8.813368e+01,1.668317e+06,3.312600e-28,1.158667e-13,4.758485e-01,7.450581e+00,2.181152e+04,3.273145e+04,3.291309e+04,-1.403301e+02,1.497714e+01,3.372717e+01
Ly a,6.707797e-06,3.275999e-04,3.343099e-04,1216.076410,0.406410,1.541218e-01,3.649946e+11,2.366699e-05,3.522268e+00,9.817506e+01,2.044596e+06,2.835053e-28,1.211790e-13,7.092964e-01,9.313226e-01,2.181201e+04,3.272998e+04,3.291357e+04,-1.407014e+02,2.845449e+01,3.895130e+01
Ly a,6.471199e-06,2.768314e-04,2.833044e-04,1216.014405,0.344405,5.313442e-01,9.837225e+11,2.163173e-05,3.522268e+00,8.296025e+01,1.708063e+06,3.201844e-28,1.147169e-13,8.833648e-01,9.313226e-01,2.181201e+04,3.272998e+04,3.291260e+04,-1.335734e+02,1.871404e+01,2.872933e+01
Ly a,6.176538e-06,2.245433e-04,2.307212e-04,1215.950481,0.280481,2.498296e+00,4.622323e+12,2.138311e-05,3.522268e+00,6.729720e+01,1.669026e+06,2.557577e-28,8.940070e-14,3.017801e-01,7.450581e+00,2.181348e+04,3.272949e+04,3.291309e+04,-1.029924e+02,1.297595e+01,2.692565e+01
Ly a,6.075874e-06,1.470082e-04,1.530850e-04,1215.856101,0.186101,1.966869e+01,3.613302e+13,1.907592e-05,3.522268e+00,4.405643e+01,1.328289e+06,3.450081e-28,9.612884e-14,2.370290e+00,7.450581e+00,2.181348e+04,3.272949e+04,3.291113e+04,-9.566239e+01,-5.242086e+00,1.132800e+01
Ly a,5.285223e-06,1.592244e-04,1.645104e-04,1215.869990,0.199990,1.506120e+00,2.777133e+12,1.981382e-05,3.522268e+00,4.771513e+01,1.433038e+06,4.678966e-28,1.408079e-13,4.412653e-01,9.313226e-01,2.181396e+04,3.272900e+04,3.290967e+04,-1.055815e+02,-1.116030e+01,1.410597e+01
Ly a,5.138031e-06,1.306815e-04,1.358202e-04,1215.835113,0.165113,1.794305e+00,3.308285e+12,1.975908e-05,3.522268e+00,3.916352e+01,1.425132e+06,4.123837e-28,1.233526e-13,7.438797e-01,9.313226e-01,2.181396e+04,3.272803e+04,3.290967e+04,-8.982127e+01,-9.874802e+00,1.045758e+01
Ly a,4.889897e-06,1.573662e-04,1.622568e-04,1215.867251,0.197251,3.702064e-01,6.842539e+11,2.096175e-05,3.522268e+00,4.715887e+01,1.603897e+06,5.148035e-28,1.734388e-13,1.185145e+00,9.313226e-01,2.181396e+04,3.272803e+04,3.290869e+04,-1.025485e+02,-1.404583e+01,1.630399e+01
Ly a,4.494572e-06,1.674408e-04,1.719361e-04,1215.879018,0.209018,4.175305e-05,4.752850e+09,2.221302e-05,3.522268e+00,5.017657e+01,1.801096e+06,5.758320e-28,2.179542e-13,2.138071e-02,9.313226e-01,2.181396e+04,3.272803e+04,3.290771e+04,-1.083702e+02,-1.966612e+01,2.007193e+01
Ly a,4.487440e-06,2.036227e-04,2.081110e-04,1215.922994,0.252994,6.656358e-02,2.605985e+11,2.293848e-05,3.522268e+00,6.102327e+01,1.920662e+06,5.451263e-28,2.199475e-13,4.025929e-01,9.313226e-01,2.181494e+04,3.272803e+04,3.290771e+04,-1.096770e+02,-6.556952e+00,2.602094e+01
Ly a,4.353148e-06,1.753807e-04,1.797346e-04,1215.888498,0.218498,8.585666e-04,1.010806e+11,2.297426e-05,3.522268e+00,5.256094e+01,1.926657e+06,5.087337e-28,2.058526e-13,7.611713e-01,9.313226e-01,2.181494e+04,3.272705e+04,3.290771e+04,-9.677905e+01,-1.214925e+01,2.460523e+01
Ly a,4.099246e-06,1.618290e-04,1.659290e-04,1215.871715,0.201715,4.339754e+00,7.972395e+12,2.356483e-05,3.522268e+00,4.849736e+01,2.026983e+06,5.481832e-28,2.334527e-13,1.185145e+00,9.313226e-01,2.181494e+04,3.272705e+04,3.290674e+04,-9.875458e+01,-1.970607e+01,2.255518e+01
Ly a,3.703921e-06,1.460237e-04,1.497282e-04,1215.852020,0.182020,7.999811e+00,1.469639e+13,2.400698e-05,3.522268e+00,4.375729e+01,2.103762e+06,5.686124e-28,2.513795e-13,1.829611e-01,9.313226e-01,2.181494e+04,3.272705e+04,3.290576e+04,-1.025898e+02,-2.828496e+01,1.932842e+01
Ly a,3.642891e-06,1.839566e-04,1.876002e-04,1215.898060,0.228060,3.090821e+00,5.677906e+12,2.375926e-05,3.522268e+00,5.512707e+01,2.060569e+06,5.356102e-28,2.318620e-13,2.237209e-01,9.313226e-01,2.181592e+04,3.272705e+04,3.290576e+04,-1.069231e+02,-2.630826e+01,3.010265e+01
Ly a,3.568265e-06,1.711014e-04,1.746703e-04,1215.882341,0.212341,6.196816e+00,1.138383e+13,2.327816e-05,3.522268e+00,5.127577e+01,1.977967e+06,5.294554e-28,2.199880e-13,7.784629e-01,9.313226e-01,2.181592e+04,3.272607e+04,3.290576e+04,-9.901097e+01,-2.797348e+01,2.997108e+01
Ly a,3.308595e-06,1.611420e-04,1.644511e-04,1215.869918,0.199918,1.170465e+02,2.150220e+14,2.371006e-05,3.522268e+00,4.828601e+01,2.052045e+06,5.619497e-28,2.422872e-13,1.185145e+00,9.313226e-01,2.181592e+04,3.272607e+04,3.290479e+04,-1.075276e+02,-3.908847e+01,2.795452e+01
Ly a,2.913270e-06,1.647143e-04,1.676280e-04,1215.873780,0.203780,1.370583e+02,2.517843e+14,2.410700e-05,3.522268e+00,4.934960e+01,2.121327e+06,5.987041e-28,2.668855e-13,3.445416e-01,9.313226e-01,2.181592e+04,3.272607e+04,3.290381e+04,-1.203484e+02,-5.355621e+01,3.053102e+01
Ly a,2.798342e-06,1.981231e-04,2.009220e-04,1215.914255,0.244255,4.359350e+01,8.008118e+13,2.392933e-05,3.522268e+00,5.935618e+01,2.090174e+06,6.767131e-28,2.972259e-13,4.484888e-02,9.313226e-01,2.181689e+04,3.272607e+04,3.290381e+04,-1.312916e+02,-6.739047e+01,4.452043e+01
Ly a,2.783382e-06,2.182556e-04,2.210396e-04,1215.938711,0.268711,2.100764e+03,3.859025e+15,2.439538e-05,3.522268e+00,6.538183e+01,2.172384e+06,8.422002e-28,3.845348e-13,7.957545e-01,9.313226e-01,2.181689e+04,3.272510e+04,3.290381e+04,-1.447859e+02,-7.835440e+01,5.103878e+01
Ly a,2.517944e-06,2.129134e-04,2.154318e-04,1215.931894,0.261894,3.110484e+03,5.713883e+15,2.491865e-05,3.522268e+00,6.375950e+01,2.266577e+06,9.324360e-28,4.443241e-13,1.185145e+00,9.313226e-01,2.181689e+04,3.272510e+04,3.290283e+04,-1.636735e+02,-1.104043e+02,5.637154e+01
Ly a,2.122619e-06,2.085225e-04,2.106456e-04,1215.926076,0.256076,1.080533e+03,1.984925e+15,2.521918e-05,3.522268e+00,6.242515e+01,2.321578e+06,1.017289e-27,4.964973e-13,3.720988e-01,9.313226e-01,2.181689e+04,3.272510e+04,3.290186e+04,-1.749399e+02,-1.358773e+02,6.230860e+01
Ly a,1.998499e-06,2.048200e-04,2.068189e-04,1215.921424,0.251424,3.991802e+02,7.332931e+14,2.565633e-05,3.522268e+00,6.131997e+01,2.402760e+06,1.061105e-27,5.359068e-13,1.340231e-01,1.164153e-01,2.181714e+04,3.272437e+04,3.290210e+04,-1.743354e+02,-1.280298e+02,5.729778e+01
Ly a,1.953793e-06,2.127841e-04,2.147383e-04,1215.931051,0.261051,2.552748e+02,4.689337e+14,2.483803e-05,3.522268e+00,6.371146e+01,2.251935e+06,1.074060e-27,5.082566e-13,8.645048e-02,1.164153e-01,2.181763e+04,3.272437e+04,3.290210e+04,-1.712971e+02,-1.222097e+02,5.869081e+01
Ly a,1.924956e-06,2.023666e-04,2.042919e-04,1215.918352,0.248352,1.431832e+03,2.630270e+15,2.495206e-05,3.522268e+00,6.059133e+01,2.272659e+06,1.052843e-27,5.025531e-13,5.925725e-01,1.164153e-01,2.181763e+04,3.272437e+04,3.290161e+04,-1.671302e+02,-1.216967e+02,5.659638e+01
Ly a,1.727293e-06,1.954547e-04,1.971823e-04,1215.909709,0.239709,7.242984e+02,1.330544e+15,2.511103e-05,3.522268e+00,5.852365e+01,2.301709e+06,1.036509e-27,5.007874e-13,3.634530e-01,1.164153e-01,2.181763e+04,3.272437e+04,3.290112e+04,-1.624243e+02,-1.180173e+02,5.443659e+01
Ly a,1.606057e-06,1.758074e-04,1.774138e-04,1215.885677,0.215677,4.091853e+02,7.516922e+14,2.500014e-05,3.522268e+00,5.264663e+01,2.281425e+06,1.005834e-27,4.817059e-13,2.234592e-01,1.164153e-01,2.181763e+04,3.272388e+04,3.290112e+04,-1.516444e+02,-1.023012e+02,4.443449e+01
Ly a,1.531518e-06,1.845270e-04,1.860588e-04,1215.896186,0.226186,8.202665e+00,1.506851e+13,2.434389e-05,3.522268e+00,5.526742e+01,2.163224e+06,1.005959e-27,4.565641e-13,5.660266e-03,1.164153e-01,2.181812e+04,3.272388e+04,3.290112e+04,-1.465657e+02,-8.960257e+01,4.359638e+01
Ly a,1.529630e-06,1.769814e-04,1.785113e-04,1215.887011,0.217011,6.724626e+02,1.235342e+15,2.456628e-05,3.522268e+00,5.301014e+01,2.202927e+06,9.874875e-28,4.560978e-13,5.925725e-01,1.164153e-01,2.181812e+04,3.272388e+04,3.290063e+04,-1.415525e+02,-8.297754e+01,3.986673e+01
Ly a,1.331968e-06,1.613093e-04,1.626415e-04,1215.867718,0.197718,3.090242e+02,5.676992e+14,2.445506e-05,3.522268e+00,4.831787e+01,2.183027e+06,9.566957e-28,4.376428e-13,3.548072e-01,1.164153e-01,2.181812e+04,3.272388e+04,3.290015e+04,-1.340097e+02,-7.567503e+01,3.402488e+01
Ly a,1.213616e-06,1.440860e-04,1.452998e-04,1215.846637,0.176637,4.022824e+02,7.390331e+14,2.399209e-05,3.522268e+00,4.316261e+01,2.101152e+06,9.634683e-28,4.243592e-13,2.377652e-01,1.164153e-01,2.181812e+04,3.272339e+04,3.290015e+04,-1.259996e+02,-5.944855e+01,2.334511e+01
Ly a,1.134305e-06,1.217017e-04,1.228361e-04,1215.819328,0.149328,8.892843e+01,1.633740e+14,2.365767e-05,3.522268e+00,3.645732e+01,2.042986e+06,9.230442e-28,3.951578e-13,7.512995e-02,1.164153e-01,2.181812e+04,3.272339e+04,3.289966e+04,-1.172804e+02,-5.232582e+01,1.570148e+01
Ly a,1.109244e-06,1.509039e-04,1.520134e-04,1215.854798,0.184798,8.812831e+02,1.618994e+15,2.378747e-05,3.522268e+00,4.520972e+01,2.065466e+06,9.969675e-28,4.313751e-13,5.174425e-01,1.164153e-01,2.181860e+04,3.272339e+04,3.289966e+04,-1.249585e+02,-4.562973e+01,1.935662e+01
Ly a,9.366421e-07,1.217831e-04,1.227199e-04,1215.819187,0.149187,3.919167e+02,7.200060e+14,2.342152e-05,3.522268e+00,3.648529e+01,2.002403e+06,9.294766e-28,3.898474e-13,3.461614e-01,1.164153e-01,2.181860e+04,3.272339e+04,3.289917e+04,-1.142883e+02,-3.816113e+01,1.000160e+01
Ly a,8.211740e-07,1.125961e-04,1.134174e-04,1215.807878,0.137878,7.000491e+02,1.286100e+15,2.284237e-05,3.522268e+00,3.373341e+01,1.904600e+06,1.003848e-27,4.007396e-13,2.464110e-01,1.164153e-01,2.181860e+04,3.272290e+04,3.289917e+04,-1.123191e+02,-2.469343e+01,8.003952e-01
Ly a,7.389794e-07,8.386767e-05,8.460671e-05,1215.772854,0.102854,1.273422e+02,2.339542e+14,2.256142e-05,3.522268e+00,2.512508e+01,1.858038e+06,9.094666e-28,3.541820e-13,1.559202e-01,1.164153e-01,2.181860e+04,3.272290e+04,3.289868e+04,-1.014647e+02,-1.794773e+01,-7.963363e+00
Ly a,6.869695e-07,1.248915e-04,1.255786e-04,1215.822662,0.152662,6.922632e+02,1.271781e+15,2.292585e-05,3.522268e+00,3.741962e+01,1.918546e+06,9.768521e-28,3.927717e-13,4.366523e-01,1.164153e-01,2.181909e+04,3.272290e+04,3.289868e+04,-1.141189e+02,-1.017420e+01,-2.881510e+00
Ly a,5.413166e-07,1.014038e-04,1.019452e-04,1215.793932,0.123932,2.508266e+02,4.608132e+14,2.295270e-05,3.522268e+00,3.038121e+01,1.923043e+06,9.081105e-28,3.659963e-13,3.375156e-01,1.164153e-01,2.181909e+04,3.272290e+04,3.289819e+04,-1.058018e+02,-4.206463e+00,-1.053584e+01
Ly a,4.287324e-07,1.042066e-04,1.046354e-04,1215.797202,0.127202,1.680846e+02,3.088005e+14,2.261072e-05,3.522268e+00,3.121995e+01,1.866165e+06,9.846727e-28,3.854557e-13,2.550568e-01,1.164153e-01,2.181909e+04,3.272241e+04,3.289819e+04,-1.093719e+02,5.138453e+00,-1.589592e+01
Ly a,3.436538e-07,9.643291e-05,9.677660e-05,1215.787648,0.117648,4.831444e+01,8.876268e+13,2.277428e-05,3.522268e+00,2.889057e+01,1.893262e+06,9.464199e-28,3.758007e-13,2.367104e-01,1.164153e-01,2.181909e+04,3.272241e+04,3.289771e+04,-1.057206e+02,7.596868e+00,-1.825193e+01
Ly a,2.646950e-07,1.377626e-04,1.380273e-04,1215.837796,0.167796,1.408647e+02,2.587842e+14,2.311673e-05,3.522268e+00,4.127649e+01,1.950627e+06,9.827184e-28,4.019899e-13,3.558621e-01,1.164153e-01,2.181958e+04,3.272241e+04,3.289771e+04,-1.170580e+02,1.772709e+01,-1.362977e+01
Ly a,1.459911e-07,1.402911e-04,1.404371e-04,1215.840725,0.170725,2.346771e+01,4.311271e+13,2.312607e-05,3.522268e+00,4.203540e+01,1.952204e+06,9.587603e-28,3.924058e-13,3.288698e-01,1.164153e-01,2.181958e+04,3.272241e+04,3.289722e+04,-1.149359e+02,1.810710e+01,-1.190686e+01
Ly a,3.629090e-08,1.506238e-04,1.506601e-04,1215.853153,0.183153,3.885144e+00,7.137355e+12,2.316005e-05,3.522268e+00,4.512970e+01,1.957945e+06,1.050875e-27,4.316253e-13,1.052116e-01,1.164153e-01,2.181958e+04,3.272192e+04,3.289722e+04,-1.225077e+02,2.227624e+01,-1.379580e+01
Si II 1193,1.023894e-05,4.930773e-04,5.033213e-04,1193.890608,0.600608,2.534799e-05,3.692521e+08,3.841442e-06,1.999543e-01,1.477574e+02,1.500920e+06,2.283487e-28,7.203246e-14,6.289922e-01,7.450581e+00,2.180762e+04,3.273535e+04,3.292285e+04,-1.726827e+02,5.956712e+01,6.848300e+01
Si II 1193,1.002913e-05,4.727065e-04,4.827403e-04,1193.866049,0.576049,8.209129e-07,1.167186e+07,3.753772e-06,1.999543e-01,1.416459e+02,1.433193e+06,2.481113e-28,7.472474e-14,5.450149e-01,7.450581e+00,2.180762e+04,3.273535e+04,3.292090e+04,-1.833479e+02,6.545343e+01,5.310913e+01
Si II 1193,9.847330e-06,4.457512e-04,4.556030e-04,1193.833666,0.543666,2.219273e-04,3.319842e+09,3.950161e-06,1.999543e-01,1.335699e+02,1.587079e+06,2.362245e-28,7.852422e-14,8.771731e-01,7.450581e+00,2.180762e+04,3.273340e+04,3.292090e+04,-1.780619e+02,6.094601e+01,4.805284e+01
Si II 1193,9.554733e-06,4.832322e-04,4.927916e-04,1193.878043,0.588043,6.663238e-04,1.083971e+10,4.295462e-06,1.999543e-01,1.448031e+02,1.876674e+06,2.928562e-28,1.147330e-13,9.481018e-01,7.450581e+00,2.180957e+04,3.273340e+04,3.292090e+04,-1.771823e+02,7.136949e+01,5.684698e+01
Si II 1193,9.238478e-06,4.050372e-04,4.142794e-04,1193.784356,0.494356,3.756849e-13,6.368007e+00,4.478574e-06,1.999543e-01,1.213784e+02,2.040086e+06,2.458034e-28,1.041044e-13,2.370290e+00,7.450581e+00,2.180957e+04,3.273340e+04,3.291895e+04,-1.544383e+02,5.612048e+01,4.674585e+01
Si II 1193,8.447827e-06,3.432080e-04,3.516588e-04,1193.709631,0.419631,7.405067e-12,1.192245e+02,4.248000e-06,1.999543e-01,1.028518e+02,1.835431e+06,2.674903e-28,1.019771e-13,5.104317e-01,7.450581e+00,2.180957e+04,3.273340e+04,3.291699e+04,-1.435915e+02,3.888534e+01,3.802041e+01
Si II 1193,8.277563e-06,4.337655e-04,4.420466e-04,1193.817490,0.527490,1.665901e-08,3.462706e+05,5.494133e-06,1.999543e-01,1.299884e+02,3.070204e+06,2.094612e-28,1.330488e-13,1.234917e+00,7.450581e+00,2.180957e+04,3.273145e+04,3.291699e+04,-1.583442e+02,3.890397e+01,6.403803e+01
Si II 1193,7.865636e-06,4.046127e-04,4.124815e-04,1193.782210,0.492210,3.750569e-06,8.404056e+07,5.923671e-06,1.999543e-01,1.212589e+02,3.569035e+06,2.023332e-28,1.490486e-13,6.249410e-01,7.450581e+00,2.181152e+04,3.273145e+04,3.291699e+04,-1.381507e+02,3.674901e+01,6.398181e+01
Si II 1193,7.657176e-06,3.740591e-04,3.817192e-04,1193.745502,0.455502,4.096429e-08,7.549983e+05,4.871040e-06,1.999543e-01,1.120990e+02,2.413306e+06,2.677410e-28,1.343827e-13,2.370290e+00,7.450581e+00,2.181152e+04,3.273145e+04,3.291504e+04,-1.446747e+02,2.903940e+01,5.369470e+01
Si II 1193,6.866525e-06,2.940995e-04,3.009680e-04,1193.649142,0.359142,6.709288e-11,1.029912e+03,4.049998e-06,1.999543e-01,8.813368e+01,1.668317e+06,3.312600e-28,1.158667e-13,4.758485e-01,7.450581e+00,2.181152e+04,3.273145e+04,3.291309e+04,-1.403301e+02,1.497714e+01,3.372717e+01
Si II 1193,6.707797e-06,3.275999e-04,3.343099e-04,1193.688929,0.398929,1.886739e-05,3.204117e+08,4.483522e-06,1.999543e-01,9.817506e+01,2.044596e+06,2.835053e-28,1.211790e-13,7.092964e-01,9.313226e-01,2.181201e+04,3.272998e+04,3.291357e+04,-1.407014e+02,2.845449e+01,3.895130e+01
Si II 1193,6.471199e-06,2.768314e-04,2.833044e-04,1193.628064,0.338064,6.536652e-05,1.014730e+09,4.097958e-06,1.999543e-01,8.296025e+01,1.708063e+06,3.201844e-28,1.147169e-13,8.833648e-01,9.313226e-01,2.181201e+04,3.272998e+04,3.291260e+04,-1.335734e+02,1.871404e+01,2.872933e+01
Si II 1193,6.176538e-06,2.245433e-04,2.307212e-04,1193.565317,0.275317,3.364029e-04,5.159461e+09,4.050858e-06,1.999543e-01,6.729720e+01,1.669026e+06,2.557577e-28,8.940070e-14,3.017801e-01,7.450581e+00,2.181348e+04,3.272949e+04,3.291309e+04,-1.029924e+02,1.297595e+01,2.692565e+01
Si II 1193,6.075874e-06,1.470082e-04,1.530850e-04,1193.472675,0.182675,2.005640e-02,4.017453e+10,3.613781e-06,1.999543e-01,4.405643e+01,1.328289e+06,3.450081e-28,9.612884e-14,2.370290e+00,7.450581e+00,2.181348e+04,3.272949e+04,3.291113e+04,-9.566239e+01,-5.242086e+00,1.132800e+01
Si II 1193,5.285223e-06,1.592244e-04,1.645104e-04,1193.486309,0.196309,2.128685e-04,3.026573e+09,3.753569e-06,1.999543e-01,4.771513e+01,1.433038e+06,4.678966e-28,1.408079e-13,4.412653e-01,9.313226e-01,2.181396e+04,3.272900e+04,3.290967e+04,-1.055815e+02,-1.116030e+01,1.410597e+01
Si II 1193,5.138031e-06,1.306815e-04,1.358202e-04,1193.452073,0.162073,2.528890e-04,3.587533e+09,3.743200e-06,1.999543e-01,3.916352e+01,1.425132e+06,4.123837e-28,1.233526e-13,7.438797e-01,9.313226e-01,2.181396e+04,3.272803e+04,3.290967e+04,-8.982127e+01,-9.874802e+00,1.045758e+01
Si II 1193,4.889897e-06,1.573662e-04,1.622568e-04,1193.483619,0.193619,3.556829e-05,5.348752e+08,3.971036e-06,1.999543e-01,4.715887e+01,1.603897e+06,5.148035e-28,1.734388e-13,1.185145e+00,9.313226e-01,2.181396e+04,3.272803e+04,3.290869e+04,-1.025485e+02,-1.404583e+01,1.630399e+01
Si II 1193,4.494572e-06,1.674408e-04,1.719361e-04,1193.495170,0.205170,1.690267e-08,2.692583e+05,4.208079e-06,1.999543e-01,5.017657e+01,1.801096e+06,5.758320e-28,2.179542e-13,2.138071e-02,9.313226e-01,2.181396e+04,3.272803e+04,3.290771e+04,-1.083702e+02,-1.966612e+01,2.007193e+01
Si II 1193,4.487440e-06,2.036227e-04,2.081110e-04,1193.538337,0.248337,3.769192e-06,6.203455e+07,4.345512e-06,1.999543e-01,6.102327e+01,1.920662e+06,5.451263e-28,2.199475e-13,4.025929e-01,9.313226e-01,2.181494e+04,3.272803e+04,3.290771e+04,-1.096770e+02,-6.556952e+00,2.602094e+01
Si II 1193,4.353148e-06,1.753807e-04,1.797346e-04,1193.504476,0.214476,0.000000e+00,0.000000e+00,4.352289e-06,1.999543e-01,5.256094e+01,1.926657e+06,5.087337e-28,2.058526e-13,7.611713e-01,9.313226e-01,2.181494e+04,3.272705e+04,3.290771e+04,-9.677905e+01,-1.214925e+01,2.460523e+01
Si II 1193,4.099246e-06,1.618290e-04,1.659290e-04,1193.488001,0.198001,3.366503e-05,5.690629e+08,4.464168e-06,1.999543e-01,4.849736e+01,2.026983e+06,5.481832e-28,2.334527e-13,1.185145e+00,9.313226e-01,2.181494e+04,3.272705e+04,3.290674e+04,-9.875458e+01,-1.970607e+01,2.255518e+01
Si II 1193,3.703921e-06,1.460237e-04,1.497282e-04,1193.468669,0.178669,2.531507e-05,4.360099e+08,4.547931e-06,1.999543e-01,4.375729e+01,2.103762e+06,5.686124e-28,2.513795e-13,1.829611e-01,9.313226e-01,2.181494e+04,3.272705e+04,3.290576e+04,-1.025898e+02,-2.828496e+01,1.932842e+01
Si II 1193,3.642891e-06,1.839566e-04,1.876002e-04,1193.513861,0.223861,3.435118e-05,5.851984e+08,4.501001e-06,1.999543e-01,5.512707e+01,2.060569e+06,5.356102e-28,2.318620e-13,2.237209e-01,9.313226e-01,2.181592e+04,3.272705e+04,3.290576e+04,-1.069231e+02,-2.630826e+01,3.010265e+01
Si II 1193,3.568265e-06,1.711014e-04,1.746703e-04,1193.498432,0.208432,6.727268e-05,1.123551e+09,4.409862e-06,1.999543e-01,5.127577e+01,1.977967e+06,5.294554e-28,2.199880e-13,7.784629e-01,9.313226e-01,2.181592e+04,3.272607e+04,3.290576e+04,-9.901097e+01,-2.797348e+01,2.997108e+01
Si II 1193,3.308595e-06,1.611420e-04,1.644511e-04,1193.486238,0.196238,2.415607e-01,3.336522e+11,4.491682e-06,1.999543e-01,4.828601e+01,2.052045e+06,5.619497e-28,2.422872e-13,1.185145e+00,9.313226e-01,2.181592e+04,3.272607e+04,3.290479e+04,-1.075276e+02,-3.908847e+01,2.795452e+01
Si II 1193,2.913270e-06,1.647143e-04,1.676280e-04,1193.490029,0.200029,3.577558e-01,4.942655e+11,4.566878e-06,1.999543e-01,4.934960e+01,2.121327e+06,5.987041e-28,2.668855e-13,3.445416e-01,9.313226e-01,2.181592e+04,3.272607e+04,3.290381e+04,-1.203484e+02,-5.355621e+01,3.053102e+01
Si II 1193,2.798342e-06,1.981231e-04,2.009220e-04,1193.529758,0.239758,9.184262e-02,1.268693e+11,4.533220e-06,1.999543e-01,5.935618e+01,2.090174e+06,6.767131e-28,2.972259e-13,4.484888e-02,9.313226e-01,2.181689e+04,3.272607e+04,3.290381e+04,-1.312916e+02,-6.739047e+01,4.452043e+01
Si II 1193,2.783382e-06,2.182556e-04,2.210396e-04,1193.553764,0.263764,3.674459e+00,5.068749e+12,4.621510e-06,1.999543e-01,6.538183e+01,2.172384e+06,8.422002e-28,3.845348e-13,7.957545e-01,9.313226e-01,2.181689e+04,3.272510e+04,3.290381e+04,-1.447859e+02,-7.835440e+01,5.103878e+01
Si II 1193,2.517944e-06,2.129134e-04,2.154318e-04,1193.547073,0.257073,9.001214e+00,1.241684e+13,4.720639e-06,1.999543e-01,6.375950e+01,2.266577e+06,9.324360e-28,4.443241e-13,1.185145e+00,9.313226e-01,2.181689e+04,3.272510e+04,3.290283e+04,-1.636735e+02,-1.104043e+02,5.637154e+01
Si II 1193,2.122619e-06,2.085225e-04,2.106456e-04,1193.541361,0.251361,2.730206e+00,3.766235e+12,4.777572e-06,1.999543e-01,6.242515e+01,2.321578e+06,1.017289e-27,4.964973e-13,3.720988e-01,9.313226e-01,2.181689e+04,3.272510e+04,3.290186e+04,-1.749399e+02,-1.358773e+02,6.230860e+01
Si II 1193,1.998499e-06,2.048200e-04,2.068189e-04,1193.536795,0.246795,1.213867e+00,1.679049e+12,4.860386e-06,1.999543e-01,6.131997e+01,2.402760e+06,1.061105e-27,5.359068e-13,1.340231e-01,1.164153e-01,2.181714e+04,3.272437e+04,3.290210e+04,-1.743354e+02,-1.280298e+02,5.729778e+01
Si II 1193,1.953793e-06,2.127841e-04,2.147383e-04,1193.546245,0.256245,7.688990e-01,1.062770e+12,4.705366e-06,1.999543e-01,6.371146e+01,2.251935e+06,1.074060e-27,5.082566e-13,8.645048e-02,1.164153e-01,2.181763e+04,3.272437e+04,3.290210e+04,-1.712971e+02,-1.222097e+02,5.869081e+01
Si II 1193,1.924956e-06,2.023666e-04,2.042919e-04,1193.533780,0.243780,4.436700e+00,6.120329e+12,4.726968e-06,1.999543e-01,6.059133e+01,2.272659e+06,1.052843e-27,5.025531e-13,5.925725e-01,1.164153e-01,2.181763e+04,3.272437e+04,3.290161e+04,-1.671302e+02,-1.216967e+02,5.659638e+01
Si II 1193,1.727293e-06,1.954547e-04,1.971823e-04,1193.525296,0.235296,1.987653e+00,2.747989e+12,4.757083e-06,1.999543e-01,5.852365e+01,2.301709e+06,1.036509e-27,5.007874e-13,3.634530e-01,1.164153e-01,2.181763e+04,3.272437e+04,3.290112e+04,-1.624243e+02,-1.180173e+02,5.443659e+01
Si II 1193,1.606057e-06,1.758074e-04,1.774138e-04,1193.501706,0.211706,1.083737e+00,1.498202e+12,4.736076e-06,1.999543e-01,5.264663e+01,2.281425e+06,1.005834e-27,4.817059e-13,2.234592e-01,1.164153e-01,2.181763e+04,3.272388e+04,3.290112e+04,-1.516444e+02,-1.023012e+02,4.443449e+01
Si II 1193,1.531518e-06,1.845270e-04,1.860588e-04,1193.512022,0.222022,1.810628e-03,3.161350e+10,4.611755e-06,1.999543e-01,5.526742e+01,2.163224e+06,1.005959e-27,4.565641e-13,5.660266e-03,1.164153e-01,2.181812e+04,3.272388e+04,3.290112e+04,-1.465657e+02,-8.960257e+01,4.359638e+01
Si II 1193,1.529630e-06,1.769814e-04,1.785113e-04,1193.503016,0.213016,1.441385e+00,1.991941e+12,4.653885e-06,1.999543e-01,5.301014e+01,2.202927e+06,9.874875e-28,4.560978e-13,5.925725e-01,1.164153e-01,2.181812e+04,3.272388e+04,3.290063e+04,-1.415525e+02,-8.297754e+01,3.986673e+01
Si II 1193,1.331968e-06,1.613093e-04,1.626415e-04,1193.484078,0.194078,4.346116e-01,6.005779e+11,4.632816e-06,1.999543e-01,4.831787e+01,2.183027e+06,9.566957e-28,4.376428e-13,3.548072e-01,1.164153e-01,2.181812e+04,3.272388e+04,3.290015e+04,-1.340097e+02,-7.567503e+01,3.402488e+01
Si II 1193,1.213616e-06,1.440860e-04,1.452998e-04,1193.463385,0.173385,2.420232e-01,3.343511e+11,4.545109e-06,1.999543e-01,4.316261e+01,2.101152e+06,9.634683e-28,4.243592e-13,2.377652e-01,1.164153e-01,2.181812e+04,3.272339e+04,3.290015e+04,-1.259996e+02,-5.944855e+01,2.334511e+01
Si II 1193,1.134305e-06,1.217017e-04,1.228361e-04,1193.436579,0.146579,1.867965e-02,4.398208e+10,4.481756e-06,1.999543e-01,3.645732e+01,2.042986e+06,9.230442e-28,3.951578e-13,7.512995e-02,1.164153e-01,2.181812e+04,3.272339e+04,3.289966e+04,-1.172804e+02,-5.232582e+01,1.570148e+01
Si II 1193,1.109244e-06,1.509039e-04,1.520134e-04,1193.471396,0.181396,1.862050e-01,2.572088e+11,4.506346e-06,1.999543e-01,4.520972e+01,2.065466e+06,9.969675e-28,4.313751e-13,5.174425e-01,1.164153e-01,2.181860e+04,3.272339e+04,3.289966e+04,-1.249585e+02,-4.562973e+01,1.935662e+01
Si II 1193,9.366421e-07,1.217831e-04,1.227199e-04,1193.436440,0.146440,4.551149e-02,6.969107e+10,4.437019e-06,1.999543e-01,3.648529e+01,2.002403e+06,9.294766e-28,3.898474e-13,3.461614e-01,1.164153e-01,2.181860e+04,3.272339e+04,3.289917e+04,-1.142883e+02,-3.816113e+01,1.000160e+01
Si II 1193,8.211740e-07,1.125961e-04,1.134174e-04,1193.425340,0.135340,7.668504e-02,1.163568e+11,4.327304e-06,1.999543e-01,3.373341e+01,1.904600e+06,1.003848e-27,4.007396e-13,2.464110e-01,1.164153e-01,2.181860e+04,3.272290e+04,3.289917e+04,-1.123191e+02,-2.469343e+01,8.003952e-01
Si II 1193,7.389794e-07,8.386767e-05,8.460671e-05,1193.390960,0.100960,1.197287e-03,1.938874e+10,4.274081e-06,1.999543e-01,2.512508e+01,1.858038e+06,9.094666e-28,3.541820e-13,1.559202e-01,1.164153e-01,2.181860e+04,3.272290e+04,3.289868e+04,-1.014647e+02,-1.794773e+01,-7.963363e+00
Si II 1193,6.869695e-07,1.248915e-04,1.255786e-04,1193.439852,0.149852,6.827212e-02,1.037739e+11,4.343118e-06,1.999543e-01,3.741962e+01,1.918546e+06,9.768521e-28,3.927717e-13,4.366523e-01,1.164153e-01,2.181909e+04,3.272290e+04,3.289868e+04,-1.141189e+02,-1.017420e+01,-2.881510e+00
Si II 1193,5.413166e-07,1.014038e-04,1.019452e-04,1193.411650,0.121650,1.634875e-02,3.759839e+10,4.348205e-06,1.999543e-01,3.038121e+01,1.923043e+06,9.081105e-28,3.659963e-13,3.375156e-01,1.164153e-01,2.181909e+04,3.272290e+04,3.289819e+04,-1.058018e+02,-4.206463e+00,-1.053584e+01
Si II 1193,4.287324e-07,1.042066e-04,1.046354e-04,1193.414860,0.124860,1.553858e-03,2.519431e+10,4.283419e-06,1.999543e-01,3.121995e+01,1.866165e+06,9.846727e-28,3.854557e-13,2.550568e-01,1.164153e-01,2.181909e+04,3.272241e+04,3.289819e+04,-1.093719e+02,5.138453e+00,-1.589592e+01
Si II 1193,3.436538e-07,9.643291e-05,9.677660e-05,1193.405483,0.115483,4.432584e-04,7.238890e+09,4.314404e-06,1.999543e-01,2.889057e+01,1.893262e+06,9.464199e-28,3.758007e-13,2.367104e-01,1.164153e-01,2.181909e+04,3.272241e+04,3.289771e+04,-1.057206e+02,7.596868e+00,-1.825193e+01
Si II 1193,2.646950e-07,1.377626e-04,1.380273e-04,1193.454707,0.164707,1.273603e-03,2.111074e+10,4.379279e-06,1.999543e-01,4.127649e+01,1.950627e+06,9.827184e-28,4.019899e-13,3.558621e-01,1.164153e-01,2.181958e+04,3.272241e+04,3.289771e+04,-1.170580e+02,1.772709e+01,-1.362977e+01
Si II 1193,1.459911e-07,1.402911e-04,1.404371e-04,1193.457582,0.167582,2.116734e-04,3.511287e+09,4.381049e-06,1.999543e-01,4.203540e+01,1.952204e+06,9.587603e-28,3.924058e-13,3.288698e-01,1.164153e-01,2.181958e+04,3.272241e+04,3.289722e+04,-1.149359e+02,1.810710e+01,-1.190686e+01
Si II 1193,3.629090e-08,1.506238e-04,1.506601e-04,1193.469781,0.179781,3.487857e-05,5.799292e+08,4.387486e-06,1.999543e-01,4.512970e+01,1.957945e+06,1.050875e-27,4.316253e-13,1.052116e-01,1.164153e-01,2.181958e+04,3.272192e+04,3.289722e+04,-1.225077e+02,2.227624e+01,-1.379580e+01
Si III 1206,1.023894e-05,4.930773e-04,5.033213e-04,1207.107257,0.607257,8.312873e-04,4.220323e+09,3.841442e-06,4.826951e-01,1.477574e+02,1.500920e+06,2.283487e-28,7.203246e-14,6.289922e-01,7.450581e+00,2.180762e+04,3.273535e+04,3.292285e+04,-1.726827e+02,5.956712e+01,6.848300e+01
Si III 1206,1.002913e-05,4.727065e-04,4.827403e-04,1207.082426,0.582426,2.688453e-05,1.334045e+08,3.753772e-06,4.826951e-01,1.416459e+02,1.433193e+06,2.481113e-28,7.472474e-14,5.450149e-01,7.450581e+00,2.180762e+04,3.273535e+04,3.292090e+04,-1.833479e+02,6.545343e+01,5.310913e+01
Si III 1206,9.847330e-06,4.457512e-04,4.556030e-04,1207.049685,0.549685,1.620431e-03,8.467679e+09,3.950161e-06,4.826951e-01,1.335699e+02,1.587079e+06,2.362245e-28,7.852422e-14,8.771731e-01,7.450581e+00,2.180762e+04,3.273340e+04,3.292090e+04,-1.780619e+02,6.094601e+01,4.805284e+01
Si III 1206,9.554733e-06,4.832322e-04,4.927916e-04,1207.094553,0.594553,5.277896e-02,2.766308e+10,4.295462e-06,4.826951e-01,1.448031e+02,1.876674e+06,2.928562e-28,1.147330e-13,9.481018e-01,7.450581e+00,2.180957e+04,3.273340e+04,3.292090e+04,-1.771823e+02,7.136949e+01,5.684698e+01
Si III 1206,9.238478e-06,4.050372e-04,4.142794e-04,1206.999828,0.499828,1.043962e-09,6.180630e+03,4.478574e-06,4.826951e-01,1.213784e+02,2.040086e+06,2.458034e-28,1.041044e-13,2.370290e+00,7.450581e+00,2.180957e+04,3.273340e+04,3.291895e+04,-1.544383e+02,5.612048e+01,4.674585e+01
Si III 1206,8.447827e-06,3.432080e-04,3.516588e-04,1206.924276,0.424276,8.472370e-09,4.753080e+04,4.248000e-06,4.826951e-01,1.028518e+02,1.835431e+06,2.674903e-28,1.019771e-13,5.104317e-01,7.450581e+00,2.180957e+04,3.273340e+04,3.291699e+04,-1.435915e+02,3.888534e+01,3.802041e+01
Si III 1206,8.277563e-06,4.337655e-04,4.420466e-04,1207.033329,0.533329,1.872441e-06,1.357667e+07,5.494133e-06,4.826951e-01,1.299884e+02,3.070204e+06,2.094612e-28,1.330488e-13,1.234917e+00,7.450581e+00,2.180957e+04,3.273145e+04,3.291699e+04,-1.583442e+02,3.890397e+01,6.403803e+01
Si III 1206,7.865636e-06,4.046127e-04,4.124815e-04,1206.997659,0.497659,4.201431e-04,3.284363e+09,5.923671e-06,4.826951e-01,1.212589e+02,3.569035e+06,2.023332e-28,1.490486e-13,6.249410e-01,7.450581e+00,2.181152e+04,3.273145e+04,3.291699e+04,-1.381507e+02,3.674901e+01,6.398181e+01
Si III 1206,7.657176e-06,3.740591e-04,3.817192e-04,1206.960544,0.460544,5.760611e-06,3.707162e+07,4.871040e-06,4.826951e-01,1.120990e+02,2.413306e+06,2.677410e-28,1.343827e-13,2.370290e+00,7.450581e+00,2.181152e+04,3.273145e+04,3.291504e+04,-1.446747e+02,2.903940e+01,5.369470e+01
Si III 1206,6.866525e-06,2.940995e-04,3.009680e-04,1206.863118,0.363118,7.452316e-08,3.987436e+05,4.049998e-06,4.826951e-01,8.813368e+01,1.668317e+06,3.312600e-28,1.158667e-13,4.758485e-01,7.450581e+00,2.181152e+04,3.273145e+04,3.291309e+04,-1.403301e+02,1.497714e+01,3.372717e+01
Si III 1206,6.707797e-06,3.275999e-04,3.343099e-04,1206.903345,0.403345,1.606679e-03,9.512622e+09,4.483522e-06,4.826951e-01,9.817506e+01,2.044596e+06,2.835053e-28,1.211790e-13,7.092964e-01,9.313226e-01,2.181201e+04,3.272998e+04,3.291357e+04,-1.407014e+02,2.845449e+01,3.895130e+01
Si III 1206,6.471199e-06,2.768314e-04,2.833044e-04,1206.841807,0.341807,5.828439e-02,3.007514e+10,4.097958e-06,4.826951e-01,8.296025e+01,1.708063e+06,3.201844e-28,1.147169e-13,8.833648e-01,9.313226e-01,2.181201e+04,3.272998e+04,3.291260e+04,-1.335734e+02,1.871404e+01,2.872933e+01
Si III 1206,6.176538e-06,2.245433e-04,2.307212e-04,1206.778365,0.278365,3.211011e-01,1.529190e+11,4.050858e-06,4.826951e-01,6.729720e+01,1.669026e+06,2.557577e-28,8.940070e-14,3.017801e-01,7.450581e+00,2.181348e+04,3.272949e+04,3.291309e+04,-1.029924e+02,1.297595e+01,2.692565e+01
Si III 1206,6.075874e-06,1.470082e-04,1.530850e-04,1206.684697,0.184697,2.500823e+00,1.190715e+12,3.613781e-06,4.826951e-01,4.405643e+01,1.328289e+06,3.450081e-28,9.612884e-14,2.370290e+00,7.450581e+00,2.181348e+04,3.272949e+04,3.291113e+04,-9.566239e+01,-5.242086e+00,1.132800e+01
Si III 1206,5.285223e-06,1.592244e-04,1.645104e-04,1206.698482,0.198482,1.883927e-01,8.970329e+10,3.753569e-06,4.826951e-01,4.771513e+01,1.433038e+06,4.678966e-28,1.408079e-13,4.412653e-01,9.313226e-01,2.181396e+04,3.272900e+04,3.290967e+04,-1.055815e+02,-1.116030e+01,1.410597e+01
Si III 1206,5.138031e-06,1.306815e-04,1.358202e-04,1206.663867,0.163867,2.233054e-01,1.063293e+11,3.743200e-06,4.826951e-01,3.916352e+01,1.425132e+06,4.123837e-28,1.233526e-13,7.438797e-01,9.313226e-01,2.181396e+04,3.272803e+04,3.290967e+04,-8.982127e+01,-9.874802e+00,1.045758e+01
Si III 1206,4.889897e-06,1.573662e-04,1.622568e-04,1206.695763,0.195763,3.102464e-02,1.585293e+10,3.971036e-06,4.826951e-01,4.715887e+01,1.603897e+06,5.148035e-28,1.734388e-13,1.185145e+00,9.313226e-01,2.181396e+04,3.272803e+04,3.290869e+04,-1.025485e+02,-1.404583e+01,1.630399e+01
Si III 1206,4.494572e-06,1.674408e-04,1.719361e-04,1206.707441,0.207441,1.408590e-06,7.830792e+06,4.208079e-06,4.826951e-01,5.017657e+01,1.801096e+06,5.758320e-28,2.179542e-13,2.138071e-02,9.313226e-01,2.181396e+04,3.272803e+04,3.290771e+04,-1.083702e+02,-1.966612e+01,2.007193e+01
Si III 1206,4.487440e-06,2.036227e-04,2.081110e-04,1206.751086,0.251086,3.141362e-04,1.804083e+09,4.345512e-06,4.826951e-01,6.102327e+01,1.920662e+06,5.451263e-28,2.199475e-13,4.025929e-01,9.313226e-01,2.181494e+04,3.272803e+04,3.290771e+04,-1.096770e+02,-6.556952e+00,2.602094e+01
Si III 1206,4.353148e-06,1.753807e-04,1.797346e-04,1206.716850,0.216850,0.000000e+00,0.000000e+00,4.352289e-06,4.826951e-01,5.256094e+01,1.926657e+06,5.087337e-28,2.058526e-13,7.611713e-01,9.313226e-01,2.181494e+04,3.272705e+04,3.290771e+04,-9.677905e+01,-1.214925e+01,2.460523e+01
Si III 1206,4.099246e-06,1.618290e-04,1.659290e-04,1206.700193,0.200193,1.716124e-02,1.403362e+10,4.464168e-06,4.826951e-01,4.849736e+01,2.026983e+06,5.481832e-28,2.334527e-13,1.185145e+00,9.313226e-01,2.181494e+04,3.272705e+04,3.290674e+04,-9.875458e+01,-1.970607e+01,2.255518e+01
Si III 1206,3.703921e-06,1.460237e-04,1.497282e-04,1206.680647,0.180647,1.184830e-03,7.121104e+09,4.547931e-06,4.826951e-01,4.375729e+01,2.103762e+06,5.686124e-28,2.513795e-13,1.829611e-01,9.313226e-01,2.181494e+04,3.272705e+04,3.290576e+04,-1.025898e+02,-2.828496e+01,1.932842e+01
Si III 1206,3.642891e-06,1.839566e-04,1.876002e-04,1206.726340,0.226340,1.876154e-02,1.542998e+10,4.501001e-06,4.826951e-01,5.512707e+01,2.060569e+06,5.356102e-28,2.318620e-13,2.237209e-01,9.313226e-01,2.181592e+04,3.272705e+04,3.290576e+04,-1.069231e+02,-2.630826e+01,3.010265e+01
Si III 1206,3.568265e-06,1.711014e-04,1.746703e-04,1206.710740,0.210740,3.305750e-02,1.750445e+10,4.409862e-06,4.826951e-01,5.127577e+01,1.977967e+06,5.294554e-28,2.199880e-13,7.784629e-01,9.313226e-01,2.181592e+04,3.272607e+04,3.290576e+04,-9.901097e+01,-2.797348e+01,2.997108e+01
Si III 1206,3.308595e-06,1.611420e-04,1.644511e-04,1206.698410,0.198410,2.047029e+00,9.758235e+11,4.491682e-06,4.826951e-01,4.828601e+01,2.052045e+06,5.619497e-28,2.422872e-13,1.185145e+00,9.313226e-01,2.181592e+04,3.272607e+04,3.290479e+04,-1.075276e+02,-3.908847e+01,2.795452e+01
Si III 1206,2.913270e-06,1.647143e-04,1.676280e-04,1206.702243,0.202243,2.936921e+00,1.400386e+12,4.566878e-06,4.826951e-01,4.934960e+01,2.121327e+06,5.987041e-28,2.668855e-13,3.445416e-01,9.313226e-01,2.181592e+04,3.272607e+04,3.290381e+04,-1.203484e+02,-5.355621e+01,3.053102e+01
Si III 1206,2.798342e-06,1.981231e-04,2.009220e-04,1206.742412,0.242412,7.311475e-01,3.485736e+11,4.533220e-06,4.826951e-01,5.935618e+01,2.090174e+06,6.767131e-28,2.972259e-13,4.484888e-02,9.313226e-01,2.181689e+04,3.272607e+04,3.290381e+04,-1.312916e+02,-6.739047e+01,4.452043e+01
Si III 1206,2.783382e-06,2.182556e-04,2.210396e-04,1206.766684,0.266684,2.790579e+01,1.328363e+13,4.621510e-06,4.826951e-01,6.538183e+01,2.172384e+06,8.422002e-28,3.845348e-13,7.957545e-01,9.313226e-01,2.181689e+04,3.272510e+04,3.290381e+04,-1.447859e+02,-7.835440e+01,5.103878e+01
Si III 1206,2.517944e-06,2.129134e-04,2.154318e-04,1206.759919,0.259919,7.255351e+01,3.453690e+13,4.720639e-06,4.826951e-01,6.375950e+01,2.266577e+06,9.324360e-28,4.443241e-13,1.185145e+00,9.313226e-01,2.181689e+04,3.272510e+04,3.290283e+04,-1.636735e+02,-1.104043e+02,5.637154e+01
Si III 1206,2.122619e-06,2.085225e-04,2.106456e-04,1206.754144,0.254144,2.221807e+01,1.057629e+13,4.777572e-06,4.826951e-01,6.242515e+01,2.321578e+06,1.017289e-27,4.964973e-13,3.720988e-01,9.313226e-01,2.181689e+04,3.272510e+04,3.290186e+04,-1.749399e+02,-1.358773e+02,6.230860e+01
Si III 1206,1.998499e-06,2.048200e-04,2.068189e-04,1206.749527,0.249527,9.877482e+00,4.701918e+12,4.860386e-06,4.826951e-01,6.131997e+01,2.402760e+06,1.061105e-27,5.359068e-13,1.340231e-01,1.164153e-01,2.181714e+04,3.272437e+04,3.290210e+04,-1.743354e+02,-1.280298e+02,5.729778e+01
Si III 1206,1.953793e-06,2.127841e-04,2.147383e-04,1206.759082,0.259082,6.213851e+00,2.957917e+12,4.705366e-06,4.826951e-01,6.371146e+01,2.251935e+06,1.074060e-27,5.082566e-13,8.645048e-02,1.164153e-01,2.181763e+04,3.272437e+04,3.290210e+04,-1.712971e+02,-1.222097e+02,5.869081e+01
Si III 1206,1.924956e-06,2.023666e-04,2.042919e-04,1206.746478,0.246478,3.607262e+01,1.717147e+13,4.726968e-06,4.826951e-01,6.059133e+01,2.272659e+06,1.052843e-27,5.025531e-13,5.925725e-01,1.164153e-01,2.181763e+04,3.272437e+04,3.290161e+04,-1.671302e+02,-1.216967e+02,5.659638e+01
Si III 1206,1.727293e-06,1.954547e-04,1.971823e-04,1206.737900,0.237900,1.620980e+01,7.716325e+12,4.757083e-06,4.826951e-01,5.852365e+01,2.301709e+06,1.036509e-27,5.007874e-13,3.634530e-01,1.164153e-01,2.181763e+04,3.272437e+04,3.290112e+04,-1.624243e+02,-1.180173e+02,5.443659e+01
Si III 1206,1.606057e-06,1.758074e-04,1.774138e-04,1206.714050,0.214050,8.833277e+00,4.204974e+12,4.736076e-06,4.826951e-01,5.264663e+01,2.281425e+06,1.005834e-27,4.817059e-13,2.234592e-01,1.164153e-01,2.181763e+04,3.272388e+04,3.290112e+04,-1.516444e+02,-1.023012e+02,4.443449e+01
Si III 1206,1.531518e-06,1.845270e-04,1.860588e-04,1206.724480,0.224480,1.856286e-01,8.852455e+10,4.611755e-06,4.826951e-01,5.526742e+01,2.163224e+06,1.005959e-27,4.565641e-13,5.660266e-03,1.164153e-01,2.181812e+04,3.272388e+04,3.290112e+04,-1.465657e+02,-8.960257e+01,4.359638e+01
Si III 1206,1.529630e-06,1.769814e-04,1.785113e-04,1206.715374,0.215374,1.166494e+01,5.552947e+12,4.653885e-06,4.826951e-01,5.301014e+01,2.202927e+06,9.874875e-28,4.560978e-13,5.925725e-01,1.164153e-01,2.181812e+04,3.272388e+04,3.290063e+04,-1.415525e+02,-8.297754e+01,3.986673e+01
Si III 1206,1.331968e-06,1.613093e-04,1.626415e-04,1206.696227,0.196227,3.483022e+00,1.658075e+12,4.632816e-06,4.826951e-01,4.831787e+01,2.183027e+06,9.566957e-28,4.376428e-13,3.548072e-01,1.164153e-01,2.181812e+04,3.272388e+04,3.290015e+04,-1.340097e+02,-7.567503e+01,3.402488e+01
Si III 1206,1.213616e-06,1.440860e-04,1.452998e-04,1206.675304,0.175304,1.733324e+00,8.264349e+11,4.545109e-06,4.826951e-01,4.316261e+01,2.101152e+06,9.634683e-28,4.243592e-13,2.377652e-01,1.164153e-01,2.181812e+04,3.272339e+04,3.290015e+04,-1.259996e+02,-5.944855e+01,2.334511e+01
Si III 1206,1.134305e-06,1.217017e-04,1.228361e-04,1206.648202,0.148202,2.067707e-01,9.856896e+10,4.481756e-06,4.826951e-01,3.645732e+01,2.042986e+06,9.230442e-28,3.951578e-13,7.512995e-02,1.164153e-01,2.181812e+04,3.272339e+04,3.289966e+04,-1.172804e+02,-5.232582e+01,1.570148e+01
Si III 1206,1.109244e-06,1.509039e-04,1.520134e-04,1206.683404,0.183404,1.108227e+00,5.283219e+11,4.506346e-06,4.826951e-01,4.520972e+01,2.065466e+06,9.969675e-28,4.313751e-13,5.174425e-01,1.164153e-01,2.181860e+04,3.272339e+04,3.289966e+04,-1.249585e+02,-4.562973e+01,1.935662e+01
Si III 1206,9.366421e-07,1.217831e-04,1.227199e-04,1206.648062,0.148062,2.419669e-01,1.153317e+11,4.437019e-06,4.826951e-01,3.648529e+01,2.002403e+06,9.294766e-28,3.898474e-13,3.461614e-01,1.164153e-01,2.181860e+04,3.272339e+04,3.289917e+04,-1.142883e+02,-3.816113e+01,1.000160e+01
Si III 1206,8.211740e-07,1.125961e-04,1.134174e-04,1206.636838,0.136838,1.909626e-01,9.099577e+10,4.327304e-06,4.826951e-01,3.373341e+01,1.904600e+06,1.003848e-27,4.007396e-13,2.464110e-01,1.164153e-01,2.181860e+04,3.272290e+04,3.289917e+04,-1.123191e+02,-2.469343e+01,8.003952e-01
Si III 1206,7.389794e-07,8.386767e-05,8.460671e-05,1206.602078,0.102078,4.844893e-02,2.535939e+10,4.274081e-06,4.826951e-01,2.512508e+01,1.858038e+06,9.094666e-28,3.541820e-13,1.559202e-01,1.164153e-01,2.181860e+04,3.272290e+04,3.289868e+04,-1.014647e+02,-1.794773e+01,-7.963363e+00
Si III 1206,6.869695e-07,1.248915e-04,1.255786e-04,1206.651511,0.151511,3.119286e-01,1.486417e+11,4.343118e-06,4.826951e-01,3.741962e+01,1.918546e+06,9.768521e-28,3.927717e-13,4.366523e-01,1.164153e-01,2.181909e+04,3.272290e+04,3.289868e+04,-1.141189e+02,-1.017420e+01,-2.881510e+00
Si III 1206,5.413166e-07,1.014038e-04,1.019452e-04,1206.622997,0.122997,1.130115e-01,5.385447e+10,4.348205e-06,4.826951e-01,3.038121e+01,1.923043e+06,9.081105e-28,3.659963e-13,3.375156e-01,1.164153e-01,2.181909e+04,3.272290e+04,3.289819e+04,-1.058018e+02,-4.206463e+00,-1.053584e+01
Si III 1206,4.287324e-07,1.042066e-04,1.046354e-04,1206.626243,0.126243,6.890155e-02,3.608735e+10,4.283419e-06,4.826951e-01,3.121995e+01,1.866165e+06,9.846727e-28,3.854557e-13,2.550568e-01,1.164153e-01,2.181909e+04,3.272241e+04,3.289819e+04,-1.093719e+02,5.138453e+00,-1.589592e+01
Si III 1206,3.436538e-07,9.643291e-05,9.677660e-05,1206.616761,0.116761,1.819621e-03,1.036871e+10,4.314404e-06,4.826951e-01,2.889057e+01,1.893262e+06,9.464199e-28,3.758007e-13,2.367104e-01,1.164153e-01,2.181909e+04,3.272241e+04,3.289771e+04,-1.057206e+02,7.596868e+00,-1.825193e+01
Si III 1206,2.646950e-07,1.377626e-04,1.380273e-04,1206.666530,0.166530,5.727121e-02,3.023821e+10,4.379279e-06,4.826951e-01,4.127649e+01,1.950627e+06,9.827184e-28,4.019899e-13,3.558621e-01,1.164153e-01,2.181958e+04,3.272241e+04,3.289771e+04,-1.170580e+02,1.772709e+01,-1.362977e+01
Si III 1206,1.459911e-07,1.402911e-04,1.404371e-04,1206.669437,0.169437,8.684812e-04,5.029434e+09,4.381049e-06,4.826951e-01,4.203540e+01,1.952204e+06,9.587603e-28,3.924058e-13,3.288698e-01,1.164153e-01,2.181958e+04,3.272241e+04,3.289722e+04,-1.149359e+02,1.810710e+01,-1.190686e+01
Si III 1206,3.629090e-08,1.506238e-04,1.506601e-04,1206.681771,0.181771,1.433009e-04,8.306694e+08,4.387486e-06,4.826951e-01,4.512970e+01,1.957945e+06,1.050875e-27,4.316253e-13,1.052116e-01,1.164153e-01,2.181958e+04,3.272192e+04,3.289722e+04,-1.225077e+02,2.227624e+01,-1.379580e+01
