Line	 z_cosmo	 z_doppler	 z_effective	 wavelength [A]	delta wavelength [A]	 optical depth	column density [cm^-2]	 thermal broadening [km/s]	equivalent width [A]	 velocity_los [km/s]	temperature [K]	 density [g/cm^3]	 pressure [dyne/cm^2]	dl [kpccm/h]	 cell_volume [kpccm/h^3]	 x [kpccm/h]	y [kpccm/h]	 z [kpccm/h]	 v_x [km/s]	 v_y [km/s]	v_z [km/s]	 
Line,z_cosmo,z_dopp,z_eff,lambda,delta_lamdba,tau,N,thermal_b,EW,v_los,T,rho,p,dl,cell_volume,x,y,z,vx,vy,vz
C II 1335,1.447316e-05,1.223451e-04,1.368200e-04,1334.714591,0.182591,1.946725e-03,1.684675e+11,5.745222e-06,7.461060e-01,3.662759e+01,1.435717e+06,1.752640e-28,5.276006e-14,1.172321e+00,7.450581e+00,2.181934e+04,3.270020e+04,3.293457e+04,-1.633051e+02,2.326548e+01,5.563797e+01
C II 1335,1.408211e-05,7.449329e-05,8.857644e-05,1334.650208,0.118208,7.888987e-04,5.990967e+10,5.036828e-06,7.461060e-01,2.223843e+01,1.103493e+06,3.790098e-28,8.791163e-14,5.548505e-01,7.450581e+00,2.181934e+04,3.270020e+04,3.293262e+04,-2.320687e+02,2.837534e+01,4.184772e+01
C II 1335,1.389703e-05,1.610270e-04,1.749262e-04,1334.765445,0.233445,1.099192e-03,8.847876e+10,5.343368e-06,7.461060e-01,4.820853e+01,1.241896e+06,2.736523e-28,7.134881e-14,1.704819e+00,7.450581e+00,2.181934e+04,3.270215e+04,3.293262e+04,-1.884743e+02,1.287711e+01,6.294985e+01
C II 1335,1.332835e-05,1.303212e-04,1.436513e-04,1334.723707,0.191707,1.449386e-03,1.114652e+11,5.104484e-06,7.461060e-01,3.891323e+01,1.133336e+06,5.956200e-28,1.416332e-13,2.178873e+00,7.450581e+00,2.181934e+04,3.270215e+04,3.293066e+04,-3.005898e+02,1.663698e+01,5.419445e+01
C II 1335,1.260155e-05,1.730129e-04,1.856166e-04,1334.779711,0.247711,1.927473e-04,1.800197e+10,6.198118e-06,7.461060e-01,5.178126e+01,1.670994e+06,3.501671e-28,1.221094e-13,8.079686e-02,7.450581e+00,2.181934e+04,3.270410e+04,3.293066e+04,-2.183620e+02,9.142222e+00,6.485989e+01
C II 1335,1.257460e-05,1.428511e-04,1.554275e-04,1334.739423,0.207423,2.080593e-01,1.051755e+12,5.940451e-06,7.461060e-01,4.271644e+01,1.534949e+06,4.145429e-28,1.328119e-13,2.259670e+00,7.450581e+00,2.181934e+04,3.270410e+04,3.292871e+04,-2.497770e+02,9.886405e+00,5.475242e+01
C II 1335,1.182084e-05,1.350082e-04,1.468306e-04,1334.727950,0.195950,1.544813e-01,7.781610e+11,5.805180e-06,7.461060e-01,4.040013e+01,1.465840e+06,3.236698e-28,9.912450e-14,1.543225e+00,7.450581e+00,2.181934e+04,3.270410e+04,3.292676e+04,-2.045374e+02,8.567489e+00,5.138137e+01
C II 1335,1.130607e-05,2.220905e-04,2.333991e-04,1334.843479,0.311479,5.618098e-01,2.762948e+12,7.503772e-06,7.461060e-01,6.652268e+01,2.449144e+06,2.470749e-28,1.261252e-13,7.164442e-01,7.450581e+00,2.181934e+04,3.270605e+04,3.292676e+04,-1.720631e+02,-6.003601e+00,7.318059e+01
C II 1335,1.106709e-05,1.692071e-04,1.802761e-04,1334.772584,0.240584,3.466312e-01,1.706172e+12,8.136032e-06,7.461060e-01,5.067453e+01,2.879257e+06,2.719081e-28,1.632393e-13,2.259670e+00,7.450581e+00,2.181934e+04,3.270605e+04,3.292480e+04,-1.648915e+02,1.064059e+01,6.454132e+01
C II 1335,1.031334e-05,6.972794e-05,8.004199e-05,1334.638819,0.106819,3.734870e-01,1.840763e+12,8.659630e-06,7.461060e-01,2.077384e+01,3.261774e+06,6.484799e-28,4.410095e-13,9.075781e-01,7.450581e+00,2.181934e+04,3.270605e+04,3.292285e+04,-2.648325e+02,6.426079e+01,6.097750e+01
C II 1335,1.001060e-05,1.787823e-04,1.887947e-04,1334.783953,0.251953,1.169123e-01,6.617653e+11,8.685600e-06,7.461060e-01,5.353864e+01,3.281367e+06,3.278106e-28,2.242600e-13,1.352092e+00,7.450581e+00,2.181934e+04,3.270801e+04,3.292285e+04,-1.757978e+02,7.754867e+00,6.615757e+01
C II 1335,9.559580e-06,1.799021e-04,1.894634e-04,1334.784845,0.252845,3.527983e-01,1.736603e+12,8.165655e-06,7.461060e-01,5.386617e+01,2.900261e+06,4.739700e-28,2.867611e-13,2.259670e+00,7.450581e+00,2.181934e+04,3.270801e+04,3.292090e+04,-1.892352e+02,7.244079e+00,6.621667e+01
C II 1335,8.805826e-06,1.360774e-04,1.448844e-04,1334.725353,0.193353,1.648519e-01,8.792231e+11,7.439119e-06,7.461060e-01,4.072817e+01,2.407122e+06,5.983350e-28,3.008011e-13,2.719308e-01,7.450581e+00,2.181934e+04,3.270801e+04,3.291895e+04,-1.880988e+02,2.721039e+01,6.263569e+01
C II 1335,8.715118e-06,2.309684e-04,2.396855e-04,1334.851868,0.319868,7.183185e-01,3.531496e+12,6.942305e-06,7.461060e-01,6.915837e+01,2.096343e+06,8.844701e-28,3.877802e-13,1.987739e+00,7.450581e+00,2.181934e+04,3.270996e+04,3.291895e+04,-2.071895e+02,1.115579e+01,8.615474e+01
C II 1335,8.052071e-06,2.075810e-04,2.156347e-04,1334.819771,0.287771,2.175543e-01,1.128828e+12,6.755913e-06,7.461060e-01,6.217719e+01,1.985286e+06,6.703603e-28,2.787354e-13,1.129835e+00,9.313226e-01,2.181982e+04,3.271045e+04,3.291748e+04,-1.649089e+02,6.776973e-01,7.205253e+01
C II 1335,7.675194e-06,1.766103e-04,1.842868e-04,1334.777937,0.245937,1.252671e-01,6.502015e+11,6.766460e-06,7.461060e-01,5.290842e+01,1.991490e+06,4.987736e-28,2.081358e-13,7.661182e-01,9.313226e-01,2.181982e+04,3.271045e+04,3.291650e+04,-1.397090e+02,-7.315555e+00,5.672070e+01
C II 1335,7.419641e-06,2.099510e-04,2.173722e-04,1334.822090,0.290090,6.972079e-04,7.459531e+10,7.103725e-06,7.461060e-01,6.290579e+01,2.194964e+06,4.314870e-28,1.983941e-13,3.637166e-01,9.313226e-01,2.181982e+04,3.271143e+04,3.291650e+04,-1.321961e+02,-2.133165e+01,6.014476e+01
C II 1335,7.298316e-06,1.778010e-04,1.851006e-04,1334.779023,0.247023,1.189540e-03,1.270824e+11,7.092290e-06,7.461060e-01,5.327330e+01,2.187903e+06,3.623915e-28,1.661508e-13,1.129835e+00,9.313226e-01,2.181982e+04,3.271143e+04,3.291553e+04,-1.232076e+02,-2.080643e+01,4.932117e+01
C II 1335,6.921439e-06,1.416090e-04,1.485314e-04,1334.730220,0.198220,8.697379e-04,9.141764e+10,6.976890e-06,7.461060e-01,4.242513e+01,2.117283e+06,3.601851e-28,1.599252e-13,4.482946e-01,9.313226e-01,2.181982e+04,3.271143e+04,3.291455e+04,-1.226577e+02,-1.439070e+01,4.050420e+01
C II 1335,6.771902e-06,1.637617e-04,1.705347e-04,1334.759584,0.227584,2.654560e-01,1.305431e+12,7.351586e-06,7.461060e-01,4.906453e+01,2.350808e+06,3.711838e-28,1.827499e-13,6.815403e-01,9.313226e-01,2.181982e+04,3.271240e+04,3.291455e+04,-1.247389e+02,-1.987058e+01,4.499377e+01
C II 1335,6.544562e-06,1.214557e-04,1.280010e-04,1334.702821,0.170821,7.380298e-01,3.629053e+12,7.108405e-06,7.461060e-01,3.638026e+01,2.197857e+06,4.267546e-28,1.966334e-13,1.129835e+00,9.313226e-01,2.181982e+04,3.271240e+04,3.291357e+04,-1.315377e+02,-8.988417e+00,3.663886e+01
C II 1335,6.167684e-06,8.358458e-05,8.975278e-05,1334.651778,0.119778,8.453475e-02,4.416669e+11,6.937465e-06,7.461060e-01,2.502736e+01,2.093422e+06,4.682409e-28,2.056355e-13,1.304709e-01,9.313226e-01,2.181982e+04,3.271240e+04,3.291260e+04,-1.319415e+02,3.919020e+00,3.101344e+01
C II 1335,6.124163e-06,9.339310e-05,9.951783e-05,1334.664810,0.132810,2.065555e+00,1.015668e+13,7.021337e-06,7.461060e-01,2.795636e+01,2.144345e+06,5.819384e-28,2.613893e-13,9.993639e-01,9.313226e-01,2.181982e+04,3.271338e+04,3.291260e+04,-1.560002e+02,-2.177191e+00,3.081465e+01
C II 1335,5.790807e-06,6.425556e-05,7.004674e-05,1334.625480,0.093480,1.321732e+00,6.499087e+12,6.901270e-06,7.461060e-01,1.922912e+01,2.071635e+06,5.710453e-28,2.478810e-13,9.424821e-01,9.313226e-01,2.181982e+04,3.271338e+04,3.291162e+04,-1.397210e+02,1.206430e+01,2.903128e+01
C II 1335,5.476425e-06,8.128869e-05,8.676556e-05,1334.647791,0.115791,4.604450e-01,2.263996e+12,6.871112e-06,7.461060e-01,2.432260e+01,2.053568e+06,6.632936e-28,2.850544e-13,1.873528e-01,9.313226e-01,2.181982e+04,3.271436e+04,3.291162e+04,-1.651018e+02,5.604443e+00,3.112287e+01
C II 1335,5.413930e-06,5.782353e-05,6.323777e-05,1334.616393,0.084393,1.234325e+00,6.069413e+12,6.936273e-06,7.461060e-01,1.730348e+01,2.092702e+06,5.891048e-28,2.579429e-13,1.129835e+00,9.313226e-01,2.181982e+04,3.271436e+04,3.291064e+04,-1.323721e+02,2.027843e+01,3.159505e+01
C II 1335,5.037052e-06,2.292527e-05,2.796244e-05,1334.569317,0.037317,1.662619e-01,8.817041e+11,7.302231e-06,7.461060e-01,6.850263e+00,2.319350e+06,5.663923e-28,2.745333e-13,6.246584e-01,9.313226e-01,2.181982e+04,3.271436e+04,3.290967e+04,-1.076491e+02,3.424804e+01,2.767085e+01
C II 1335,4.828686e-06,5.623786e-05,6.106682e-05,1334.613496,0.081496,1.664964e-01,8.814772e+11,7.265196e-06,7.461060e-01,1.683187e+01,2.295883e+06,5.623067e-28,2.697821e-13,5.051765e-01,9.313226e-01,2.181982e+04,3.271533e+04,3.290967e+04,-1.205511e+02,2.898127e+01,3.613295e+01
C II 1335,4.660175e-06,1.989212e-06,6.649396e-06,1334.540874,0.008874,4.370503e-01,2.149965e+12,7.551768e-06,7.461060e-01,5.740198e-01,2.480575e+06,5.968240e-28,3.090513e-13,1.129835e+00,9.313226e-01,2.181982e+04,3.271533e+04,3.290869e+04,-1.055840e+02,4.070654e+01,2.417080e+01
C II 1335,4.283298e-06,-7.392471e-05,-6.964173e-05,1334.439061,-0.092939,2.852162e-01,1.403248e+12,7.619248e-06,7.461060e-01,-2.218401e+01,2.525104e+06,6.947403e-28,3.659954e-13,3.068347e-01,9.313226e-01,2.181982e+04,3.271533e+04,3.290771e+04,-1.018524e+02,5.255225e+01,4.739415e+00
C II 1335,4.180947e-06,-7.713775e-05,-7.295713e-05,1334.434636,-0.097364,1.340148e+00,6.591197e+12,7.134742e-06,7.461060e-01,-2.315802e+01,2.214173e+06,7.937637e-28,3.668504e-13,8.230001e-01,9.313226e-01,2.181982e+04,3.271631e+04,3.290771e+04,-1.261644e+02,6.024034e+01,8.044794e+00
C II 1335,3.906420e-06,-1.605184e-04,-1.566126e-04,1334.322995,-0.209005,2.737559e+00,1.346501e+13,7.112048e-06,7.461060e-01,-4.816357e+01,2.200110e+06,9.919244e-28,4.556982e-13,1.118846e+00,9.313226e-01,2.181982e+04,3.271631e+04,3.290674e+04,-1.414977e+02,6.702083e+01,-1.696609e+01
C II 1335,3.533209e-06,-1.164840e-04,-1.129512e-04,1334.381263,-0.150737,1.207127e-03,1.196900e+11,6.581942e-06,7.461060e-01,-3.496795e+01,1.884357e+06,1.056659e-27,4.165684e-13,1.098897e-02,9.313226e-01,2.181982e+04,3.271729e+04,3.290674e+04,-1.565875e+02,5.982836e+01,-5.909653e+00
C II 1335,3.529543e-06,-1.535226e-04,-1.499936e-04,1334.331829,-0.200171,1.070028e+00,5.262585e+12,6.897512e-06,7.461060e-01,-4.607099e+01,2.069379e+06,1.073929e-27,4.650709e-13,5.649174e-01,1.164153e-01,2.181958e+04,3.271704e+04,3.290601e+04,-1.573660e+02,4.644718e+01,-2.654229e+01
C II 1335,3.341104e-06,-1.566184e-04,-1.532778e-04,1334.327446,-0.204554,5.990944e-01,2.946582e+12,7.012290e-06,7.461060e-01,-4.699795e+01,2.138823e+06,1.084638e-27,4.857768e-13,3.950166e-01,1.164153e-01,2.181958e+04,3.271704e+04,3.290552e+04,-1.563297e+02,3.825669e+01,-3.237849e+01
C II 1335,3.209339e-06,-1.294866e-04,-1.262777e-04,1334.363478,-0.168522,1.928046e-01,1.003997e+12,6.847510e-06,7.461060e-01,-3.886582e+01,2.039485e+06,1.122412e-27,4.798091e-13,1.699008e-01,1.164153e-01,2.181958e+04,3.271753e+04,3.290552e+04,-1.621671e+02,3.127998e+01,-2.703916e+01
C II 1335,3.152666e-06,-1.279842e-04,-1.248320e-04,1334.365408,-0.166592,4.409737e-01,2.168727e+12,6.892316e-06,7.461060e-01,-3.841161e+01,2.066263e+06,1.100658e-27,4.768304e-13,5.649174e-01,1.164153e-01,2.181958e+04,3.271753e+04,3.290503e+04,-1.556563e+02,2.140645e+01,-3.224745e+01
C II 1335,2.964227e-06,-1.255075e-04,-1.225436e-04,1334.368462,-0.163538,8.599911e-02,4.487666e+11,6.901340e-06,7.461060e-01,-3.766362e+01,2.071677e+06,1.063594e-27,4.620618e-13,2.361048e-01,1.164153e-01,2.181958e+04,3.271753e+04,3.290454e+04,-1.447928e+02,1.369143e+01,-3.585264e+01
C II 1335,2.885470e-06,-1.034221e-04,-1.005369e-04,1334.397830,-0.134170,3.847770e-01,1.892214e+12,6.718431e-06,7.461060e-01,-3.104773e+01,1.963319e+06,1.234078e-27,5.082679e-13,3.288126e-01,1.164153e-01,2.181958e+04,3.271802e+04,3.290454e+04,-1.563936e+02,7.726641e+00,-3.168845e+01
C II 1335,2.775788e-06,-1.015193e-04,-9.874384e-05,1334.400223,-0.131777,5.525730e-01,2.717446e+12,6.816262e-06,7.461060e-01,-3.047127e+01,2.020913e+06,1.175017e-27,4.978804e-13,5.649174e-01,1.164153e-01,2.181958e+04,3.271802e+04,3.290405e+04,-1.441587e+02,3.711982e+00,-3.333678e+01
C II 1335,2.587350e-06,-1.065936e-04,-1.040065e-04,1334.393200,-0.138800,1.479710e-03,1.533628e+11,6.881829e-06,7.461060e-01,-3.198627e+01,2.059980e+06,1.109214e-27,4.787829e-13,7.719294e-02,1.164153e-01,2.181958e+04,3.271802e+04,3.290356e+04,-1.301001e+02,3.621242e+00,-3.511868e+01
C II 1335,2.561600e-06,-8.244853e-05,-7.988714e-05,1334.425388,-0.106612,1.849446e+00,9.094367e+12,6.438712e-06,7.461060e-01,-2.475155e+01,1.803238e+06,1.386828e-27,5.239832e-13,4.877245e-01,1.164153e-01,2.181958e+04,3.271851e+04,3.290356e+04,-1.400048e+02,-3.423723e-01,-2.907131e+01
C II 1335,2.398911e-06,-9.347813e-05,-9.107944e-05,1334.410452,-0.121548,1.529090e+00,7.519162e+12,6.450018e-06,7.461060e-01,-2.805307e+01,1.809577e+06,1.257981e-27,4.766624e-13,4.831985e-01,1.164153e-01,2.181958e+04,3.271851e+04,3.290308e+04,-1.280960e+02,1.884822e+00,-3.157510e+01
C II 1335,2.237731e-06,-6.203652e-05,-5.979893e-05,1334.452196,-0.079804,1.157037e+00,5.689214e+12,5.877632e-06,7.461060e-01,-1.863381e+01,1.502657e+06,1.889545e-27,5.943810e-13,8.171890e-02,1.164153e-01,2.181958e+04,3.271899e+04,3.290308e+04,-1.442801e+02,-4.208772e+00,-2.425020e+01
C II 1335,2.210472e-06,-7.763296e-05,-7.542266e-05,1334.431346,-0.100654,1.416144e+01,6.963349e+13,5.752209e-06,7.461060e-01,-2.331048e+01,1.439211e+06,2.495962e-27,7.517961e-13,5.649174e-01,1.164153e-01,2.181958e+04,3.271899e+04,3.290259e+04,-1.460139e+02,1.787163e+00,-2.617515e+01
C II 1335,2.022034e-06,-9.715180e-05,-9.512996e-05,1334.405046,-0.126954,1.169061e+01,5.748583e+13,6.057985e-06,7.461060e-01,-2.918147e+01,1.596289e+06,4.223579e-27,1.412129e-12,3.242867e-01,1.164153e-01,2.181958e+04,3.271899e+04,3.290210e+04,-1.806376e+02,4.619947e+00,-3.137770e+01
C II 1335,1.913862e-06,-5.882218e-05,-5.690844e-05,1334.456054,-0.075946,1.575594e+01,7.747208e+13,5.421968e-06,7.461060e-01,-1.772208e+01,1.278701e+06,6.813644e-27,1.824755e-12,2.406307e-01,1.164153e-01,2.181958e+04,3.271948e+04,3.290210e+04,-2.283424e+02,1.327019e+00,-2.011603e+01
C II 1335,1.833595e-06,-7.649261e-05,-7.465916e-05,1334.432365,-0.099635,4.072055e+01,2.002278e+14,5.796337e-06,7.461060e-01,-2.306294e+01,1.461377e+06,1.022845e-26,3.133971e-12,5.649174e-01,1.164153e-01,2.181958e+04,3.271948e+04,3.290161e+04,-2.793165e+02,1.189985e+01,-2.022934e+01
C II 1335,1.645156e-06,-8.754796e-05,-8.590295e-05,1334.417360,-0.114640,1.422989e+01,6.997177e+13,6.128034e-06,7.461060e-01,-2.641499e+01,1.633418e+06,1.381668e-26,4.735919e-12,1.653748e-01,1.164153e-01,2.181958e+04,3.271948e+04,3.290112e+04,-3.168218e+02,2.230300e+01,-1.811774e+01
C II 1335,1.589992e-06,-4.456893e-05,-4.297901e-05,1334.474643,-0.057357,4.489301e+01,2.207373e+14,5.801834e-06,7.461060e-01,-1.356990e+01,1.464150e+06,1.673404e-26,5.143888e-12,3.995426e-01,1.164153e-01,2.181958e+04,3.271997e+04,3.290112e+04,-3.529220e+02,2.080251e+01,-4.190440e+00
C II 1335,1.456718e-06,-5.789884e-05,-5.644220e-05,1334.456676,-0.075324,9.960577e+01,4.897696e+14,6.082987e-06,7.461060e-01,-1.761688e+01,1.609492e+06,2.205672e-26,7.455388e-12,5.649174e-01,1.164153e-01,2.181958e+04,3.271997e+04,3.290063e+04,-3.925469e+02,3.678037e+01,3.571616e-01
C II 1335,1.268279e-06,-5.281540e-05,-5.154719e-05,1334.463209,-0.068791,1.166593e+00,5.736209e+12,6.099131e-06,7.461060e-01,-1.602553e+01,1.618047e+06,1.760984e-26,5.986699e-12,6.463006e-03,1.164153e-01,2.181958e+04,3.271997e+04,3.290015e+04,-3.376460e+02,3.230467e+01,-3.133898e-01
C II 1335,1.266123e-06,-4.560161e-05,-4.433555e-05,1334.472833,-0.059167,9.761788e+01,4.799886e+14,6.059647e-06,7.461060e-01,-1.383287e+01,1.597165e+06,1.554767e-26,5.218162e-12,5.584544e-01,1.164153e-01,2.181958e+04,3.272046e+04,3.290015e+04,-3.099045e+02,3.165640e+01,1.892945e+00
C II 1335,1.079840e-06,-5.589041e-05,-5.481063e-05,1334.458853,-0.073147,4.676817e+01,2.299646e+14,6.223485e-06,7.461060e-01,-1.683497e+01,1.684699e+06,7.076302e-27,2.503513e-12,4.124686e-01,1.164153e-01,2.181958e+04,3.272046e+04,3.289966e+04,-2.166447e+02,2.605340e+01,-4.683297e+00
C II 1335,9.422537e-07,-3.292839e-05,-3.198617e-05,1334.489313,-0.042687,7.468889e+00,3.672439e+13,6.154622e-06,7.461060e-01,-9.923367e+00,1.647623e+06,3.876531e-27,1.341835e-12,1.524488e-01,1.164153e-01,2.181958e+04,3.272095e+04,3.289966e+04,-1.749149e+02,1.984374e+01,-2.296350e-01
C II 1335,8.914015e-07,-5.944944e-05,-5.855809e-05,1334.453852,-0.078148,1.364757e+01,6.710885e+13,6.488064e-06,7.461060e-01,-1.786150e+01,1.830987e+06,1.991698e-27,7.657521e-13,5.649174e-01,1.164153e-01,2.181958e+04,3.272095e+04,3.289917e+04,-1.509437e+02,2.346981e+01,-7.263519e+00
C II 1335,7.029629e-07,-8.397378e-05,-8.327088e-05,1334.420872,-0.111128,4.545560e+00,2.235327e+13,6.718257e-06,7.461060e-01,-2.521262e+01,1.963217e+06,1.827245e-27,7.527670e-13,2.535567e-01,1.164153e-01,2.181958e+04,3.272095e+04,3.289868e+04,-1.478994e+02,2.540602e+01,-1.463672e+01
C II 1335,6.183843e-07,-7.033299e-05,-6.971465e-05,1334.438964,-0.093036,7.240572e-01,3.560468e+12,6.558566e-06,7.461060e-01,-2.111728e+01,1.870996e+06,1.303316e-27,5.119420e-13,3.113607e-01,1.164153e-01,2.181958e+04,3.272144e+04,3.289868e+04,-1.358226e+02,2.500001e+01,-1.011451e+01
C II 1335,5.145242e-07,-9.032057e-05,-8.980609e-05,1334.412151,-0.119849,1.527139e+00,7.510021e+12,6.774664e-06,7.461060e-01,-2.710962e+01,1.996322e+06,1.288046e-27,5.396595e-13,5.649174e-01,1.164153e-01,2.181958e+04,3.272144e+04,3.289819e+04,-1.354161e+02,2.668368e+01,-1.606705e+01
C II 1335,3.260855e-07,-9.406439e-05,-9.373834e-05,1334.406903,-0.125097,1.513642e-01,7.884199e+11,6.855173e-06,7.461060e-01,-2.823116e+01,2.044052e+06,1.233149e-27,5.288906e-13,9.464491e-02,1.164153e-01,2.181958e+04,3.272144e+04,3.289771e+04,-1.334962e+02,2.583336e+01,-1.785613e+01
C II 1335,2.945150e-07,-8.378242e-05,-8.348793e-05,1334.420583,-0.111417,1.489482e-03,1.505687e+11,6.709906e-06,7.461060e-01,-2.514438e+01,1.958340e+06,1.068816e-27,4.392516e-13,4.702725e-01,1.164153e-01,2.181958e+04,3.272192e+04,3.289771e+04,-1.241742e+02,2.348861e+01,-1.563343e+01
C II 1335,1.376469e-07,-7.646151e-05,-7.632387e-05,1334.430143,-0.101857,1.524088e-04,1.540631e+10,6.709230e-06,7.461060e-01,-2.294876e+01,1.957945e+06,1.050875e-27,4.316253e-13,4.138231e-01,1.164153e-01,2.181958e+04,3.272192e+04,3.289722e+04,-1.225077e+02,2.227624e+01,-1.379580e+01
C IV 1548,1.447316e-05,1.223451e-04,1.368200e-04,1548.398823,0.211823,1.312171e-01,3.423547e+11,5.745222e-06,7.021862e-02,3.662759e+01,1.435717e+06,1.752640e-28,5.276006e-14,1.172321e+00,7.450581e+00,2.181934e+04,3.270020e+04,3.293457e+04,-1.633051e+02,2.326548e+01,5.563797e+01
C IV 1548,1.408211e-05,7.449329e-05,8.857644e-05,1548.324133,0.137133,3.557582e-02,1.196070e+11,5.036828e-06,7.021862e-02,2.223843e+01,1.103493e+06,3.790098e-28,8.791163e-14,5.548505e-01,7.450581e+00,2.181934e+04,3.270020e+04,3.293262e+04,-2.320687e+02,2.837534e+01,4.184772e+01
C IV 1548,1.389703e-05,1.610270e-04,1.749262e-04,1548.457819,0.270819,3.122064e-02,1.091719e+11,5.343368e-06,7.021862e-02,4.820853e+01,1.241896e+06,2.736523e-28,7.134881e-14,1.704819e+00,7.450581e+00,2.181934e+04,3.270215e+04,3.293262e+04,-1.884743e+02,1.287711e+01,6.294985e+01
C IV 1548,1.332835e-05,1.303212e-04,1.436513e-04,1548.409399,0.222399,3.679313e-02,1.248129e+11,5.104484e-06,7.021862e-02,3.891323e+01,1.133336e+06,5.956200e-28,1.416332e-13,2.178873e+00,7.450581e+00,2.181934e+04,3.270215e+04,3.293066e+04,-3.005898e+02,1.663698e+01,5.419445e+01
C IV 1548,1.260155e-05,1.730129e-04,1.856166e-04,1548.474369,0.287369,2.806208e-04,1.532966e+10,6.198118e-06,7.021862e-02,5.178126e+01,1.670994e+06,3.501671e-28,1.221094e-13,8.079686e-02,7.450581e+00,2.181934e+04,3.270410e+04,3.293066e+04,-2.183620e+02,9.142222e+00,6.485989e+01
C IV 1548,1.257460e-05,1.428511e-04,1.554275e-04,1548.427631,0.240631,2.771183e-01,6.873625e+11,5.940451e-06,7.021862e-02,4.271644e+01,1.534949e+06,4.145429e-28,1.328119e-13,2.259670e+00,7.450581e+00,2.181934e+04,3.270410e+04,3.292871e+04,-2.497770e+02,9.886405e+00,5.475242e+01
C IV 1548,1.182084e-05,1.350082e-04,1.468306e-04,1548.414321,0.227321,7.665907e-02,2.004993e+11,5.805180e-06,7.021862e-02,4.040013e+01,1.465840e+06,3.236698e-28,9.912450e-14,1.543225e+00,7.450581e+00,2.181934e+04,3.270410e+04,3.292676e+04,-2.045374e+02,8.567489e+00,5.138137e+01
C IV 1548,1.130607e-05,2.220905e-04,2.333991e-04,1548.548345,0.361345,7.179397e-01,1.785061e+12,7.503772e-06,7.021862e-02,6.652268e+01,2.449144e+06,2.470749e-28,1.261252e-13,7.164442e-01,7.450581e+00,2.181934e+04,3.270605e+04,3.292676e+04,-1.720631e+02,-6.003601e+00,7.318059e+01
C IV 1548,1.106709e-05,1.692071e-04,1.802761e-04,1548.466101,0.279101,3.758075e-01,9.371595e+11,8.136032e-06,7.021862e-02,5.067453e+01,2.879257e+06,2.719081e-28,1.632393e-13,2.259670e+00,7.450581e+00,2.181934e+04,3.270605e+04,3.292480e+04,-1.648915e+02,1.064059e+01,6.454132e+01
C IV 1548,1.031334e-05,6.972794e-05,8.004199e-05,1548.310920,0.123920,1.736391e-01,4.346266e+11,8.659630e-06,7.021862e-02,2.077384e+01,3.261774e+06,6.484799e-28,4.410095e-13,9.075781e-01,7.450581e+00,2.181934e+04,3.270605e+04,3.292285e+04,-2.648325e+02,6.426079e+01,6.097750e+01
C IV 1548,1.001060e-05,1.787823e-04,1.887947e-04,1548.479290,0.292290,4.054772e-01,1.015044e+12,8.685600e-06,7.021862e-02,5.353864e+01,3.281367e+06,3.278106e-28,2.242600e-13,1.352092e+00,7.450581e+00,2.181934e+04,3.270801e+04,3.292285e+04,-1.757978e+02,7.754867e+00,6.615757e+01
C IV 1548,9.559580e-06,1.799021e-04,1.894634e-04,1548.480325,0.293325,2.936639e-01,7.324431e+11,8.165655e-06,7.021862e-02,5.386617e+01,2.900261e+06,4.739700e-28,2.867611e-13,2.259670e+00,7.450581e+00,2.181934e+04,3.270801e+04,3.292090e+04,-1.892352e+02,7.244079e+00,6.621667e+01
C IV 1548,8.805826e-06,1.360774e-04,1.448844e-04,1548.411308,0.224308,9.469610e-02,2.696720e+11,7.439119e-06,7.021862e-02,4.072817e+01,2.407122e+06,5.983350e-28,3.008011e-13,2.719308e-01,7.450581e+00,2.181934e+04,3.270801e+04,3.291895e+04,-1.880988e+02,2.721039e+01,6.263569e+01
C IV 1548,8.715118e-06,2.309684e-04,2.396855e-04,1548.558078,0.371078,4.156043e-01,1.031809e+12,6.942305e-06,7.021862e-02,6.915837e+01,2.096343e+06,8.844701e-28,3.877802e-13,1.987739e+00,7.450581e+00,2.181934e+04,3.270996e+04,3.291895e+04,-2.071895e+02,1.115579e+01,8.615474e+01
C IV 1548,8.052071e-06,2.075810e-04,2.156347e-04,1548.520843,0.333843,1.251041e-01,3.427198e+11,6.755913e-06,7.021862e-02,6.217719e+01,1.985286e+06,6.703603e-28,2.787354e-13,1.129835e+00,9.313226e-01,2.181982e+04,3.271045e+04,3.291748e+04,-1.649089e+02,6.776973e-01,7.205253e+01
C IV 1548,7.675194e-06,1.766103e-04,1.842868e-04,1548.472310,0.285310,7.270481e-02,1.992808e+11,6.766460e-06,7.021862e-02,5.290842e+01,1.991490e+06,4.987736e-28,2.081358e-13,7.661182e-01,9.313226e-01,2.181982e+04,3.271045e+04,3.291650e+04,-1.397090e+02,-7.315555e+00,5.672070e+01
C IV 1548,7.419641e-06,2.099510e-04,2.173722e-04,1548.523533,0.336533,3.745076e-04,2.344564e+10,7.103725e-06,7.021862e-02,6.290579e+01,2.194964e+06,4.314870e-28,1.983941e-13,3.637166e-01,9.313226e-01,2.181982e+04,3.271143e+04,3.291650e+04,-1.321961e+02,-2.133165e+01,6.014476e+01
C IV 1548,7.298316e-06,1.778010e-04,1.851006e-04,1548.473570,0.286570,6.094197e-04,3.809063e+10,7.092290e-06,7.021862e-02,5.327330e+01,2.187903e+06,3.623915e-28,1.661508e-13,1.129835e+00,9.313226e-01,2.181982e+04,3.271143e+04,3.291553e+04,-1.232076e+02,-2.080643e+01,4.932117e+01
C IV 1548,6.921439e-06,1.416090e-04,1.485314e-04,1548.416954,0.229954,3.298824e-04,2.028390e+10,6.976890e-06,7.021862e-02,4.242513e+01,2.117283e+06,3.601851e-28,1.599252e-13,4.482946e-01,9.313226e-01,2.181982e+04,3.271143e+04,3.291455e+04,-1.226577e+02,-1.439070e+01,4.050420e+01
C IV 1548,6.771902e-06,1.637617e-04,1.705347e-04,1548.451020,0.264020,9.808214e-02,2.778793e+11,7.351586e-06,7.021862e-02,4.906453e+01,2.350808e+06,3.711838e-28,1.827499e-13,6.815403e-01,9.313226e-01,2.181982e+04,3.271240e+04,3.291455e+04,-1.247389e+02,-1.987058e+01,4.499377e+01
C IV 1548,6.544562e-06,1.214557e-04,1.280010e-04,1548.385170,0.198170,3.164647e-01,7.860359e+11,7.108405e-06,7.021862e-02,3.638026e+01,2.197857e+06,4.267546e-28,1.966334e-13,1.129835e+00,9.313226e-01,2.181982e+04,3.271240e+04,3.291357e+04,-1.315377e+02,-8.988417e+00,3.663886e+01
C IV 1548,6.167684e-06,8.358458e-05,8.975278e-05,1548.325954,0.138954,1.594057e-03,9.745871e+10,6.937465e-06,7.021862e-02,2.502736e+01,2.093422e+06,4.682409e-28,2.056355e-13,1.304709e-01,9.313226e-01,2.181982e+04,3.271240e+04,3.291260e+04,-1.319415e+02,3.919020e+00,3.101344e+01
C IV 1548,6.124163e-06,9.339310e-05,9.951783e-05,1548.341072,0.154072,8.951251e-01,2.222959e+12,7.021337e-06,7.021862e-02,2.795636e+01,2.144345e+06,5.819384e-28,2.613893e-13,9.993639e-01,9.313226e-01,2.181982e+04,3.271338e+04,3.291260e+04,-1.560002e+02,-2.177191e+00,3.081465e+01
C IV 1548,5.790807e-06,6.425556e-05,7.004674e-05,1548.295445,0.108445,5.838980e-01,1.449758e+12,6.901270e-06,7.021862e-02,1.922912e+01,2.071635e+06,5.710453e-28,2.478810e-13,9.424821e-01,9.313226e-01,2.181982e+04,3.271338e+04,3.291162e+04,-1.397210e+02,1.206430e+01,2.903128e+01
C IV 1548,5.476425e-06,8.128869e-05,8.676556e-05,1548.321329,0.134329,2.017899e-01,5.009893e+11,6.871112e-06,7.021862e-02,2.432260e+01,2.053568e+06,6.632936e-28,2.850544e-13,1.873528e-01,9.313226e-01,2.181982e+04,3.271436e+04,3.291162e+04,-1.651018e+02,5.604443e+00,3.112287e+01
C IV 1548,5.413930e-06,5.782353e-05,6.323777e-05,1548.284904,0.097904,5.526229e-01,1.372202e+12,6.936273e-06,7.021862e-02,1.730348e+01,2.092702e+06,5.891048e-28,2.579429e-13,1.129835e+00,9.313226e-01,2.181982e+04,3.271436e+04,3.291064e+04,-1.323721e+02,2.027843e+01,3.159505e+01
C IV 1548,5.037052e-06,2.292527e-05,2.796244e-05,1548.230291,0.043291,7.202032e-02,2.034787e+11,7.302231e-06,7.021862e-02,6.850263e+00,2.319350e+06,5.663923e-28,2.745333e-13,6.246584e-01,9.313226e-01,2.181982e+04,3.271436e+04,3.290967e+04,-1.076491e+02,3.424804e+01,2.767085e+01
C IV 1548,4.828686e-06,5.623786e-05,6.106682e-05,1548.281543,0.094543,6.626667e-02,1.868076e+11,7.265196e-06,7.021862e-02,1.683187e+01,2.295883e+06,5.623067e-28,2.697821e-13,5.051765e-01,9.313226e-01,2.181982e+04,3.271533e+04,3.290967e+04,-1.205511e+02,2.898127e+01,3.613295e+01
C IV 1548,4.660175e-06,1.989212e-06,6.649396e-06,1548.197295,0.010295,8.360538e-02,2.396959e+11,7.551768e-06,7.021862e-02,5.740198e-01,2.480575e+06,5.968240e-28,3.090513e-13,1.129835e+00,9.313226e-01,2.181982e+04,3.271533e+04,3.290869e+04,-1.055840e+02,4.070654e+01,2.417080e+01
C IV 1548,4.283298e-06,-7.392471e-05,-6.964173e-05,1548.079182,-0.107818,1.603968e-02,1.376810e+11,7.619248e-06,7.021862e-02,-2.218401e+01,2.525104e+06,6.947403e-28,3.659954e-13,3.068347e-01,9.313226e-01,2.181982e+04,3.271533e+04,3.290771e+04,-1.018524e+02,5.255225e+01,4.739415e+00
C IV 1548,4.180947e-06,-7.713775e-05,-7.295713e-05,1548.074049,-0.112951,2.874991e-01,7.142760e+11,7.134742e-06,7.021862e-02,-2.315802e+01,2.214173e+06,7.937637e-28,3.668504e-13,8.230001e-01,9.313226e-01,2.181982e+04,3.271631e+04,3.290771e+04,-1.261644e+02,6.024034e+01,8.044794e+00
C IV 1548,3.906420e-06,-1.605184e-04,-1.566126e-04,1547.944534,-0.242466,4.978668e-01,1.236959e+12,7.112048e-06,7.021862e-02,-4.816357e+01,2.200110e+06,9.919244e-28,4.556982e-13,1.118846e+00,9.313226e-01,2.181982e+04,3.271631e+04,3.290674e+04,-1.414977e+02,6.702083e+01,-1.696609e+01
C IV 1548,3.533209e-06,-1.164840e-04,-1.129512e-04,1548.012130,-0.174870,2.410966e-04,1.398700e+10,6.581942e-06,7.021862e-02,-3.496795e+01,1.884357e+06,1.056659e-27,4.165684e-13,1.098897e-02,9.313226e-01,2.181982e+04,3.271729e+04,3.290674e+04,-1.565875e+02,5.982836e+01,-5.909653e+00
C IV 1548,3.529543e-06,-1.535226e-04,-1.499936e-04,1547.954782,-0.232218,1.974077e-01,4.902459e+11,6.897512e-06,7.021862e-02,-4.607099e+01,2.069379e+06,1.073929e-27,4.650709e-13,5.649174e-01,1.164153e-01,2.181958e+04,3.271704e+04,3.290601e+04,-1.573660e+02,4.644718e+01,-2.654229e+01
C IV 1548,3.341104e-06,-1.566184e-04,-1.532778e-04,1547.949697,-0.237303,8.713502e-02,2.421606e+11,7.012290e-06,7.021862e-02,-4.699795e+01,2.138823e+06,1.084638e-27,4.857768e-13,3.950166e-01,1.164153e-01,2.181958e+04,3.271704e+04,3.290552e+04,-1.563297e+02,3.825669e+01,-3.237849e+01
C IV 1548,3.209339e-06,-1.294866e-04,-1.262777e-04,1547.991498,-0.195502,1.524961e-03,9.204011e+10,6.847510e-06,7.021862e-02,-3.886582e+01,2.039485e+06,1.122412e-27,4.798091e-13,1.699008e-01,1.164153e-01,2.181958e+04,3.271753e+04,3.290552e+04,-1.621671e+02,3.127998e+01,-2.703916e+01
C IV 1548,3.152666e-06,-1.279842e-04,-1.248320e-04,1547.993737,-0.193263,6.220969e-02,1.717184e+11,6.892316e-06,7.021862e-02,-3.841161e+01,2.066263e+06,1.100658e-27,4.768304e-13,5.649174e-01,1.164153e-01,2.181958e+04,3.271753e+04,3.290503e+04,-1.556563e+02,2.140645e+01,-3.224745e+01
C IV 1548,2.964227e-06,-1.255075e-04,-1.225436e-04,1547.997280,-0.189720,5.346764e-04,3.252120e+10,6.901340e-06,7.021862e-02,-3.766362e+01,2.071677e+06,1.063594e-27,4.620618e-13,2.361048e-01,1.164153e-01,2.181958e+04,3.271753e+04,3.290454e+04,-1.447928e+02,1.369143e+01,-3.585264e+01
C IV 1548,2.885470e-06,-1.034221e-04,-1.005369e-04,1548.031350,-0.155650,5.685405e-04,3.366901e+10,6.718431e-06,7.021862e-02,-3.104773e+01,1.963319e+06,1.234078e-27,5.082679e-13,3.288126e-01,1.164153e-01,2.181958e+04,3.271802e+04,3.290454e+04,-1.563936e+02,7.726641e+00,-3.168845e+01
C IV 1548,2.775788e-06,-1.015193e-04,-9.874384e-05,1548.034126,-0.152874,3.194841e-04,1.919184e+10,6.816262e-06,7.021862e-02,-3.047127e+01,2.020913e+06,1.175017e-27,4.978804e-13,5.649174e-01,1.164153e-01,2.181958e+04,3.271802e+04,3.290405e+04,-1.441587e+02,3.711982e+00,-3.333678e+01
C IV 1548,2.587350e-06,-1.065936e-04,-1.040065e-04,1548.025978,-0.161022,6.950695e-06,4.215520e+08,6.881829e-06,7.021862e-02,-3.198627e+01,2.059980e+06,1.109214e-27,4.787829e-13,7.719294e-02,1.164153e-01,2.181958e+04,3.271802e+04,3.290356e+04,-1.301001e+02,3.621242e+00,-3.511868e+01
C IV 1548,2.561600e-06,-8.244853e-05,-7.988714e-05,1548.063320,-0.123680,1.572165e-04,8.921780e+09,6.438712e-06,7.021862e-02,-2.475155e+01,1.803238e+06,1.386828e-27,5.239832e-13,4.877245e-01,1.164153e-01,2.181958e+04,3.271851e+04,3.290356e+04,-1.400048e+02,-3.423723e-01,-2.907131e+01
C IV 1548,2.398911e-06,-9.347813e-05,-9.107944e-05,1548.045992,-0.141008,1.180199e-04,6.709003e+09,6.450018e-06,7.021862e-02,-2.805307e+01,1.809577e+06,1.257981e-27,4.766624e-13,4.831985e-01,1.164153e-01,2.181958e+04,3.271851e+04,3.290308e+04,-1.280960e+02,1.884822e+00,-3.157510e+01
C IV 1548,2.237731e-06,-6.203652e-05,-5.979893e-05,1548.094420,-0.092580,6.761638e-05,3.502907e+09,5.877632e-06,7.021862e-02,-1.863381e+01,1.502657e+06,1.889545e-27,5.943810e-13,8.171890e-02,1.164153e-01,2.181958e+04,3.271899e+04,3.290308e+04,-1.442801e+02,-4.208772e+00,-2.425020e+01
C IV 1548,2.210472e-06,-7.763296e-05,-7.542266e-05,1548.070232,-0.116768,6.189464e-04,3.139456e+10,5.752209e-06,7.021862e-02,-2.331048e+01,1.439211e+06,2.495962e-27,7.517961e-13,5.649174e-01,1.164153e-01,2.181958e+04,3.271899e+04,3.290259e+04,-1.460139e+02,1.787163e+00,-2.617515e+01
C IV 1548,2.022034e-06,-9.715180e-05,-9.512996e-05,1548.039721,-0.147279,3.665546e-04,1.957898e+10,6.057985e-06,7.021862e-02,-2.918147e+01,1.596289e+06,4.223579e-27,1.412129e-12,3.242867e-01,1.164153e-01,2.181958e+04,3.271899e+04,3.290210e+04,-1.806376e+02,4.619947e+00,-3.137770e+01
C IV 1548,1.913862e-06,-5.882218e-05,-5.690844e-05,1548.098895,-0.088105,5.248821e-04,2.509383e+10,5.421968e-06,7.021862e-02,-1.772208e+01,1.278701e+06,6.813644e-27,1.824755e-12,2.406307e-01,1.164153e-01,2.181958e+04,3.271948e+04,3.290210e+04,-2.283424e+02,1.327019e+00,-2.011603e+01
C IV 1548,1.833595e-06,-7.649261e-05,-7.465916e-05,1548.071414,-0.115586,9.211176e-04,4.707060e+10,5.796337e-06,7.021862e-02,-2.306294e+01,1.461377e+06,1.022845e-26,3.133971e-12,5.649174e-01,1.164153e-01,2.181958e+04,3.271948e+04,3.290161e+04,-2.793165e+02,1.189985e+01,-2.022934e+01
C IV 1548,1.645156e-06,-8.754796e-05,-8.590295e-05,1548.054006,-0.132994,1.958602e-04,1.057862e+10,6.128034e-06,7.021862e-02,-2.641499e+01,1.633418e+06,1.381668e-26,4.735919e-12,1.653748e-01,1.164153e-01,2.181958e+04,3.271948e+04,3.290112e+04,-3.168218e+02,2.230300e+01,-1.811774e+01
C IV 1548,1.589992e-06,-4.456893e-05,-4.297901e-05,1548.120460,-0.066540,5.718510e-04,2.925437e+10,5.801834e-06,7.021862e-02,-1.356990e+01,1.464150e+06,1.673404e-26,5.143888e-12,3.995426e-01,1.164153e-01,2.181958e+04,3.271997e+04,3.290112e+04,-3.529220e+02,2.080251e+01,-4.190440e+00
C IV 1548,1.456718e-06,-5.789884e-05,-5.644220e-05,1548.099617,-0.087383,1.251201e-03,6.710533e+10,6.082987e-06,7.021862e-02,-1.761688e+01,1.609492e+06,2.205672e-26,7.455388e-12,5.649174e-01,1.164153e-01,2.181958e+04,3.271997e+04,3.290063e+04,-3.925469e+02,3.678037e+01,3.571616e-01
C IV 1548,1.268279e-06,-5.281540e-05,-5.154719e-05,1548.107195,-0.079805,2.263099e-05,1.216642e+09,6.099131e-06,7.021862e-02,-1.602553e+01,1.618047e+06,1.760984e-26,5.986699e-12,6.463006e-03,1.164153e-01,2.181958e+04,3.271997e+04,3.290015e+04,-3.376460e+02,3.230467e+01,-3.133898e-01
C IV 1548,1.266123e-06,-4.560161e-05,-4.433555e-05,1548.118360,-0.068640,1.812672e-03,9.682968e+10,6.059647e-06,7.021862e-02,-1.383287e+01,1.597165e+06,1.554767e-26,5.218162e-12,5.584544e-01,1.164153e-01,2.181958e+04,3.272046e+04,3.290015e+04,-3.099045e+02,3.165640e+01,1.892945e+00
C IV 1548,1.079840e-06,-5.589041e-05,-5.481063e-05,1548.102143,-0.084857,1.408494e-03,7.726699e+10,6.223485e-06,7.021862e-02,-1.683497e+01,1.684699e+06,7.076302e-27,2.503513e-12,4.124686e-01,1.164153e-01,2.181958e+04,3.272046e+04,3.289966e+04,-2.166447e+02,2.605340e+01,-4.683297e+00
C IV 1548,9.422537e-07,-3.292839e-05,-3.198617e-05,1548.137479,-0.049521,3.065455e-04,1.663003e+10,6.154622e-06,7.021862e-02,-9.923367e+00,1.647623e+06,3.876531e-27,1.341835e-12,1.524488e-01,1.164153e-01,2.181958e+04,3.272095e+04,3.289966e+04,-1.749149e+02,1.984374e+01,-2.296350e-01
C IV 1548,8.914015e-07,-5.944944e-05,-5.855809e-05,1548.096341,-0.090659,8.535966e-04,4.881042e+10,6.488064e-06,7.021862e-02,-1.786150e+01,1.830987e+06,1.991698e-27,7.657521e-13,5.649174e-01,1.164153e-01,2.181958e+04,3.272095e+04,3.289917e+04,-1.509437e+02,2.346981e+01,-7.263519e+00
C IV 1548,7.029629e-07,-8.397378e-05,-8.327088e-05,1548.058081,-0.128919,3.278082e-04,1.941130e+10,6.718257e-06,7.021862e-02,-2.521262e+01,1.963217e+06,1.827245e-27,7.527670e-13,2.535567e-01,1.164153e-01,2.181958e+04,3.272095e+04,3.289868e+04,-1.478994e+02,2.540602e+01,-1.463672e+01
C IV 1548,6.183843e-07,-7.033299e-05,-6.971465e-05,1548.079069,-0.107931,2.373418e-04,1.372198e+10,6.558566e-06,7.021862e-02,-2.111728e+01,1.870996e+06,1.303316e-27,5.119420e-13,3.113607e-01,1.164153e-01,2.181958e+04,3.272144e+04,3.289868e+04,-1.358226e+02,2.500001e+01,-1.011451e+01
C IV 1548,5.145242e-07,-9.032057e-05,-8.980609e-05,1548.047963,-0.139037,2.624796e-04,1.567305e+10,6.774664e-06,7.021862e-02,-2.710962e+01,1.996322e+06,1.288046e-27,5.396595e-13,5.649174e-01,1.164153e-01,2.181958e+04,3.272144e+04,3.289819e+04,-1.354161e+02,2.668368e+01,-1.606705e+01
C IV 1548,3.260855e-07,-9.406439e-05,-9.373834e-05,1548.041876,-0.145124,2.147218e-05,1.297375e+09,6.855173e-06,7.021862e-02,-2.823116e+01,2.044052e+06,1.233149e-27,5.288906e-13,9.464491e-02,1.164153e-01,2.181958e+04,3.272144e+04,3.289771e+04,-1.334962e+02,2.583336e+01,-1.785613e+01
C IV 1548,2.945150e-07,-8.378242e-05,-8.348793e-05,1548.057745,-0.129255,9.446047e-05,5.586419e+09,6.709906e-06,7.021862e-02,-2.514438e+01,1.958340e+06,1.068816e-27,4.392516e-13,4.702725e-01,1.164153e-01,2.181958e+04,3.272192e+04,3.289771e+04,-1.241742e+02,2.348861e+01,-1.563343e+01
C IV 1548,1.376469e-07,-7.646151e-05,-7.632387e-05,1548.068836,-0.118164,3.684250e-05,2.178873e+09,6.709230e-06,7.021862e-02,-2.294876e+01,1.957945e+06,1.050875e-27,4.316253e-13,4.138231e-01,1.164153e-01,2.181958e+04,3.272192e+04,3.289722e+04,-1.225077e+02,2.227624e+01,-1.379580e+01
Ly a,1.447316e-05,1.223451e-04,1.368200e-04,1215.836328,0.166328,1.931796e+02,3.548928e+14,1.983232e-05,4.738486e+00,3.662759e+01,1.435717e+06,1.752640e-28,5.276006e-14,1.172321e+00,7.450581e+00,2.181934e+04,3.270020e+04,3.293457e+04,-1.633051e+02,2.326548e+01,5.563797e+01
Ly a,1.408211e-05,7.449329e-05,8.857644e-05,1215.777680,0.107680,8.794238e+02,1.615679e+15,1.738697e-05,4.738486e+00,2.223843e+01,1.103493e+06,3.790098e-28,8.791163e-14,5.548505e-01,7.450581e+00,2.181934e+04,3.270020e+04,3.293262e+04,-2.320687e+02,2.837534e+01,4.184772e+01
Ly a,1.389703e-05,1.610270e-04,1.749262e-04,1215.882653,0.212653,1.239706e+03,2.277394e+15,1.844514e-05,4.738486e+00,4.820853e+01,1.241896e+06,2.736523e-28,7.134881e-14,1.704819e+00,7.450581e+00,2.181934e+04,3.270215e+04,3.293262e+04,-1.884743e+02,1.287711e+01,6.294985e+01
Ly a,1.332835e-05,1.303212e-04,1.436513e-04,1215.844633,0.174633,6.291563e+03,1.155823e+16,1.762052e-05,4.738486e+00,3.891323e+01,1.133336e+06,5.956200e-28,1.416332e-13,2.178873e+00,7.450581e+00,2.181934e+04,3.270215e+04,3.293066e+04,-3.005898e+02,1.663698e+01,5.419445e+01
Ly a,1.260155e-05,1.730129e-04,1.856166e-04,1215.895649,0.225649,8.050200e+01,1.478841e+14,2.139571e-05,4.738486e+00,5.178126e+01,1.670994e+06,3.501671e-28,1.221094e-13,8.079686e-02,7.450581e+00,2.181934e+04,3.270410e+04,3.293066e+04,-2.183620e+02,9.142222e+00,6.485989e+01
Ly a,1.257460e-05,1.428511e-04,1.554275e-04,1215.858948,0.188948,2.564825e+03,4.711786e+15,2.050625e-05,4.738486e+00,4.271644e+01,1.534949e+06,4.145429e-28,1.328119e-13,2.259670e+00,7.450581e+00,2.181934e+04,3.270410e+04,3.292871e+04,-2.497770e+02,9.886405e+00,5.475242e+01
Ly a,1.182084e-05,1.350082e-04,1.468306e-04,1215.848498,0.178498,1.028323e+03,1.889127e+15,2.003930e-05,4.738486e+00,4.040013e+01,1.465840e+06,3.236698e-28,9.912450e-14,1.543225e+00,7.450581e+00,2.181934e+04,3.270410e+04,3.292676e+04,-2.045374e+02,8.567489e+00,5.138137e+01
Ly a,1.130607e-05,2.220905e-04,2.333991e-04,1215.953736,0.283736,3.058946e+02,5.619136e+14,2.590278e-05,4.738486e+00,6.652268e+01,2.449144e+06,2.470749e-28,1.261252e-13,7.164442e-01,7.450581e+00,2.181934e+04,3.270605e+04,3.292676e+04,-1.720631e+02,-6.003601e+00,7.318059e+01
Ly a,1.106709e-05,1.692071e-04,1.802761e-04,1215.889156,0.219156,2.164458e+03,3.976171e+15,2.808533e-05,4.738486e+00,5.067453e+01,2.879257e+06,2.719081e-28,1.632393e-13,2.259670e+00,7.450581e+00,2.181934e+04,3.270605e+04,3.292480e+04,-1.648915e+02,1.064059e+01,6.454132e+01
Ly a,1.031334e-05,6.972794e-05,8.004199e-05,1215.767305,0.097305,3.497221e+03,6.425135e+15,2.989277e-05,4.738486e+00,2.077384e+01,3.261774e+06,6.484799e-28,4.410095e-13,9.075781e-01,7.450581e+00,2.181934e+04,3.270605e+04,3.292285e+04,-2.648325e+02,6.426079e+01,6.097750e+01
Ly a,1.001060e-05,1.787823e-04,1.887947e-04,1215.899512,0.229512,1.282488e+03,2.355946e+15,2.998242e-05,4.738486e+00,5.353864e+01,3.281367e+06,3.278106e-28,2.242600e-13,1.352092e+00,7.450581e+00,2.181934e+04,3.270801e+04,3.292285e+04,-1.757978e+02,7.754867e+00,6.615757e+01
Ly a,9.559580e-06,1.799021e-04,1.894634e-04,1215.900325,0.230325,2.721195e+03,4.998866e+15,2.818758e-05,4.738486e+00,5.386617e+01,2.900261e+06,4.739700e-28,2.867611e-13,2.259670e+00,7.450581e+00,2.181934e+04,3.270801e+04,3.292090e+04,-1.892352e+02,7.244079e+00,6.621667e+01
Ly a,8.805826e-06,1.360774e-04,1.448844e-04,1215.846132,0.176132,3.999579e+02,7.347674e+14,2.567961e-05,4.738486e+00,4.072817e+01,2.407122e+06,5.983350e-28,3.008011e-13,2.719308e-01,7.450581e+00,2.181934e+04,3.270801e+04,3.291895e+04,-1.880988e+02,2.721039e+01,6.263569e+01
Ly a,8.715118e-06,2.309684e-04,2.396855e-04,1215.961378,0.291378,3.680211e+03,6.760278e+15,2.396462e-05,4.738486e+00,6.915837e+01,2.096343e+06,8.844701e-28,3.877802e-13,1.987739e+00,7.450581e+00,2.181934e+04,3.270996e+04,3.291895e+04,-2.071895e+02,1.115579e+01,8.615474e+01
Ly a,8.052071e-06,2.075810e-04,2.156347e-04,1215.932141,0.262141,1.070321e+03,1.966147e+15,2.332120e-05,4.738486e+00,6.217719e+01,1.985286e+06,6.703603e-28,2.787354e-13,1.129835e+00,9.313226e-01,2.181982e+04,3.271045e+04,3.291748e+04,-1.649089e+02,6.776973e-01,7.205253e+01
Ly a,7.675194e-06,1.766103e-04,1.842868e-04,1215.894032,0.224032,3.546781e+02,6.515533e+14,2.335761e-05,4.738486e+00,5.290842e+01,1.991490e+06,4.987736e-28,2.081358e-13,7.661182e-01,9.313226e-01,2.181982e+04,3.271045e+04,3.291650e+04,-1.397090e+02,-7.315555e+00,5.672070e+01
Ly a,7.419641e-06,2.099510e-04,2.173722e-04,1215.934253,0.264253,6.464369e+01,1.187485e+14,2.452183e-05,4.738486e+00,6.290579e+01,2.194964e+06,4.314870e-28,1.983941e-13,3.637166e-01,9.313226e-01,2.181982e+04,3.271143e+04,3.291650e+04,-1.321961e+02,-2.133165e+01,6.014476e+01
Ly a,7.298316e-06,1.778010e-04,1.851006e-04,1215.895021,0.225021,4.628003e+01,8.501775e+13,2.448236e-05,4.738486e+00,5.327330e+01,2.187903e+06,3.623915e-28,1.661508e-13,1.129835e+00,9.313226e-01,2.181982e+04,3.271143e+04,3.291553e+04,-1.232076e+02,-2.080643e+01,4.932117e+01
Ly a,6.921439e-06,1.416090e-04,1.485314e-04,1215.850565,0.180565,1.659802e+01,3.049214e+13,2.408400e-05,4.738486e+00,4.242513e+01,2.117283e+06,3.601851e-28,1.599252e-13,4.482946e-01,9.313226e-01,2.181982e+04,3.271143e+04,3.291455e+04,-1.226577e+02,-1.439070e+01,4.050420e+01
Ly a,6.771902e-06,1.637617e-04,1.705347e-04,1215.877314,0.207314,1.883128e+02,3.459422e+14,2.537744e-05,4.738486e+00,4.906453e+01,2.350808e+06,3.711838e-28,1.827499e-13,6.815403e-01,9.313226e-01,2.181982e+04,3.271240e+04,3.291455e+04,-1.247389e+02,-1.987058e+01,4.499377e+01
Ly a,6.544562e-06,1.214557e-04,1.280010e-04,1215.825607,0.155607,5.420671e+02,9.958499e+14,2.453799e-05,4.738486e+00,3.638026e+01,2.197857e+06,4.267546e-28,1.966334e-13,1.129835e+00,9.313226e-01,2.181982e+04,3.271240e+04,3.291357e+04,-1.315377e+02,-8.988417e+00,3.663886e+01
Ly a,6.167684e-06,8.358458e-05,8.975278e-05,1215.779110,0.109110,6.875334e+01,1.263138e+14,2.394791e-05,4.738486e+00,2.502736e+01,2.093422e+06,4.682409e-28,2.056355e-13,1.304709e-01,9.313226e-01,2.181982e+04,3.271240e+04,3.291260e+04,-1.319415e+02,3.919020e+00,3.101344e+01
Ly a,6.124163e-06,9.339310e-05,9.951783e-05,1215.790981,0.120981,1.558049e+03,2.862424e+15,2.423743e-05,4.738486e+00,2.795636e+01,2.144345e+06,5.819384e-28,2.613893e-13,9.993639e-01,9.313226e-01,2.181982e+04,3.271338e+04,3.291260e+04,-1.560002e+02,-2.177191e+00,3.081465e+01
Ly a,5.790807e-06,6.425556e-05,7.004674e-05,1215.755154,0.085154,1.065503e+03,1.957583e+15,2.382297e-05,4.738486e+00,1.922912e+01,2.071635e+06,5.710453e-28,2.478810e-13,9.424821e-01,9.313226e-01,2.181982e+04,3.271338e+04,3.291162e+04,-1.397210e+02,1.206430e+01,2.903128e+01
Ly a,5.476425e-06,8.128869e-05,8.676556e-05,1215.775478,0.105478,3.749814e+02,6.889184e+14,2.371886e-05,4.738486e+00,2.432260e+01,2.053568e+06,6.632936e-28,2.850544e-13,1.873528e-01,9.313226e-01,2.181982e+04,3.271436e+04,3.291162e+04,-1.651018e+02,5.604443e+00,3.112287e+01
Ly a,5.413930e-06,5.782353e-05,6.323777e-05,1215.746876,0.076876,1.163308e+03,2.137289e+15,2.394380e-05,4.738486e+00,1.730348e+01,2.092702e+06,5.891048e-28,2.579429e-13,1.129835e+00,9.313226e-01,2.181982e+04,3.271436e+04,3.291064e+04,-1.323721e+02,2.027843e+01,3.159505e+01
Ly a,5.037052e-06,2.292527e-05,2.796244e-05,1215.703993,0.033993,2.750633e+02,5.053799e+14,2.520707e-05,4.738486e+00,6.850263e+00,2.319350e+06,5.663923e-28,2.745333e-13,6.246584e-01,9.313226e-01,2.181982e+04,3.271436e+04,3.290967e+04,-1.076491e+02,3.424804e+01,2.767085e+01
Ly a,4.828686e-06,5.623786e-05,6.106682e-05,1215.744237,0.074237,3.236580e+02,5.946439e+14,2.507923e-05,4.738486e+00,1.683187e+01,2.295883e+06,5.623067e-28,2.697821e-13,5.051765e-01,9.313226e-01,2.181982e+04,3.271533e+04,3.290967e+04,-1.205511e+02,2.898127e+01,3.613295e+01
Ly a,4.660175e-06,1.989212e-06,6.649396e-06,1215.678083,0.008083,8.563244e+02,1.573385e+15,2.606846e-05,4.738486e+00,5.740198e-01,2.480575e+06,5.968240e-28,3.090513e-13,1.129835e+00,9.313226e-01,2.181982e+04,3.271533e+04,3.290869e+04,-1.055840e+02,4.070654e+01,2.417080e+01
Ly a,4.283298e-06,-7.392471e-05,-6.964173e-05,1215.585339,-0.084661,4.568005e+02,8.393775e+14,2.630140e-05,4.738486e+00,-2.218401e+01,2.525104e+06,6.947403e-28,3.659954e-13,3.068347e-01,9.313226e-01,2.181982e+04,3.271533e+04,3.290771e+04,-1.018524e+02,5.255225e+01,4.739415e+00
Ly a,4.180947e-06,-7.713775e-05,-7.295713e-05,1215.581308,-0.088692,2.107488e+03,3.872516e+15,2.462890e-05,4.738486e+00,-2.315802e+01,2.214173e+06,7.937637e-28,3.668504e-13,8.230001e-01,9.313226e-01,2.181982e+04,3.271631e+04,3.290771e+04,-1.261644e+02,6.024034e+01,8.044794e+00
Ly a,3.906420e-06,-1.605184e-04,-1.566126e-04,1215.479611,-0.190389,4.102369e+03,7.538747e+15,2.455056e-05,4.738486e+00,-4.816357e+01,2.200110e+06,9.919244e-28,4.556982e-13,1.118846e+00,9.313226e-01,2.181982e+04,3.271631e+04,3.290674e+04,-1.414977e+02,6.702083e+01,-1.696609e+01
Ly a,3.533209e-06,-1.164840e-04,-1.129512e-04,1215.532689,-0.137311,3.915467e+01,7.194954e+13,2.272066e-05,4.738486e+00,-3.496795e+01,1.884357e+06,1.056659e-27,4.165684e-13,1.098897e-02,9.313226e-01,2.181982e+04,3.271729e+04,3.290674e+04,-1.565875e+02,5.982836e+01,-5.909653e+00
Ly a,3.529543e-06,-1.535226e-04,-1.499936e-04,1215.487657,-0.182343,1.729352e+03,3.177930e+15,2.380999e-05,4.738486e+00,-4.607099e+01,2.069379e+06,1.073929e-27,4.650709e-13,5.649174e-01,1.164153e-01,2.181958e+04,3.271704e+04,3.290601e+04,-1.573660e+02,4.644718e+01,-2.654229e+01
Ly a,3.341104e-06,-1.566184e-04,-1.532778e-04,1215.483665,-0.186335,1.023358e+03,1.880573e+15,2.420621e-05,4.738486e+00,-4.699795e+01,2.138823e+06,1.084638e-27,4.857768e-13,3.950166e-01,1.164153e-01,2.181958e+04,3.271704e+04,3.290552e+04,-1.563297e+02,3.825669e+01,-3.237849e+01
Ly a,3.209339e-06,-1.294866e-04,-1.262777e-04,1215.516488,-0.153512,6.425667e+02,1.180779e+15,2.363739e-05,4.738486e+00,-3.886582e+01,2.039485e+06,1.122412e-27,4.798091e-13,1.699008e-01,1.164153e-01,2.181958e+04,3.271753e+04,3.290552e+04,-1.621671e+02,3.127998e+01,-2.703916e+01
Ly a,3.152666e-06,-1.279842e-04,-1.248320e-04,1215.518246,-0.151754,1.795967e+03,3.300261e+15,2.379206e-05,4.738486e+00,-3.841161e+01,2.066263e+06,1.100658e-27,4.768304e-13,5.649174e-01,1.164153e-01,2.181958e+04,3.271753e+04,3.290503e+04,-1.556563e+02,2.140645e+01,-3.224745e+01
Ly a,2.964227e-06,-1.255075e-04,-1.225436e-04,1215.521027,-0.148973,4.216315e+02,7.747867e+14,2.382321e-05,4.738486e+00,-3.766362e+01,2.071677e+06,1.063594e-27,4.620618e-13,2.361048e-01,1.164153e-01,2.181958e+04,3.271753e+04,3.290454e+04,-1.447928e+02,1.369143e+01,-3.585264e+01
Ly a,2.885470e-06,-1.034221e-04,-1.005369e-04,1215.547780,-0.122220,3.273252e+03,6.014764e+15,2.319181e-05,4.738486e+00,-3.104773e+01,1.963319e+06,1.234078e-27,5.082679e-13,3.288126e-01,1.164153e-01,2.181958e+04,3.271802e+04,3.290454e+04,-1.563936e+02,7.726641e+00,-3.168845e+01
Ly a,2.775788e-06,-1.015193e-04,-9.874384e-05,1215.549960,-0.120040,3.847775e+03,7.070470e+15,2.352952e-05,4.738486e+00,-3.047127e+01,2.020913e+06,1.175017e-27,4.978804e-13,5.649174e-01,1.164153e-01,2.181958e+04,3.271802e+04,3.290405e+04,-1.441587e+02,3.711982e+00,-3.333678e+01
Ly a,2.587350e-06,-1.065936e-04,-1.040065e-04,1215.543562,-0.126438,1.821818e+02,3.347695e+14,2.375586e-05,4.738486e+00,-3.198627e+01,2.059980e+06,1.109214e-27,4.787829e-13,7.719294e-02,1.164153e-01,2.181958e+04,3.271802e+04,3.290356e+04,-1.301001e+02,3.621242e+00,-3.511868e+01
Ly a,2.561600e-06,-8.244853e-05,-7.988714e-05,1215.572884,-0.097116,1.066624e+04,1.959934e+16,2.222623e-05,4.738486e+00,-2.475155e+01,1.803238e+06,1.386828e-27,5.239832e-13,4.877245e-01,1.164153e-01,2.181958e+04,3.271851e+04,3.290356e+04,-1.400048e+02,-3.423723e-01,-2.907131e+01
Ly a,2.398911e-06,-9.347813e-05,-9.107944e-05,1215.559277,-0.110723,6.063626e+03,1.114211e+16,2.226526e-05,4.738486e+00,-2.805307e+01,1.809577e+06,1.257981e-27,4.766624e-13,4.831985e-01,1.164153e-01,2.181958e+04,3.271851e+04,3.290308e+04,-1.280960e+02,1.884822e+00,-3.157510e+01
Ly a,2.237731e-06,-6.203652e-05,-5.979893e-05,1215.597304,-0.072696,4.862904e+03,8.935461e+15,2.028940e-05,4.738486e+00,-1.863381e+01,1.502657e+06,1.889545e-27,5.943810e-13,8.171890e-02,1.164153e-01,2.181958e+04,3.271899e+04,3.290308e+04,-1.442801e+02,-4.208772e+00,-2.425020e+01
Ly a,2.210472e-06,-7.763296e-05,-7.542266e-05,1215.578311,-0.091689,6.835507e+04,1.256026e+17,1.985644e-05,4.738486e+00,-2.331048e+01,1.439211e+06,2.495962e-27,7.517961e-13,5.649174e-01,1.164153e-01,2.181958e+04,3.271899e+04,3.290259e+04,-1.460139e+02,1.787163e+00,-2.617515e+01
Ly a,2.022034e-06,-9.715180e-05,-9.512996e-05,1215.554353,-0.115647,9.328128e+04,1.714076e+17,2.091197e-05,4.738486e+00,-2.918147e+01,1.596289e+06,4.223579e-27,1.412129e-12,3.242867e-01,1.164153e-01,2.181958e+04,3.271899e+04,3.290210e+04,-1.806376e+02,4.619947e+00,-3.137770e+01
Ly a,1.913862e-06,-5.882218e-05,-5.690844e-05,1215.600818,-0.069182,1.283773e+05,2.358887e+17,1.871646e-05,4.738486e+00,-1.772208e+01,1.278701e+06,6.813644e-27,1.824755e-12,2.406307e-01,1.164153e-01,2.181958e+04,3.271948e+04,3.290210e+04,-2.283424e+02,1.327019e+00,-2.011603e+01
Ly a,1.833595e-06,-7.649261e-05,-7.465916e-05,1215.579239,-0.090761,5.220762e+05,9.593124e+17,2.000877e-05,4.738486e+00,-2.306294e+01,1.461377e+06,1.022845e-26,3.133971e-12,5.649174e-01,1.164153e-01,2.181958e+04,3.271948e+04,3.290161e+04,-2.793165e+02,1.189985e+01,-2.022934e+01
Ly a,1.645156e-06,-8.754796e-05,-8.590295e-05,1215.565570,-0.104430,2.393546e+05,4.398183e+17,2.115378e-05,4.738486e+00,-2.641499e+01,1.633418e+06,1.381668e-26,4.735919e-12,1.653748e-01,1.164153e-01,2.181958e+04,3.271948e+04,3.290112e+04,-3.168218e+02,2.230300e+01,-1.811774e+01
Ly a,1.589992e-06,-4.456893e-05,-4.297901e-05,1215.617752,-0.052248,7.492176e+05,1.376640e+18,2.002775e-05,4.738486e+00,-1.356990e+01,1.464150e+06,1.673404e-26,5.143888e-12,3.995426e-01,1.164153e-01,2.181958e+04,3.271997e+04,3.290112e+04,-3.529220e+02,2.080251e+01,-4.190440e+00
Ly a,1.456718e-06,-5.789884e-05,-5.644220e-05,1215.601385,-0.068615,1.544726e+06,2.838375e+18,2.099828e-05,4.738486e+00,-1.761688e+01,1.609492e+06,2.205672e-26,7.455388e-12,5.649174e-01,1.164153e-01,2.181958e+04,3.271997e+04,3.290063e+04,-3.925469e+02,3.678037e+01,3.571616e-01
Ly a,1.268279e-06,-5.281540e-05,-5.154719e-05,1215.607336,-0.062664,1.366509e+04,2.510904e+16,2.105401e-05,4.738486e+00,-1.602553e+01,1.618047e+06,1.760984e-26,5.986699e-12,6.463006e-03,1.164153e-01,2.181958e+04,3.271997e+04,3.290015e+04,-3.376460e+02,3.230467e+01,-3.133898e-01
Ly a,1.266123e-06,-4.560161e-05,-4.433555e-05,1215.616103,-0.053897,1.049901e+06,1.929129e+18,2.091771e-05,4.738486e+00,-1.383287e+01,1.597165e+06,1.554767e-26,5.218162e-12,5.584544e-01,1.164153e-01,2.181958e+04,3.272046e+04,3.290015e+04,-3.099045e+02,3.165640e+01,1.892945e+00
Ly a,1.079840e-06,-5.589041e-05,-5.481063e-05,1215.603368,-0.066632,2.804044e+05,5.152320e+17,2.148327e-05,4.738486e+00,-1.683497e+01,1.684699e+06,7.076302e-27,2.503513e-12,4.124686e-01,1.164153e-01,2.181958e+04,3.272046e+04,3.289966e+04,-2.166447e+02,2.605340e+01,-4.683297e+00
Ly a,9.422537e-07,-3.292839e-05,-3.198617e-05,1215.631115,-0.038885,4.499510e+04,8.267505e+16,2.124556e-05,4.738486e+00,-9.923367e+00,1.647623e+06,3.876531e-27,1.341835e-12,1.524488e-01,1.164153e-01,2.181958e+04,3.272095e+04,3.289966e+04,-1.749149e+02,1.984374e+01,-2.296350e-01
Ly a,8.914015e-07,-5.944944e-05,-5.855809e-05,1215.598813,-0.071187,2.951806e+04,5.423861e+16,2.239659e-05,4.738486e+00,-1.786150e+01,1.830987e+06,1.991698e-27,7.657521e-13,5.649174e-01,1.164153e-01,2.181958e+04,3.272095e+04,3.289917e+04,-1.509437e+02,2.346981e+01,-7.263519e+00
Ly a,7.029629e-07,-8.397378e-05,-8.327088e-05,1215.568770,-0.101230,9.644464e+03,1.772188e+16,2.319121e-05,4.738486e+00,-2.521262e+01,1.963217e+06,1.827245e-27,7.527670e-13,2.535567e-01,1.164153e-01,2.181958e+04,3.272095e+04,3.289868e+04,-1.478994e+02,2.540602e+01,-1.463672e+01
Ly a,6.183843e-07,-7.033299e-05,-6.971465e-05,1215.585250,-0.084750,1.894454e+03,3.481046e+15,2.263996e-05,4.738486e+00,-2.111728e+01,1.870996e+06,1.303316e-27,5.119420e-13,3.113607e-01,1.164153e-01,2.181958e+04,3.272144e+04,3.289868e+04,-1.358226e+02,2.500001e+01,-1.011451e+01
Ly a,5.145242e-07,-9.032057e-05,-8.980609e-05,1215.560825,-0.109175,4.273885e+03,7.853396e+15,2.338593e-05,4.738486e+00,-2.710962e+01,1.996322e+06,1.288046e-27,5.396595e-13,5.649174e-01,1.164153e-01,2.181958e+04,3.272144e+04,3.289819e+04,-1.354161e+02,2.668368e+01,-1.606705e+01
Ly a,3.260855e-07,-9.406439e-05,-9.373834e-05,1215.556045,-0.113955,5.310381e+02,9.758030e+14,2.366384e-05,4.738486e+00,-2.823116e+01,2.044052e+06,1.233149e-27,5.288906e-13,9.464491e-02,1.164153e-01,2.181958e+04,3.272144e+04,3.289771e+04,-1.334962e+02,2.583336e+01,-1.785613e+01
Ly a,2.945150e-07,-8.378242e-05,-8.348793e-05,1215.568506,-0.101494,1.371030e+02,2.519294e+14,2.316238e-05,4.738486e+00,-2.514438e+01,1.958340e+06,1.068816e-27,4.392516e-13,4.702725e-01,1.164153e-01,2.181958e+04,3.272192e+04,3.289771e+04,-1.241742e+02,2.348861e+01,-1.563343e+01
Ly a,1.376469e-07,-7.646151e-05,-7.632387e-05,1215.577215,-0.092785,1.527776e+01,2.807297e+13,2.316005e-05,4.738486e+00,-2.294876e+01,1.957945e+06,1.050875e-27,4.316253e-13,4.138231e-01,1.164153e-01,2.181958e+04,3.272192e+04,3.289722e+04,-1.225077e+02,2.227624e+01,-1.379580e+01
Si II 1193,1.447316e-05,1.223451e-04,1.368200e-04,1193.453266,0.163266,1.086033e-03,1.545709e+10,3.757075e-06,4.458014e-01,3.662759e+01,1.435717e+06,1.752640e-28,5.276006e-14,1.172321e+00,7.450581e+00,2.181934e+04,3.270020e+04,3.293457e+04,-1.633051e+02,2.326548e+01,5.563797e+01
Si II 1193,1.408211e-05,7.449329e-05,8.857644e-05,1193.395697,0.105697,4.459693e-04,5.567582e+09,3.293823e-06,4.458014e-01,2.223843e+01,1.103493e+06,3.790098e-28,8.791163e-14,5.548505e-01,7.450581e+00,2.181934e+04,3.270020e+04,3.293262e+04,-2.320687e+02,2.837534e+01,4.184772e+01
Si II 1193,1.389703e-05,1.610270e-04,1.749262e-04,1193.498738,0.208738,7.192020e-04,9.532860e+09,3.494284e-06,4.458014e-01,4.820853e+01,1.241896e+06,2.736523e-28,7.134881e-14,1.704819e+00,7.450581e+00,2.181934e+04,3.270215e+04,3.293262e+04,-1.884743e+02,1.287711e+01,6.294985e+01
Si II 1193,1.332835e-05,1.303212e-04,1.436513e-04,1193.461418,0.171418,9.737659e-04,1.233325e+10,3.338066e-06,4.458014e-01,3.891323e+01,1.133336e+06,5.956200e-28,1.416332e-13,2.178873e+00,7.450581e+00,2.181934e+04,3.270215e+04,3.293066e+04,-3.005898e+02,1.663698e+01,5.419445e+01
Si II 1193,1.260155e-05,1.730129e-04,1.856166e-04,1193.511494,0.221494,1.398188e-04,2.147341e+09,4.053246e-06,4.458014e-01,5.178126e+01,1.670994e+06,3.501671e-28,1.221094e-13,8.079686e-02,7.450581e+00,2.181934e+04,3.270410e+04,3.293066e+04,-2.183620e+02,9.142222e+00,6.485989e+01
Si II 1193,1.257460e-05,1.428511e-04,1.554275e-04,1193.475470,0.185470,9.820733e-02,1.440751e+11,3.884745e-06,4.458014e-01,4.271644e+01,1.534949e+06,4.145429e-28,1.328119e-13,2.259670e+00,7.450581e+00,2.181934e+04,3.270410e+04,3.292871e+04,-2.497770e+02,9.886405e+00,5.475242e+01
Si II 1193,1.182084e-05,1.350082e-04,1.468306e-04,1193.465212,0.175212,8.608736e-02,1.255363e+11,3.796285e-06,4.458014e-01,4.040013e+01,1.465840e+06,3.236698e-28,9.912450e-14,1.543225e+00,7.450581e+00,2.181934e+04,3.270410e+04,3.292676e+04,-2.045374e+02,8.567489e+00,5.138137e+01
Si II 1193,1.130607e-05,2.220905e-04,2.333991e-04,1193.568513,0.278513,2.754494e-01,3.810999e+11,4.907075e-06,4.458014e-01,6.652268e+01,2.449144e+06,2.470749e-28,1.261252e-13,7.164442e-01,7.450581e+00,2.181934e+04,3.270605e+04,3.292676e+04,-1.720631e+02,-6.003601e+00,7.318059e+01
Si II 1193,1.106709e-05,1.692071e-04,1.802761e-04,1193.505122,0.215122,1.822911e-01,2.529981e+11,5.320540e-06,4.458014e-01,5.067453e+01,2.879257e+06,2.719081e-28,1.632393e-13,2.259670e+00,7.450581e+00,2.181934e+04,3.270605e+04,3.292480e+04,-1.648915e+02,1.064059e+01,6.454132e+01
Si II 1193,1.031334e-05,6.972794e-05,8.004199e-05,1193.385513,0.095513,2.134596e-01,2.974178e+11,5.662946e-06,4.458014e-01,2.077384e+01,3.261774e+06,6.484799e-28,4.410095e-13,9.075781e-01,7.450581e+00,2.181934e+04,3.270605e+04,3.292285e+04,-2.648325e+02,6.426079e+01,6.097750e+01
Si II 1193,1.001060e-05,1.787823e-04,1.887947e-04,1193.515287,0.225287,3.595411e-02,6.180001e+10,5.679929e-06,4.458014e-01,5.353864e+01,3.281367e+06,3.278106e-28,2.242600e-13,1.352092e+00,7.450581e+00,2.181934e+04,3.270801e+04,3.292285e+04,-1.757978e+02,7.754867e+00,6.615757e+01
Si II 1193,9.559580e-06,1.799021e-04,1.894634e-04,1193.516085,0.226085,1.208021e-01,1.676886e+11,5.339912e-06,4.458014e-01,5.386617e+01,2.900261e+06,4.739700e-28,2.867611e-13,2.259670e+00,7.450581e+00,2.181934e+04,3.270801e+04,3.292090e+04,-1.892352e+02,7.244079e+00,6.621667e+01
Si II 1193,8.805826e-06,1.360774e-04,1.448844e-04,1193.462889,0.172889,7.533452e-02,1.042132e+11,4.864796e-06,4.458014e-01,4.072817e+01,2.407122e+06,5.983350e-28,3.008011e-13,2.719308e-01,7.450581e+00,2.181934e+04,3.270801e+04,3.291895e+04,-1.880988e+02,2.721039e+01,6.263569e+01
Si II 1193,8.715118e-06,2.309684e-04,2.396855e-04,1193.576014,0.286014,2.854830e-01,3.943466e+11,4.539905e-06,4.458014e-01,6.915837e+01,2.096343e+06,8.844701e-28,3.877802e-13,1.987739e+00,7.450581e+00,2.181934e+04,3.270996e+04,3.291895e+04,-2.071895e+02,1.115579e+01,8.615474e+01
Si II 1193,8.052071e-06,2.075810e-04,2.156347e-04,1193.547315,0.257315,9.017437e-02,1.245216e+11,4.418014e-06,4.458014e-01,6.217719e+01,1.985286e+06,6.703603e-28,2.787354e-13,1.129835e+00,9.313226e-01,2.181982e+04,3.271045e+04,3.291748e+04,-1.649089e+02,6.776973e-01,7.205253e+01
Si II 1193,7.675194e-06,1.766103e-04,1.842868e-04,1193.509908,0.219908,4.662248e-02,7.134831e+10,4.424912e-06,4.458014e-01,5.290842e+01,1.991490e+06,4.987736e-28,2.081358e-13,7.661182e-01,9.313226e-01,2.181982e+04,3.271045e+04,3.291650e+04,-1.397090e+02,-7.315555e+00,5.672070e+01
Si II 1193,7.419641e-06,2.099510e-04,2.173722e-04,1193.549388,0.259388,4.636903e-04,8.159054e+09,4.645465e-06,4.458014e-01,6.290579e+01,2.194964e+06,4.314870e-28,1.983941e-13,3.637166e-01,9.313226e-01,2.181982e+04,3.271143e+04,3.291650e+04,-1.321961e+02,-2.133165e+01,6.014476e+01
Si II 1193,7.298316e-06,1.778010e-04,1.851006e-04,1193.510879,0.220879,8.508825e-04,1.494643e+10,4.637987e-06,4.458014e-01,5.327330e+01,2.187903e+06,3.623915e-28,1.661508e-13,1.129835e+00,9.313226e-01,2.181982e+04,3.271143e+04,3.291553e+04,-1.232076e+02,-2.080643e+01,4.932117e+01
Si II 1193,6.921439e-06,1.416090e-04,1.485314e-04,1193.467241,0.177241,7.934871e-04,1.370433e+10,4.562522e-06,4.458014e-01,4.242513e+01,2.117283e+06,3.601851e-28,1.599252e-13,4.482946e-01,9.313226e-01,2.181982e+04,3.271143e+04,3.291455e+04,-1.226577e+02,-1.439070e+01,4.050420e+01
Si II 1193,6.771902e-06,1.637617e-04,1.705347e-04,1193.493497,0.203497,1.433410e-01,1.982258e+11,4.807553e-06,4.458014e-01,4.906453e+01,2.350808e+06,3.711838e-28,1.827499e-13,6.815403e-01,9.313226e-01,2.181982e+04,3.271240e+04,3.291455e+04,-1.247389e+02,-1.987058e+01,4.499377e+01
Si II 1193,6.544562e-06,1.214557e-04,1.280010e-04,1193.442742,0.152742,3.989501e-01,5.513512e+11,4.648526e-06,4.458014e-01,3.638026e+01,2.197857e+06,4.267546e-28,1.966334e-13,1.129835e+00,9.313226e-01,2.181982e+04,3.271240e+04,3.291357e+04,-1.315377e+02,-8.988417e+00,3.663886e+01
Si II 1193,6.167684e-06,8.358458e-05,8.975278e-05,1193.397101,0.107101,4.346815e-02,6.713534e+10,4.536740e-06,4.458014e-01,2.502736e+01,2.093422e+06,4.682409e-28,2.056355e-13,1.304709e-01,9.313226e-01,2.181982e+04,3.271240e+04,3.291260e+04,-1.319415e+02,3.919020e+00,3.101344e+01
Si II 1193,6.124163e-06,9.339310e-05,9.951783e-05,1193.408754,0.118754,1.117020e+00,1.543466e+12,4.591588e-06,4.458014e-01,2.795636e+01,2.144345e+06,5.819384e-28,2.613893e-13,9.993639e-01,9.313226e-01,2.181982e+04,3.271338e+04,3.291260e+04,-1.560002e+02,-2.177191e+00,3.081465e+01
Si II 1193,5.790807e-06,6.425556e-05,7.004674e-05,1193.373586,0.083586,7.152004e-01,9.880135e+11,4.513070e-06,4.458014e-01,1.922912e+01,2.071635e+06,5.710453e-28,2.478810e-13,9.424821e-01,9.313226e-01,2.181982e+04,3.271338e+04,3.291162e+04,-1.397210e+02,1.206430e+01,2.903128e+01
Si II 1193,5.476425e-06,8.128869e-05,8.676556e-05,1193.393536,0.103536,2.490401e-01,3.440110e+11,4.493349e-06,4.458014e-01,2.432260e+01,2.053568e+06,6.632936e-28,2.850544e-13,1.873528e-01,9.313226e-01,2.181982e+04,3.271436e+04,3.291162e+04,-1.651018e+02,5.604443e+00,3.112287e+01
Si II 1193,5.413930e-06,5.782353e-05,6.323777e-05,1193.365461,0.075461,6.678529e-01,9.226747e+11,4.535961e-06,4.458014e-01,1.730348e+01,2.092702e+06,5.891048e-28,2.579429e-13,1.129835e+00,9.313226e-01,2.181982e+04,3.271436e+04,3.291064e+04,-1.323721e+02,2.027843e+01,3.159505e+01
Si II 1193,5.037052e-06,2.292527e-05,2.796244e-05,1193.323367,0.033367,9.652738e-02,1.334855e+11,4.775278e-06,4.458014e-01,6.850263e+00,2.319350e+06,5.663923e-28,2.745333e-13,6.246584e-01,9.313226e-01,2.181982e+04,3.271436e+04,3.290967e+04,-1.076491e+02,3.424804e+01,2.767085e+01
Si II 1193,4.828686e-06,5.623786e-05,6.106682e-05,1193.362870,0.072870,9.462450e-02,1.308355e+11,4.751059e-06,4.458014e-01,1.683187e+01,2.295883e+06,5.623067e-28,2.697821e-13,5.051765e-01,9.313226e-01,2.181982e+04,3.271533e+04,3.290967e+04,-1.205511e+02,2.898127e+01,3.613295e+01
Si II 1193,4.660175e-06,1.989212e-06,6.649396e-06,1193.297935,0.007935,2.004872e-01,2.774956e+11,4.938462e-06,4.458014e-01,5.740198e-01,2.480575e+06,5.968240e-28,3.090513e-13,1.129835e+00,9.313226e-01,2.181982e+04,3.271533e+04,3.290869e+04,-1.055840e+02,4.070654e+01,2.417080e+01
Si II 1193,4.283298e-06,-7.392471e-05,-6.964173e-05,1193.206897,-0.083103,1.281070e-01,1.773734e+11,4.982590e-06,4.458014e-01,-2.218401e+01,2.525104e+06,6.947403e-28,3.659954e-13,3.068347e-01,9.313226e-01,2.181982e+04,3.271533e+04,3.290771e+04,-1.018524e+02,5.255225e+01,4.739415e+00
Si II 1193,4.180947e-06,-7.713775e-05,-7.295713e-05,1193.202941,-0.087059,6.059871e-01,8.376976e+11,4.665749e-06,4.458014e-01,-2.315802e+01,2.214173e+06,7.937637e-28,3.668504e-13,8.230001e-01,9.313226e-01,2.181982e+04,3.271631e+04,3.290771e+04,-1.261644e+02,6.024034e+01,8.044794e+00
Si II 1193,3.906420e-06,-1.605184e-04,-1.566126e-04,1193.103116,-0.186884,1.293603e+00,1.788280e+12,4.650908e-06,4.458014e-01,-4.816357e+01,2.200110e+06,9.919244e-28,4.556982e-13,1.118846e+00,9.313226e-01,2.181982e+04,3.271631e+04,3.290674e+04,-1.414977e+02,6.702083e+01,-1.696609e+01
Si II 1193,3.533209e-06,-1.164840e-04,-1.129512e-04,1193.155216,-0.134784,9.635542e-04,1.569882e+10,4.304247e-06,4.458014e-01,-3.496795e+01,1.884357e+06,1.056659e-27,4.165684e-13,1.098897e-02,9.313226e-01,2.181982e+04,3.271729e+04,3.290674e+04,-1.565875e+02,5.982836e+01,-5.909653e+00
Si II 1193,3.529543e-06,-1.535226e-04,-1.499936e-04,1193.111014,-0.178986,5.100223e-01,7.047246e+11,4.510613e-06,4.458014e-01,-4.607099e+01,2.069379e+06,1.073929e-27,4.650709e-13,5.649174e-01,1.164153e-01,2.181958e+04,3.271704e+04,3.290601e+04,-1.573660e+02,4.644718e+01,-2.654229e+01
Si II 1193,3.341104e-06,-1.566184e-04,-1.532778e-04,1193.107095,-0.182905,2.924114e-01,4.041348e+11,4.585672e-06,4.458014e-01,-4.699795e+01,2.138823e+06,1.084638e-27,4.857768e-13,3.950166e-01,1.164153e-01,2.181958e+04,3.271704e+04,3.290552e+04,-1.563297e+02,3.825669e+01,-3.237849e+01
Si II 1193,3.209339e-06,-1.294866e-04,-1.262777e-04,1193.139314,-0.150686,9.856293e-02,1.361740e+11,4.477914e-06,4.458014e-01,-3.886582e+01,2.039485e+06,1.122412e-27,4.798091e-13,1.699008e-01,1.164153e-01,2.181958e+04,3.271753e+04,3.290552e+04,-1.621671e+02,3.127998e+01,-2.703916e+01
Si II 1193,3.152666e-06,-1.279842e-04,-1.248320e-04,1193.141039,-0.148961,2.169312e-01,2.997347e+11,4.507215e-06,4.458014e-01,-3.841161e+01,2.066263e+06,1.100658e-27,4.768304e-13,5.649174e-01,1.164153e-01,2.181958e+04,3.271753e+04,3.290503e+04,-1.556563e+02,2.140645e+01,-3.224745e+01
Si II 1193,2.964227e-06,-1.255075e-04,-1.225436e-04,1193.143770,-0.146230,4.044615e-02,6.234540e+10,4.513116e-06,4.458014e-01,-3.766362e+01,2.071677e+06,1.063594e-27,4.620618e-13,2.361048e-01,1.164153e-01,2.181958e+04,3.271753e+04,3.290454e+04,-1.447928e+02,1.369143e+01,-3.585264e+01
Si II 1193,2.885470e-06,-1.034221e-04,-1.005369e-04,1193.170030,-0.119970,2.135821e-01,2.950130e+11,4.393503e-06,4.458014e-01,-3.104773e+01,1.963319e+06,1.234078e-27,5.082679e-13,3.288126e-01,1.164153e-01,2.181958e+04,3.271802e+04,3.290454e+04,-1.563936e+02,7.726641e+00,-3.168845e+01
Si II 1193,2.775788e-06,-1.015193e-04,-9.874384e-05,1193.172170,-0.117830,3.151669e-01,4.353932e+11,4.457480e-06,4.458014e-01,-3.047127e+01,2.020913e+06,1.175017e-27,4.978804e-13,5.649174e-01,1.164153e-01,2.181958e+04,3.271802e+04,3.290405e+04,-1.441587e+02,3.711982e+00,-3.333678e+01
Si II 1193,2.587350e-06,-1.065936e-04,-1.040065e-04,1193.165890,-0.124110,1.472575e-03,2.508222e+10,4.500357e-06,4.458014e-01,-3.198627e+01,2.059980e+06,1.109214e-27,4.787829e-13,7.719294e-02,1.164153e-01,2.181958e+04,3.271802e+04,3.290356e+04,-1.301001e+02,3.621242e+00,-3.511868e+01
Si II 1193,2.561600e-06,-8.244853e-05,-7.988714e-05,1193.194671,-0.095329,1.064644e+00,1.469984e+12,4.210582e-06,4.458014e-01,-2.475155e+01,1.803238e+06,1.386828e-27,5.239832e-13,4.877245e-01,1.164153e-01,2.181958e+04,3.271851e+04,3.290356e+04,-1.400048e+02,-3.423723e-01,-2.907131e+01
Si II 1193,2.398911e-06,-9.347813e-05,-9.107944e-05,1193.181316,-0.108684,8.765385e-01,1.210295e+12,4.217975e-06,4.458014e-01,-2.805307e+01,1.809577e+06,1.257981e-27,4.766624e-13,4.831985e-01,1.164153e-01,2.181958e+04,3.271851e+04,3.290308e+04,-1.280960e+02,1.884822e+00,-3.157510e+01
Si II 1193,2.237731e-06,-6.203652e-05,-5.979893e-05,1193.218643,-0.071357,6.609857e-01,9.122894e+11,3.843665e-06,4.458014e-01,-1.863381e+01,1.502657e+06,1.889545e-27,5.943810e-13,8.171890e-02,1.164153e-01,2.181958e+04,3.271899e+04,3.290308e+04,-1.442801e+02,-4.208772e+00,-2.425020e+01
Si II 1193,2.210472e-06,-7.763296e-05,-7.542266e-05,1193.199999,-0.090001,8.027820e+00,1.107969e+13,3.761644e-06,4.458014e-01,-2.331048e+01,1.439211e+06,2.495962e-27,7.517961e-13,5.649174e-01,1.164153e-01,2.181958e+04,3.271899e+04,3.290259e+04,-1.460139e+02,1.787163e+00,-2.617515e+01
Si II 1193,2.022034e-06,-9.715180e-05,-9.512996e-05,1193.176482,-0.113518,6.573638e+00,9.073938e+12,3.961606e-06,4.458014e-01,-2.918147e+01,1.596289e+06,4.223579e-27,1.412129e-12,3.242867e-01,1.164153e-01,2.181958e+04,3.271899e+04,3.290210e+04,-1.806376e+02,4.619947e+00,-3.137770e+01
Si II 1193,1.913862e-06,-5.882218e-05,-5.690844e-05,1193.222092,-0.067908,8.852818e+00,1.221728e+13,3.545684e-06,4.458014e-01,-1.772208e+01,1.278701e+06,6.813644e-27,1.824755e-12,2.406307e-01,1.164153e-01,2.181958e+04,3.271948e+04,3.290210e+04,-2.283424e+02,1.327019e+00,-2.011603e+01
Si II 1193,1.833595e-06,-7.649261e-05,-7.465916e-05,1193.200910,-0.089090,2.267160e+01,3.128366e+13,3.790502e-06,4.458014e-01,-2.306294e+01,1.461377e+06,1.022845e-26,3.133971e-12,5.649174e-01,1.164153e-01,2.181958e+04,3.271948e+04,3.290161e+04,-2.793165e+02,1.189985e+01,-2.022934e+01
Si II 1193,1.645156e-06,-8.754796e-05,-8.590295e-05,1193.187493,-0.102507,7.847750e+00,1.083300e+13,4.007414e-06,4.458014e-01,-2.641499e+01,1.633418e+06,1.381668e-26,4.735919e-12,1.653748e-01,1.164153e-01,2.181958e+04,3.271948e+04,3.290112e+04,-3.168218e+02,2.230300e+01,-1.811774e+01
Si II 1193,1.589992e-06,-4.456893e-05,-4.297901e-05,1193.238714,-0.051286,2.471719e+01,3.410521e+13,3.794096e-06,4.458014e-01,-1.356990e+01,1.464150e+06,1.673404e-26,5.143888e-12,3.995426e-01,1.164153e-01,2.181958e+04,3.271997e+04,3.290112e+04,-3.529220e+02,2.080251e+01,-4.190440e+00
Si II 1193,1.456718e-06,-5.789884e-05,-5.644220e-05,1193.222648,-0.067352,5.490239e+01,7.575631e+13,3.977956e-06,4.458014e-01,-1.761688e+01,1.609492e+06,2.205672e-26,7.455388e-12,5.649174e-01,1.164153e-01,2.181958e+04,3.271997e+04,3.290063e+04,-3.925469e+02,3.678037e+01,3.571616e-01
Si II 1193,1.268279e-06,-5.281540e-05,-5.154719e-05,1193.228489,-0.061511,6.479527e-01,8.943867e+11,3.988513e-06,4.458014e-01,-1.602553e+01,1.618047e+06,1.760984e-26,5.986699e-12,6.463006e-03,1.164153e-01,2.181958e+04,3.271997e+04,3.290015e+04,-3.376460e+02,3.230467e+01,-3.133898e-01
Si II 1193,1.266123e-06,-4.560161e-05,-4.433555e-05,1193.237095,-0.052905,5.409422e+01,7.464027e+13,3.962693e-06,4.458014e-01,-1.383287e+01,1.597165e+06,1.554767e-26,5.218162e-12,5.584544e-01,1.164153e-01,2.181958e+04,3.272046e+04,3.290015e+04,-3.099045e+02,3.165640e+01,1.892945e+00
Si II 1193,1.079840e-06,-5.589041e-05,-5.481063e-05,1193.224595,-0.065405,2.623853e+01,3.620483e+13,4.069834e-06,4.458014e-01,-1.683497e+01,1.684699e+06,7.076302e-27,2.503513e-12,4.124686e-01,1.164153e-01,2.181958e+04,3.272046e+04,3.289966e+04,-2.166447e+02,2.605340e+01,-4.683297e+00
Si II 1193,9.422537e-07,-3.292839e-05,-3.198617e-05,1193.251831,-0.038169,4.180734e+00,5.770858e+12,4.024802e-06,4.458014e-01,-9.923367e+00,1.647623e+06,3.876531e-27,1.341835e-12,1.524488e-01,1.164153e-01,2.181958e+04,3.272095e+04,3.289966e+04,-1.749149e+02,1.984374e+01,-2.296350e-01
Si II 1193,8.914015e-07,-5.944944e-05,-5.855809e-05,1193.220123,-0.069877,7.763910e+00,1.071295e+13,4.242855e-06,4.458014e-01,-1.786150e+01,1.830987e+06,1.991698e-27,7.657521e-13,5.649174e-01,1.164153e-01,2.181958e+04,3.272095e+04,3.289917e+04,-1.509437e+02,2.346981e+01,-7.263519e+00
Si II 1193,7.029629e-07,-8.397378e-05,-8.327088e-05,1193.190634,-0.099366,2.610094e+00,3.605151e+12,4.393390e-06,4.458014e-01,-2.521262e+01,1.963217e+06,1.827245e-27,7.527670e-13,2.535567e-01,1.164153e-01,2.181958e+04,3.272095e+04,3.289868e+04,-1.478994e+02,2.540602e+01,-1.463672e+01
Si II 1193,6.183843e-07,-7.033299e-05,-6.971465e-05,1193.206810,-0.083190,4.139877e-01,5.716761e+11,4.288960e-06,4.458014e-01,-2.111728e+01,1.870996e+06,1.303316e-27,5.119420e-13,3.113607e-01,1.164153e-01,2.181958e+04,3.272144e+04,3.289868e+04,-1.358226e+02,2.500001e+01,-1.011451e+01
Si II 1193,5.145242e-07,-9.032057e-05,-8.980609e-05,1193.182835,-0.107165,8.787922e-01,1.213925e+12,4.430276e-06,4.458014e-01,-2.710962e+01,1.996322e+06,1.288046e-27,5.396595e-13,5.649174e-01,1.164153e-01,2.181958e+04,3.272144e+04,3.289819e+04,-1.354161e+02,2.668368e+01,-1.606705e+01
Si II 1193,3.260855e-07,-9.406439e-05,-9.373834e-05,1193.178143,-0.111857,9.239480e-02,1.276490e+11,4.482925e-06,4.458014e-01,-2.823116e+01,2.044052e+06,1.233149e-27,5.288906e-13,9.464491e-02,1.164153e-01,2.181958e+04,3.272144e+04,3.289771e+04,-1.334962e+02,2.583336e+01,-1.785613e+01
Si II 1193,2.945150e-07,-8.378242e-05,-8.348793e-05,1193.190375,-0.099625,1.363368e-03,2.266933e+10,4.387928e-06,4.458014e-01,-2.514438e+01,1.958340e+06,1.068816e-27,4.392516e-13,4.702725e-01,1.164153e-01,2.181958e+04,3.272192e+04,3.289771e+04,-1.241742e+02,2.348861e+01,-1.563343e+01
Si II 1193,1.376469e-07,-7.646151e-05,-7.632387e-05,1193.198923,-0.091077,1.372414e-04,2.281004e+09,4.387486e-06,4.458014e-01,-2.294876e+01,1.957945e+06,1.050875e-27,4.316253e-13,4.138231e-01,1.164153e-01,2.181958e+04,3.272192e+04,3.289722e+04,-1.225077e+02,2.227624e+01,-1.379580e+01
Si III 1206,1.447316e-05,1.223451e-04,1.368200e-04,1206.665073,0.165073,2.008392e-01,9.563236e+10,3.757075e-06,5.594097e-01,3.662759e+01,1.435717e+06,1.752640e-28,5.276006e-14,1.172321e+00,7.450581e+00,2.181934e+04,3.270020e+04,3.293457e+04,-1.633051e+02,2.326548e+01,5.563797e+01
Si III 1206,1.408211e-05,7.449329e-05,8.857644e-05,1206.606867,0.106867,6.889777e-02,3.375162e+10,3.293823e-06,5.594097e-01,2.223843e+01,1.103493e+06,3.790098e-28,8.791163e-14,5.548505e-01,7.450581e+00,2.181934e+04,3.270020e+04,3.293262e+04,-2.320687e+02,2.837534e+01,4.184772e+01
Si III 1206,1.389703e-05,1.610270e-04,1.749262e-04,1206.711049,0.211049,9.548947e-02,4.728543e+10,3.494284e-06,5.594097e-01,4.820853e+01,1.241896e+06,2.736523e-28,7.134881e-14,1.704819e+00,7.450581e+00,2.181934e+04,3.270215e+04,3.293262e+04,-1.884743e+02,1.287711e+01,6.294985e+01
Si III 1206,1.332835e-05,1.303212e-04,1.436513e-04,1206.673315,0.173315,1.197861e-01,5.880667e+10,3.338066e-06,5.594097e-01,3.891323e+01,1.133336e+06,5.956200e-28,1.416332e-13,2.178873e+00,7.450581e+00,2.181934e+04,3.270215e+04,3.293066e+04,-3.005898e+02,1.663698e+01,5.419445e+01
Si III 1206,1.260155e-05,1.730129e-04,1.856166e-04,1206.723946,0.223946,1.614589e-03,8.644610e+09,4.053246e-06,5.594097e-01,5.178126e+01,1.670994e+06,3.501671e-28,1.221094e-13,8.079686e-02,7.450581e+00,2.181934e+04,3.270410e+04,3.293066e+04,-2.183620e+02,9.142222e+00,6.485989e+01
Si III 1206,1.257460e-05,1.428511e-04,1.554275e-04,1206.687523,0.187523,1.014694e+00,4.831896e+11,3.884745e-06,5.594097e-01,4.271644e+01,1.534949e+06,4.145429e-28,1.328119e-13,2.259670e+00,7.450581e+00,2.181934e+04,3.270410e+04,3.292871e+04,-2.497770e+02,9.886405e+00,5.475242e+01
Si III 1206,1.182084e-05,1.350082e-04,1.468306e-04,1206.677151,0.177151,5.456753e-01,2.598337e+11,3.796285e-06,5.594097e-01,4.040013e+01,1.465840e+06,3.236698e-28,9.912450e-14,1.543225e+00,7.450581e+00,2.181934e+04,3.270410e+04,3.292676e+04,-2.045374e+02,8.567489e+00,5.138137e+01
Si III 1206,1.130607e-05,2.220905e-04,2.333991e-04,1206.781596,0.281596,2.649298e+00,1.261096e+12,4.907075e-06,5.594097e-01,6.652268e+01,2.449144e+06,2.470749e-28,1.261252e-13,7.164442e-01,7.450581e+00,2.181934e+04,3.270605e+04,3.292676e+04,-1.720631e+02,-6.003601e+00,7.318059e+01
Si III 1206,1.106709e-05,1.692071e-04,1.802761e-04,1206.717503,0.217503,1.389076e+00,6.612515e+11,5.320540e-06,5.594097e-01,5.067453e+01,2.879257e+06,2.719081e-28,1.632393e-13,2.259670e+00,7.450581e+00,2.181934e+04,3.270605e+04,3.292480e+04,-1.648915e+02,1.064059e+01,6.454132e+01
Si III 1206,1.031334e-05,6.972794e-05,8.004199e-05,1206.596571,0.096571,1.286105e+00,6.122954e+11,5.662946e-06,5.594097e-01,2.077384e+01,3.261774e+06,6.484799e-28,4.410095e-13,9.075781e-01,7.450581e+00,2.181934e+04,3.270605e+04,3.292285e+04,-2.648325e+02,6.426079e+01,6.097750e+01
Si III 1206,1.001060e-05,1.787823e-04,1.887947e-04,1206.727781,0.227781,6.475205e-01,3.116349e+11,5.679929e-06,5.594097e-01,5.353864e+01,3.281367e+06,3.278106e-28,2.242600e-13,1.352092e+00,7.450581e+00,2.181934e+04,3.270801e+04,3.292285e+04,-1.757978e+02,7.754867e+00,6.615757e+01
Si III 1206,9.559580e-06,1.799021e-04,1.894634e-04,1206.728588,0.228588,1.361253e+00,6.480006e+11,5.339912e-06,5.594097e-01,5.386617e+01,2.900261e+06,4.739700e-28,2.867611e-13,2.259670e+00,7.450581e+00,2.181934e+04,3.270801e+04,3.292090e+04,-1.892352e+02,7.244079e+00,6.621667e+01
Si III 1206,8.805826e-06,1.360774e-04,1.448844e-04,1206.674803,0.174803,7.681340e-01,3.667793e+11,4.864796e-06,5.594097e-01,4.072817e+01,2.407122e+06,5.983350e-28,3.008011e-13,2.719308e-01,7.450581e+00,2.181934e+04,3.270801e+04,3.291895e+04,-1.880988e+02,2.721039e+01,6.263569e+01
Si III 1206,8.715118e-06,2.309684e-04,2.396855e-04,1206.789181,0.289181,3.028882e+00,1.441772e+12,4.539905e-06,5.594097e-01,6.915837e+01,2.096343e+06,8.844701e-28,3.877802e-13,1.987739e+00,7.450581e+00,2.181934e+04,3.270996e+04,3.291895e+04,-2.071895e+02,1.115579e+01,8.615474e+01
Si III 1206,8.052071e-06,2.075810e-04,2.156347e-04,1206.760163,0.260163,1.034225e+00,4.928883e+11,4.418014e-06,5.594097e-01,6.217719e+01,1.985286e+06,6.703603e-28,2.787354e-13,1.129835e+00,9.313226e-01,2.181982e+04,3.271045e+04,3.291748e+04,-1.649089e+02,6.776973e-01,7.205253e+01
Si III 1206,7.675194e-06,1.766103e-04,1.842868e-04,1206.722342,0.222342,6.041441e-01,2.879328e+11,4.424912e-06,5.594097e-01,5.290842e+01,1.991490e+06,4.987736e-28,2.081358e-13,7.661182e-01,9.313226e-01,2.181982e+04,3.271045e+04,3.291650e+04,-1.397090e+02,-7.315555e+00,5.672070e+01
Si III 1206,7.419641e-06,2.099510e-04,2.173722e-04,1206.762260,0.262260,6.124357e-02,3.310086e+10,4.645465e-06,5.594097e-01,6.290579e+01,2.194964e+06,4.314870e-28,1.983941e-13,3.637166e-01,9.313226e-01,2.181982e+04,3.271143e+04,3.291650e+04,-1.321961e+02,-2.133165e+01,6.014476e+01
Si III 1206,7.298316e-06,1.778010e-04,1.851006e-04,1206.723324,0.223324,1.132686e-01,5.402258e+10,4.637987e-06,5.594097e-01,5.327330e+01,2.187903e+06,3.623915e-28,1.661508e-13,1.129835e+00,9.313226e-01,2.181982e+04,3.271143e+04,3.291553e+04,-1.232076e+02,-2.080643e+01,4.932117e+01
Si III 1206,6.921439e-06,1.416090e-04,1.485314e-04,1206.679203,0.179203,6.051149e-02,3.247167e+10,4.562522e-06,5.594097e-01,4.242513e+01,2.117283e+06,3.601851e-28,1.599252e-13,4.482946e-01,9.313226e-01,2.181982e+04,3.271143e+04,3.291455e+04,-1.226577e+02,-1.439070e+01,4.050420e+01
Si III 1206,6.771902e-06,1.637617e-04,1.705347e-04,1206.705750,0.205750,9.605689e-01,4.585081e+11,4.807553e-06,5.594097e-01,4.906453e+01,2.350808e+06,3.711838e-28,1.827499e-13,6.815403e-01,9.313226e-01,2.181982e+04,3.271240e+04,3.291455e+04,-1.247389e+02,-1.987058e+01,4.499377e+01
Si III 1206,6.544562e-06,1.214557e-04,1.280010e-04,1206.654433,0.154433,2.684326e+00,1.280394e+12,4.648526e-06,5.594097e-01,3.638026e+01,2.197857e+06,4.267546e-28,1.966334e-13,1.129835e+00,9.313226e-01,2.181982e+04,3.271240e+04,3.291357e+04,-1.315377e+02,-8.988417e+00,3.663886e+01
Si III 1206,6.167684e-06,8.358458e-05,8.975278e-05,1206.608287,0.108287,3.282723e-01,1.565230e+11,4.536740e-06,5.594097e-01,2.502736e+01,2.093422e+06,4.682409e-28,2.056355e-13,1.304709e-01,9.313226e-01,2.181982e+04,3.271240e+04,3.291260e+04,-1.319415e+02,3.919020e+00,3.101344e+01
Si III 1206,6.124163e-06,9.339310e-05,9.951783e-05,1206.620068,0.120068,7.546713e+00,3.592800e+12,4.591588e-06,5.594097e-01,2.795636e+01,2.144345e+06,5.819384e-28,2.613893e-13,9.993639e-01,9.313226e-01,2.181982e+04,3.271338e+04,3.291260e+04,-1.560002e+02,-2.177191e+00,3.081465e+01
Si III 1206,5.790807e-06,6.425556e-05,7.004674e-05,1206.584511,0.084511,4.850209e+00,2.309130e+12,4.513070e-06,5.594097e-01,1.922912e+01,2.071635e+06,5.710453e-28,2.478810e-13,9.424821e-01,9.313226e-01,2.181982e+04,3.271338e+04,3.291162e+04,-1.397210e+02,1.206430e+01,2.903128e+01
Si III 1206,5.476425e-06,8.128869e-05,8.676556e-05,1206.604683,0.104683,1.684054e+00,8.028511e+11,4.493349e-06,5.594097e-01,2.432260e+01,2.053568e+06,6.632936e-28,2.850544e-13,1.873528e-01,9.313226e-01,2.181982e+04,3.271436e+04,3.291162e+04,-1.651018e+02,5.604443e+00,3.112287e+01
Si III 1206,5.413930e-06,5.782353e-05,6.323777e-05,1206.576296,0.076296,4.542747e+00,2.162766e+12,4.535961e-06,5.594097e-01,1.730348e+01,2.092702e+06,5.891048e-28,2.579429e-13,1.129835e+00,9.313226e-01,2.181982e+04,3.271436e+04,3.291064e+04,-1.323721e+02,2.027843e+01,3.159505e+01
Si III 1206,5.037052e-06,2.292527e-05,2.796244e-05,1206.533737,0.033737,6.619990e-01,3.159827e+11,4.775278e-06,5.594097e-01,6.850263e+00,2.319350e+06,5.663923e-28,2.745333e-13,6.246584e-01,9.313226e-01,2.181982e+04,3.271436e+04,3.290967e+04,-1.076491e+02,3.424804e+01,2.767085e+01
Si III 1206,4.828686e-06,5.623786e-05,6.106682e-05,1206.573677,0.073677,6.498276e-01,3.101255e+11,4.751059e-06,5.594097e-01,1.683187e+01,2.295883e+06,5.623067e-28,2.697821e-13,5.051765e-01,9.313226e-01,2.181982e+04,3.271533e+04,3.290967e+04,-1.205511e+02,2.898127e+01,3.613295e+01
Si III 1206,4.660175e-06,1.989212e-06,6.649396e-06,1206.508022,0.008022,1.442146e+00,6.890276e+11,4.938462e-06,5.594097e-01,5.740198e-01,2.480575e+06,5.968240e-28,3.090513e-13,1.129835e+00,9.313226e-01,2.181982e+04,3.271533e+04,3.290869e+04,-1.055840e+02,4.070654e+01,2.417080e+01
Si III 1206,4.283298e-06,-7.392471e-05,-6.964173e-05,1206.415977,-0.084023,9.274674e-01,4.432819e+11,4.982590e-06,5.594097e-01,-2.218401e+01,2.525104e+06,6.947403e-28,3.659954e-13,3.068347e-01,9.313226e-01,2.181982e+04,3.271533e+04,3.290771e+04,-1.018524e+02,5.255225e+01,4.739415e+00
Si III 1206,4.180947e-06,-7.713775e-05,-7.295713e-05,1206.411977,-0.088023,4.363785e+00,2.077847e+12,4.665749e-06,5.594097e-01,-2.315802e+01,2.214173e+06,7.937637e-28,3.668504e-13,8.230001e-01,9.313226e-01,2.181982e+04,3.271631e+04,3.290771e+04,-1.261644e+02,6.024034e+01,8.044794e+00
Si III 1206,3.906420e-06,-1.605184e-04,-1.566126e-04,1206.311047,-0.188953,8.240081e+00,3.923900e+12,4.650908e-06,5.594097e-01,-4.816357e+01,2.200110e+06,9.919244e-28,4.556982e-13,1.118846e+00,9.313226e-01,2.181982e+04,3.271631e+04,3.290674e+04,-1.414977e+02,6.702083e+01,-1.696609e+01
Si III 1206,3.533209e-06,-1.164840e-04,-1.129512e-04,1206.363724,-0.136276,6.798742e-02,3.567522e+10,4.304247e-06,5.594097e-01,-3.496795e+01,1.884357e+06,1.056659e-27,4.165684e-13,1.098897e-02,9.313226e-01,2.181982e+04,3.271729e+04,3.290674e+04,-1.565875e+02,5.982836e+01,-5.909653e+00
Si III 1206,3.529543e-06,-1.535226e-04,-1.499936e-04,1206.319033,-0.180967,3.163321e+00,1.508528e+12,4.510613e-06,5.594097e-01,-4.607099e+01,2.069379e+06,1.073929e-27,4.650709e-13,5.649174e-01,1.164153e-01,2.181958e+04,3.271704e+04,3.290601e+04,-1.573660e+02,4.644718e+01,-2.654229e+01
Si III 1206,3.341104e-06,-1.566184e-04,-1.532778e-04,1206.315070,-0.184930,1.685670e+00,8.040679e+11,4.585672e-06,5.594097e-01,-4.699795e+01,2.138823e+06,1.084638e-27,4.857768e-13,3.950166e-01,1.164153e-01,2.181958e+04,3.271704e+04,3.290552e+04,-1.563297e+02,3.825669e+01,-3.237849e+01
Si III 1206,3.209339e-06,-1.294866e-04,-1.262777e-04,1206.347646,-0.152354,5.792291e-01,2.761862e+11,4.477914e-06,5.594097e-01,-3.886582e+01,2.039485e+06,1.122412e-27,4.798091e-13,1.699008e-01,1.164153e-01,2.181958e+04,3.271753e+04,3.290552e+04,-1.621671e+02,3.127998e+01,-2.703916e+01
Si III 1206,3.152666e-06,-1.279842e-04,-1.248320e-04,1206.349390,-0.150610,1.188278e+00,5.666479e+11,4.507215e-06,5.594097e-01,-3.841161e+01,2.066263e+06,1.100658e-27,4.768304e-13,5.649174e-01,1.164153e-01,2.181958e+04,3.271753e+04,3.290503e+04,-1.556563e+02,2.140645e+01,-3.224745e+01
Si III 1206,2.964227e-06,-1.255075e-04,-1.225436e-04,1206.352151,-0.147849,2.415353e-01,1.151806e+11,4.513116e-06,5.594097e-01,-3.766362e+01,2.071677e+06,1.063594e-27,4.620618e-13,2.361048e-01,1.164153e-01,2.181958e+04,3.271753e+04,3.290454e+04,-1.447928e+02,1.369143e+01,-3.585264e+01
Si III 1206,2.885470e-06,-1.034221e-04,-1.005369e-04,1206.378702,-0.121298,3.737222e-01,1.781504e+11,4.393503e-06,5.594097e-01,-3.104773e+01,1.963319e+06,1.234078e-27,5.082679e-13,3.288126e-01,1.164153e-01,2.181958e+04,3.271802e+04,3.290454e+04,-1.563936e+02,7.726641e+00,-3.168845e+01
Si III 1206,2.775788e-06,-1.015193e-04,-9.874384e-05,1206.380866,-0.119134,3.573216e-01,1.703628e+11,4.457480e-06,5.594097e-01,-3.047127e+01,2.020913e+06,1.175017e-27,4.978804e-13,5.649174e-01,1.164153e-01,2.181958e+04,3.271802e+04,3.290405e+04,-1.441587e+02,3.711982e+00,-3.333678e+01
Si III 1206,2.587350e-06,-1.065936e-04,-1.040065e-04,1206.374516,-0.125484,1.341322e-03,7.970240e+09,4.500357e-06,5.594097e-01,-3.198627e+01,2.059980e+06,1.109214e-27,4.787829e-13,7.719294e-02,1.164153e-01,2.181958e+04,3.271802e+04,3.290356e+04,-1.301001e+02,3.621242e+00,-3.511868e+01
Si III 1206,2.561600e-06,-8.244853e-05,-7.988714e-05,1206.403616,-0.096384,8.070005e-01,3.845275e+11,4.210582e-06,5.594097e-01,-2.475155e+01,1.803238e+06,1.386828e-27,5.239832e-13,4.877245e-01,1.164153e-01,2.181958e+04,3.271851e+04,3.290356e+04,-1.400048e+02,-3.423723e-01,-2.907131e+01
Si III 1206,2.398911e-06,-9.347813e-05,-9.107944e-05,1206.390113,-0.109887,6.203365e-01,2.955939e+11,4.217975e-06,5.594097e-01,-2.805307e+01,1.809577e+06,1.257981e-27,4.766624e-13,4.831985e-01,1.164153e-01,2.181958e+04,3.271851e+04,3.290308e+04,-1.280960e+02,1.884822e+00,-3.157510e+01
Si III 1206,2.237731e-06,-6.203652e-05,-5.979893e-05,1206.427853,-0.072147,4.395422e-01,2.093457e+11,3.843665e-06,5.594097e-01,-1.863381e+01,1.502657e+06,1.889545e-27,5.943810e-13,8.171890e-02,1.164153e-01,2.181958e+04,3.271899e+04,3.290308e+04,-1.442801e+02,-4.208772e+00,-2.425020e+01
Si III 1206,2.210472e-06,-7.763296e-05,-7.542266e-05,1206.409003,-0.090997,4.791900e+00,2.282222e+12,3.761644e-06,5.594097e-01,-2.331048e+01,1.439211e+06,2.495962e-27,7.517961e-13,5.649174e-01,1.164153e-01,2.181958e+04,3.271899e+04,3.290259e+04,-1.460139e+02,1.787163e+00,-2.617515e+01
Si III 1206,2.022034e-06,-9.715180e-05,-9.512996e-05,1206.385226,-0.114774,3.582622e+00,1.706551e+12,3.961606e-06,5.594097e-01,-2.918147e+01,1.596289e+06,4.223579e-27,1.412129e-12,3.242867e-01,1.164153e-01,2.181958e+04,3.271899e+04,3.290210e+04,-1.806376e+02,4.619947e+00,-3.137770e+01
Si III 1206,1.913862e-06,-5.882218e-05,-5.690844e-05,1206.431340,-0.068660,4.765474e+00,2.269420e+12,3.545684e-06,5.594097e-01,-1.772208e+01,1.278701e+06,6.813644e-27,1.824755e-12,2.406307e-01,1.164153e-01,2.181958e+04,3.271948e+04,3.290210e+04,-2.283424e+02,1.327019e+00,-2.011603e+01
Si III 1206,1.833595e-06,-7.649261e-05,-7.465916e-05,1206.409924,-0.090076,1.095014e+01,5.215270e+12,3.790502e-06,5.594097e-01,-2.306294e+01,1.461377e+06,1.022845e-26,3.133971e-12,5.649174e-01,1.164153e-01,2.181958e+04,3.271948e+04,3.290161e+04,-2.793165e+02,1.189985e+01,-2.022934e+01
Si III 1206,1.645156e-06,-8.754796e-05,-8.590295e-05,1206.396358,-0.103642,3.192333e+00,1.520695e+12,4.007414e-06,5.594097e-01,-2.641499e+01,1.633418e+06,1.381668e-26,4.735919e-12,1.653748e-01,1.164153e-01,2.181958e+04,3.271948e+04,3.290112e+04,-3.168218e+02,2.230300e+01,-1.811774e+01
Si III 1206,1.589992e-06,-4.456893e-05,-4.297901e-05,1206.448146,-0.051854,9.319250e+00,4.438377e+12,3.794096e-06,5.594097e-01,-1.356990e+01,1.464150e+06,1.673404e-26,5.143888e-12,3.995426e-01,1.164153e-01,2.181958e+04,3.271997e+04,3.290112e+04,-3.529220e+02,2.080251e+01,-4.190440e+00
Si III 1206,1.456718e-06,-5.789884e-05,-5.644220e-05,1206.431902,-0.068098,2.038666e+01,9.707080e+12,3.977956e-06,5.594097e-01,-1.761688e+01,1.609492e+06,2.205672e-26,7.455388e-12,5.649174e-01,1.164153e-01,2.181958e+04,3.271997e+04,3.290063e+04,-3.925469e+02,3.678037e+01,3.571616e-01
Si III 1206,1.268279e-06,-5.281540e-05,-5.154719e-05,1206.437808,-0.062192,2.793644e-01,1.330707e+11,3.988513e-06,5.594097e-01,-1.602553e+01,1.618047e+06,1.760984e-26,5.986699e-12,6.463006e-03,1.164153e-01,2.181958e+04,3.271997e+04,3.290015e+04,-3.376460e+02,3.230467e+01,-3.133898e-01
Si III 1206,1.266123e-06,-4.560161e-05,-4.433555e-05,1206.446509,-0.053491,2.212421e+01,1.053429e+13,3.962693e-06,5.594097e-01,-1.383287e+01,1.597165e+06,1.554767e-26,5.218162e-12,5.584544e-01,1.164153e-01,2.181958e+04,3.272046e+04,3.290015e+04,-3.099045e+02,3.165640e+01,1.892945e+00
Si III 1206,1.079840e-06,-5.589041e-05,-5.481063e-05,1206.433871,-0.066129,1.340149e+01,6.381091e+12,4.069834e-06,5.594097e-01,-1.683497e+01,1.684699e+06,7.076302e-27,2.503513e-12,4.124686e-01,1.164153e-01,2.181958e+04,3.272046e+04,3.289966e+04,-2.166447e+02,2.605340e+01,-4.683297e+00
Si III 1206,9.422537e-07,-3.292839e-05,-3.198617e-05,1206.461409,-0.038591,2.128456e+00,1.013876e+12,4.024802e-06,5.594097e-01,-9.923367e+00,1.647623e+06,3.876531e-27,1.341835e-12,1.524488e-01,1.164153e-01,2.181958e+04,3.272095e+04,3.289966e+04,-1.749149e+02,1.984374e+01,-2.296350e-01
Si III 1206,8.914015e-07,-5.944944e-05,-5.855809e-05,1206.429350,-0.070650,5.011983e+00,2.388268e+12,4.242855e-06,5.594097e-01,-1.786150e+01,1.830987e+06,1.991698e-27,7.657521e-13,5.649174e-01,1.164153e-01,2.181958e+04,3.272095e+04,3.289917e+04,-1.509437e+02,2.346981e+01,-7.263519e+00
Si III 1206,7.029629e-07,-8.397378e-05,-8.327088e-05,1206.399534,-0.100466,1.893319e+00,9.025187e+11,4.393390e-06,5.594097e-01,-2.521262e+01,1.963217e+06,1.827245e-27,7.527670e-13,2.535567e-01,1.164153e-01,2.181958e+04,3.272095e+04,3.289868e+04,-1.478994e+02,2.540602e+01,-1.463672e+01
Si III 1206,6.183843e-07,-7.033299e-05,-6.971465e-05,1206.415889,-0.084111,4.138150e-01,1.972063e+11,4.288960e-06,5.594097e-01,-2.111728e+01,1.870996e+06,1.303316e-27,5.119420e-13,3.113607e-01,1.164153e-01,2.181958e+04,3.272144e+04,3.289868e+04,-1.358226e+02,2.500001e+01,-1.011451e+01
Si III 1206,5.145242e-07,-9.032057e-05,-8.980609e-05,1206.391649,-0.108351,7.480281e-01,3.566102e+11,4.430276e-06,5.594097e-01,-2.710962e+01,1.996322e+06,1.288046e-27,5.396595e-13,5.649174e-01,1.164153e-01,2.181958e+04,3.272144e+04,3.289819e+04,-1.354161e+02,2.668368e+01,-1.606705e+01
Si III 1206,3.260855e-07,-9.406439e-05,-9.373834e-05,1206.386905,-0.113095,6.565133e-02,3.497941e+10,4.482925e-06,5.594097e-01,-2.823116e+01,2.044052e+06,1.233149e-27,5.288906e-13,9.464491e-02,1.164153e-01,2.181958e+04,3.272144e+04,3.289771e+04,-1.334962e+02,2.583336e+01,-1.785613e+01
Si III 1206,2.945150e-07,-8.378242e-05,-8.348793e-05,1206.399272,-0.100728,5.177856e-02,2.737084e+10,4.387928e-06,5.594097e-01,-2.514438e+01,1.958340e+06,1.068816e-27,4.392516e-13,4.702725e-01,1.164153e-01,2.181958e+04,3.272192e+04,3.289771e+04,-1.241742e+02,2.348861e+01,-1.563343e+01
Si III 1206,1.376469e-07,-7.646151e-05,-7.632387e-05,1206.407915,-0.092085,5.636949e-04,3.267227e+09,4.387486e-06,5.594097e-01,-2.294876e+01,1.957945e+06,1.050875e-27,4.316253e-13,4.138231e-01,1.164153e-01,2.181958e+04,3.272192e+04,3.289722e+04,-1.225077e+02,2.227624e+01,-1.379580e+01
