Line	 z_cosmo	 z_doppler	 z_effective	 wavelength [A]	delta wavelength [A]	 optical depth	column density [cm^-2]	 thermal broadening [km/s]	equivalent width [A]	 velocity_los [km/s]	temperature [K]	 density [g/cm^3]	 pressure [dyne/cm^2]	dl [kpccm/h]	 cell_volume [kpccm/h^3]	 x [kpccm/h]	y [kpccm/h]	 z [kpccm/h]	 v_x [km/s]	 v_y [km/s]	v_z [km/s]	 
Line,z_cosmo,z_dopp,z_eff,lambda,delta_lamdba,tau,N,thermal_b,EW,v_los,T,rho,p,dl,cell_volume,x,y,z,vx,vy,vz
C II 1335,2.858931e-05,1.358607e-04,1.644539e-04,1334.751469,0.219469,7.954953e-06,6.147636e+08,5.127690e-06,5.094917e-03,4.072406e+01,1.143665e+06,3.665569e-29,8.683263e-15,2.582391e+00,5.960464e+01,2.174805e+04,3.275195e+04,3.286133e+04,-1.178887e+01,2.623564e+01,-5.230485e+01
C II 1335,2.772790e-05,8.116836e-05,1.088985e-04,1334.677329,0.145329,1.799821e-05,1.391940e+09,5.132639e-06,5.094917e-03,2.432896e+01,1.145873e+06,5.353984e-29,1.278766e-14,1.076789e-01,5.960464e+01,2.175195e+04,3.275195e+04,3.286133e+04,2.021274e+00,1.434112e+01,-5.107556e+01
C II 1335,2.769198e-05,1.087687e-04,1.364636e-04,1334.714115,0.182115,1.402982e-03,1.308579e+11,6.192672e-06,5.094917e-03,3.260308e+01,1.668059e+06,5.706084e-29,1.975761e-14,4.555105e+00,5.960464e+01,2.175195e+04,3.275195e+04,3.286523e+04,-5.420303e+00,2.147217e+01,-4.971837e+01
C II 1335,2.617252e-05,7.234455e-05,9.851897e-05,1334.663477,0.131477,7.848648e-04,7.305030e+10,6.179333e-06,5.094917e-03,2.168521e+01,1.660880e+06,6.328752e-29,2.191589e-14,1.799349e+00,5.960464e+01,2.175586e+04,3.275195e+04,3.286523e+04,-2.950364e-01,1.229874e+01,-4.164577e+01
C II 1335,2.557231e-05,1.586395e-04,1.842159e-04,1334.777842,0.245842,5.475331e-04,5.562535e+10,6.744889e-06,5.094917e-03,4.755442e+01,1.978813e+06,4.798903e-29,1.977272e-14,2.863436e+00,5.960464e+01,2.175586e+04,3.274805e+04,3.286523e+04,-3.036118e+01,1.823291e+01,-3.802182e+01
C II 1335,2.461714e-05,1.765781e-04,2.011996e-04,1334.800507,0.268507,3.037758e-05,2.731855e+09,5.967839e-06,5.094917e-03,5.293139e+01,1.549135e+06,4.889258e-29,1.584021e-14,3.705013e-01,5.960464e+01,2.175977e+04,3.274805e+04,3.286523e+04,-3.653285e+01,1.589381e+01,-4.061674e+01
C II 1335,2.449355e-05,1.896677e-04,2.141659e-04,1334.817811,0.285811,1.930063e-03,1.723878e+11,5.928818e-06,5.094917e-03,5.685514e+01,1.528943e+06,7.286542e-29,2.329166e-14,4.292283e+00,5.960464e+01,2.175977e+04,3.274805e+04,3.286914e+04,-4.317061e+01,1.517270e+01,-3.724198e+01
C II 1335,2.306176e-05,2.028705e-04,2.259369e-04,1334.833520,0.301520,3.818942e-04,3.235071e+10,5.623416e-06,5.094917e-03,6.081165e+01,1.375484e+06,7.112372e-29,2.056430e-14,3.217063e+00,5.960464e+01,2.176367e+04,3.274805e+04,3.286914e+04,-4.614739e+01,8.015703e+00,-4.722004e+01
C II 1335,2.198864e-05,2.328615e-04,2.548553e-04,1334.872112,0.340112,1.173065e-04,9.405212e+09,5.320945e-06,5.094917e-03,6.980181e+01,1.231495e+06,7.737252e-29,2.004037e-14,1.445721e+00,5.960464e+01,2.176367e+04,3.274414e+04,3.286914e+04,-5.883939e+01,1.725620e+01,-3.494099e+01
C II 1335,2.150638e-05,1.949234e-04,2.164340e-04,1334.820838,0.288838,1.834715e-05,1.452006e+09,5.250637e-06,5.094917e-03,5.843078e+01,1.199165e+06,7.353328e-29,1.853513e-14,6.333237e-01,5.960464e+01,2.176758e+04,3.274414e+04,3.286914e+04,-4.883137e+01,1.561238e+01,-2.907659e+01
C II 1335,2.129513e-05,1.681061e-04,1.894048e-04,1334.784767,0.252767,5.634116e-02,3.369515e+11,4.863510e-06,5.094917e-03,5.039101e+01,1.028856e+06,9.063395e-29,1.961643e-14,4.029461e+00,5.960464e+01,2.176758e+04,3.274414e+04,3.287305e+04,-3.950417e+01,-2.468130e+00,-4.465896e+01
C II 1335,1.995101e-05,1.383004e-04,1.582542e-04,1334.743195,0.211195,1.413734e-03,9.941465e+10,4.666345e-06,5.094917e-03,4.145623e+01,9.471281e+05,8.318547e-29,1.656597e-14,4.634778e+00,5.960464e+01,2.177148e+04,3.274414e+04,3.287305e+04,-2.732466e+01,-3.364504e+00,-4.857296e+01
C II 1335,1.840497e-05,1.616678e-04,1.800758e-04,1334.772317,0.240317,2.035928e-06,1.547516e+08,5.044073e-06,5.094917e-03,4.845859e+01,1.106669e+06,9.266370e-29,2.153860e-14,2.800653e-02,5.960464e+01,2.177148e+04,3.274023e+04,3.287305e+04,-3.638942e+01,-1.551003e+01,-5.796057e+01
C II 1335,1.839563e-05,1.971612e-04,2.155605e-04,1334.819672,0.287672,1.422888e-05,1.201237e+09,5.601279e-06,5.094917e-03,5.909993e+01,1.364676e+06,8.868990e-29,2.540818e-14,8.961461e-01,5.960464e+01,2.177539e+04,3.274023e+04,3.287305e+04,-5.223822e+01,-4.768254e+00,-4.190312e+01
C II 1335,1.809670e-05,1.756082e-04,1.937080e-04,1334.790510,0.258510,5.136110e-05,4.430408e+09,5.723753e-06,5.094917e-03,5.263863e+01,1.425006e+06,8.129544e-29,2.435844e-14,3.766638e+00,5.960464e+01,2.177539e+04,3.274023e+04,3.287695e+04,-4.751793e+01,-1.428056e+01,-4.423941e+01
C II 1335,1.684025e-05,1.348090e-04,1.516515e-04,1334.734384,0.202384,0.000000e+00,0.000000e+00,5.700691e-06,5.094917e-03,4.041104e+01,1.413546e+06,9.384822e-29,2.787477e-14,4.662784e+00,5.960464e+01,2.177930e+04,3.274023e+04,3.287695e+04,-3.601409e+01,-5.097485e+00,-2.968544e+01
C II 1335,1.528487e-05,1.050340e-04,1.203204e-04,1334.692571,0.160571,0.000000e+00,0.000000e+00,5.497820e-06,5.094917e-03,3.148620e+01,1.314729e+06,8.732547e-29,2.405833e-14,1.158969e+00,5.960464e+01,2.178320e+04,3.274023e+04,3.287695e+04,-2.375627e+01,1.209457e+00,-2.735587e+01
C II 1335,1.489827e-05,8.883025e-05,1.037298e-04,1334.670431,0.138431,0.000000e+00,0.000000e+00,5.432930e-06,5.094917e-03,2.662780e+01,1.283877e+06,9.985869e-29,2.692804e-14,2.307394e-01,5.960464e+01,2.178320e+04,3.274023e+04,3.288086e+04,-1.634325e+01,-6.296098e+00,-3.737291e+01
C II 1335,1.482130e-05,1.068030e-04,1.216259e-04,1334.694314,0.162314,0.000000e+00,0.000000e+00,5.658551e-06,5.094917e-03,3.201262e+01,1.392726e+06,9.498524e-29,2.777314e-14,3.273076e+00,5.960464e+01,2.178320e+04,3.273633e+04,3.288086e+04,-1.891754e+01,-1.702798e+01,-5.487519e+01
C II 1335,1.372949e-05,1.010503e-04,1.147812e-04,1334.685179,0.153179,0.000000e+00,0.000000e+00,5.345926e-06,5.094917e-03,3.028848e+01,1.243086e+06,1.262102e-28,3.297196e-14,4.662784e+00,5.960464e+01,2.178711e+04,3.273633e+04,3.288086e+04,-1.675147e+01,-1.530368e+01,-5.355835e+01
C II 1335,1.217411e-05,1.317792e-04,1.439550e-04,1334.724112,0.192112,0.000000e+00,0.000000e+00,5.469411e-06,5.094917e-03,3.949824e+01,1.301177e+06,1.755610e-28,4.805466e-14,1.421791e+00,7.450581e+00,2.179004e+04,3.273535e+04,3.288184e+04,-2.208154e+01,-1.481124e+01,-6.476483e+01
C II 1335,1.169984e-05,1.308973e-04,1.425987e-04,1334.722303,0.190303,0.000000e+00,0.000000e+00,5.237203e-06,5.094917e-03,3.923444e+01,1.193037e+06,1.600125e-28,4.015811e-14,9.096012e-01,7.450581e+00,2.179004e+04,3.273535e+04,3.288379e+04,-2.681635e+01,-1.962388e+01,-5.867608e+01
C II 1335,1.139643e-05,1.062647e-04,1.176623e-04,1334.689024,0.157024,0.000000e+00,0.000000e+00,5.283800e-06,5.094917e-03,3.185135e+01,1.214361e+06,1.662981e-28,4.248594e-14,4.760303e-01,7.450581e+00,2.179199e+04,3.273535e+04,3.288379e+04,-2.574144e+01,-2.530370e+01,-4.783297e+01
C II 1335,1.123764e-05,1.265395e-04,1.377786e-04,1334.715870,0.183870,0.000000e+00,0.000000e+00,5.388802e-06,5.094917e-03,3.792836e+01,1.263105e+06,1.516182e-28,4.029924e-14,1.855362e+00,7.450581e+00,2.179199e+04,3.273340e+04,3.288379e+04,-3.065534e+01,-2.518033e+01,-5.253488e+01
C II 1335,1.061874e-05,1.307996e-04,1.414197e-04,1334.720729,0.188729,7.587291e-07,6.325914e+07,5.532157e-06,5.094917e-03,3.920492e+01,1.331202e+06,1.624448e-28,4.550286e-14,1.553202e+00,7.450581e+00,2.179395e+04,3.273340e+04,3.288379e+04,-3.857431e+01,-3.267123e+01,-4.606970e+01
C II 1335,1.010063e-05,9.490336e-05,1.050050e-04,1334.672132,0.140132,3.432137e-06,2.759803e+08,5.336540e-06,5.094917e-03,2.844251e+01,1.238724e+06,1.638728e-28,4.271589e-14,7.781900e-01,7.450581e+00,2.179395e+04,3.273340e+04,3.288574e+04,-3.317062e+01,-4.741062e+01,-4.391887e+01
C II 1335,9.841048e-06,9.833475e-05,1.081768e-04,1334.676365,0.144365,2.303364e-05,1.909410e+09,5.502820e-06,5.094917e-03,2.946898e+01,1.317121e+06,1.838536e-28,5.096071e-14,1.184888e+00,7.450581e+00,2.179590e+04,3.273340e+04,3.288574e+04,-3.915049e+01,-5.707623e+01,-4.276824e+01
C II 1335,9.445801e-06,1.106077e-04,1.200546e-04,1334.692217,0.160217,1.599176e-04,1.409383e+10,5.850028e-06,5.094917e-03,3.314407e+01,1.488576e+06,2.046443e-28,6.411042e-14,1.146505e+00,7.450581e+00,2.179590e+04,3.273145e+04,3.288574e+04,-4.470398e+01,-6.816752e+01,-5.026821e+01
C II 1335,9.063358e-06,1.239745e-04,1.330390e-04,1334.709545,0.177545,1.919473e-05,1.647591e+09,5.695451e-06,5.094917e-03,3.715090e+01,1.410949e+06,2.139861e-28,6.354003e-14,1.684613e+00,7.450581e+00,2.179785e+04,3.273145e+04,3.288574e+04,-4.858609e+01,-6.685073e+01,-5.094521e+01
C II 1335,8.501417e-06,7.634125e-05,8.484331e-05,1334.645226,0.113226,1.628546e-07,1.352634e+07,5.513811e-06,5.094917e-03,2.287218e+01,1.322388e+06,2.306191e-28,6.418359e-14,6.467788e-01,7.450581e+00,2.179785e+04,3.273145e+04,3.288770e+04,-3.649426e+01,-7.214637e+01,-4.548785e+01
C II 1335,8.285669e-06,1.135784e-04,1.218650e-04,1334.694633,0.162633,2.618119e-05,2.020955e+09,5.123753e-06,5.094917e-03,3.403830e+01,1.141909e+06,2.242710e-28,5.389959e-14,1.893745e+00,7.450581e+00,2.179980e+04,3.273145e+04,3.288770e+04,-4.118169e+01,-5.481805e+01,-4.779190e+01
C II 1335,7.653967e-06,1.352373e-04,1.428923e-04,1334.722694,0.190694,0.000000e+00,0.000000e+00,5.446400e-06,5.094917e-03,4.052740e+01,1.290251e+06,2.612591e-28,7.092281e-14,4.376474e-01,7.450581e+00,2.179980e+04,3.272949e+04,3.288770e+04,-4.428264e+01,-6.007814e+01,-6.203818e+01
C II 1335,7.507980e-06,1.860416e-04,1.935509e-04,1334.790300,0.258300,0.000000e+00,0.000000e+00,5.629780e-06,5.094917e-03,5.575754e+01,1.378599e+06,2.438748e-28,7.072587e-14,1.816025e+00,7.450581e+00,2.180176e+04,3.272949e+04,3.288770e+04,-5.263909e+01,-4.620058e+01,-6.985285e+01
C II 1335,6.902204e-06,1.417246e-04,1.486278e-04,1334.730349,0.198349,0.000000e+00,0.000000e+00,5.513270e-06,5.094917e-03,4.247392e+01,1.322129e+06,2.804933e-28,7.802011e-14,5.153676e-01,7.450581e+00,2.180176e+04,3.272949e+04,3.288965e+04,-4.855577e+01,-5.585654e+01,-5.426127e+01
C II 1335,6.730291e-06,1.982767e-04,2.050084e-04,1334.805590,0.273590,5.208935e-08,4.646948e+06,5.922834e-06,5.094917e-03,5.942592e+01,1.525858e+06,2.628032e-28,8.437426e-14,2.331392e+00,7.450581e+00,2.180371e+04,3.272949e+04,3.288965e+04,-6.129088e+01,-4.592229e+01,-6.081774e+01
C II 1335,5.952602e-06,2.424936e-04,2.484476e-04,1334.863561,0.331561,5.810181e-07,5.529785e+07,6.318984e-06,5.094917e-03,7.267678e+01,1.736799e+06,2.794566e-28,1.021236e-13,2.712099e-01,7.450581e+00,2.180566e+04,3.272949e+04,3.288965e+04,-7.727409e+01,-4.992141e+01,-6.404555e+01
C II 1335,5.862134e-06,1.873069e-04,1.931701e-04,1334.789792,0.257792,5.847386e-06,5.548896e+08,6.297676e-06,5.094917e-03,5.613457e+01,1.725106e+06,2.692337e-28,9.765683e-14,1.676226e+00,7.450581e+00,2.180566e+04,3.272754e+04,3.288965e+04,-5.637200e+01,-5.468115e+01,-7.067099e+01
C II 1335,5.302990e-06,1.933111e-04,1.986151e-04,1334.797058,0.265058,3.276351e-04,3.019322e+10,6.117999e-06,5.094917e-03,5.792753e+01,1.628073e+06,3.303900e-28,1.130781e-13,3.839564e-01,7.450581e+00,2.180566e+04,3.272754e+04,3.289160e+04,-7.230106e+01,-7.837563e+01,-6.346343e+01
C II 1335,5.174913e-06,1.780260e-04,1.832019e-04,1334.776489,0.244489,7.053288e-04,6.599964e+10,6.212527e-06,5.094917e-03,5.334088e+01,1.678772e+06,3.619350e-28,1.277357e-13,2.331392e+00,7.450581e+00,2.180762e+04,3.272754e+04,3.289160e+04,-8.237666e+01,-9.507360e+01,-4.638875e+01
C II 1335,4.397224e-06,1.524261e-04,1.568240e-04,1334.741287,0.209287,2.035261e-04,1.864306e+10,6.079807e-06,5.094917e-03,4.567063e+01,1.607810e+06,3.351366e-28,1.131701e-13,9.800671e-01,9.313226e-01,2.180908e+04,3.272705e+04,3.289209e+04,-7.742665e+01,-9.054130e+01,-3.369507e+01
C II 1335,4.070300e-06,1.315068e-04,1.355776e-04,1334.712933,0.180933,2.454926e-06,2.248831e+08,6.081418e-06,5.094917e-03,3.940142e+01,1.608662e+06,3.375018e-28,1.140330e-13,1.856289e-01,9.313226e-01,2.180908e+04,3.272607e+04,3.289209e+04,-6.846874e+01,-8.951501e+01,-3.581130e+01
C II 1335,4.008379e-06,1.350260e-04,1.390349e-04,1334.717547,0.185547,2.724088e-04,2.534722e+10,6.177089e-06,5.094917e-03,4.046262e+01,1.659674e+06,3.044776e-28,1.059833e-13,9.131509e-01,9.313226e-01,2.181006e+04,3.272607e+04,3.289209e+04,-6.415292e+01,-7.189765e+01,-3.156754e+01
C II 1335,3.703777e-06,1.159176e-04,1.196218e-04,1334.691639,0.159639,7.540386e-06,7.082362e+08,6.234763e-06,5.094917e-03,3.473226e+01,1.690811e+06,3.184952e-28,1.129187e-13,2.525452e-01,9.313226e-01,2.181006e+04,3.272607e+04,3.289307e+04,-6.488742e+01,-8.104567e+01,-2.415583e+01
C II 1335,3.619535e-06,1.380914e-04,1.417114e-04,1334.721118,0.189118,7.642009e-04,7.524638e+10,6.536017e-06,5.094917e-03,4.138303e+01,1.858153e+06,3.143641e-28,1.222971e-13,1.165696e+00,9.313226e-01,2.181104e+04,3.272607e+04,3.289307e+04,-6.800641e+01,-6.616099e+01,-2.078262e+01
C II 1335,3.230690e-06,1.745072e-04,1.777385e-04,1334.769198,0.237198,2.679603e-04,2.811288e+10,6.964549e-06,5.094917e-03,5.230079e+01,2.109799e+06,3.316109e-28,1.463352e-13,1.687997e-01,9.313226e-01,2.181201e+04,3.272607e+04,3.289307e+04,-7.754652e+01,-5.299664e+01,-1.621453e+01
C II 1335,3.174383e-06,1.560656e-04,1.592405e-04,1334.744512,0.212512,2.007530e-01,1.054211e+12,7.068550e-06,5.094917e-03,4.677546e+01,2.173280e+06,3.775358e-28,1.716006e-13,8.100568e-01,9.313226e-01,2.181201e+04,3.272510e+04,3.289307e+04,-6.717280e+01,-4.723135e+01,-1.883854e+01
C II 1335,2.904170e-06,1.354663e-04,1.383709e-04,1334.716660,0.184660,1.095516e-03,1.145744e+11,6.944442e-06,5.094917e-03,4.059875e+01,2.097635e+06,3.838630e-28,1.684767e-13,1.868396e-01,9.313226e-01,2.181201e+04,3.272510e+04,3.289404e+04,-6.758667e+01,-5.590951e+01,-1.057122e+01
C II 1335,2.841845e-06,1.852575e-04,1.880999e-04,1334.783025,0.251025,1.193524e-01,6.298433e+11,7.189440e-06,5.094917e-03,5.552553e+01,2.248253e+06,3.997467e-28,1.880301e-13,1.165696e+00,9.313226e-01,2.181299e+04,3.272510e+04,3.289404e+04,-7.909658e+01,-4.006927e+01,-9.404893e+00
C II 1335,2.453001e-06,2.170589e-04,2.195125e-04,1334.824946,0.292946,1.083109e-03,1.172783e+11,7.190317e-06,5.094917e-03,6.505918e+01,2.248802e+06,4.004301e-28,1.884575e-13,5.232283e-01,9.313226e-01,2.181396e+04,3.272510e+04,3.289404e+04,-8.504890e+01,-2.728903e+01,-9.159916e+00
C II 1335,2.278466e-06,2.279496e-04,2.302286e-04,1334.839247,0.307247,1.229967e-01,6.480034e+11,7.148214e-06,5.094917e-03,6.832661e+01,2.222543e+06,4.605238e-28,2.143567e-13,5.213338e-01,9.313226e-01,2.181396e+04,3.272412e+04,3.289404e+04,-7.834716e+01,-1.182240e+01,-1.715749e+01
C II 1335,2.104563e-06,2.369767e-04,2.390818e-04,1334.851062,0.319062,3.280682e-04,3.471244e+10,7.024257e-06,5.094917e-03,7.102866e+01,2.146129e+06,4.745412e-28,2.134842e-13,1.211339e-01,9.313226e-01,2.181396e+04,3.272412e+04,3.289502e+04,-8.837923e+01,-3.011948e+01,-1.949056e+01
C II 1335,2.064156e-06,2.619351e-04,2.639998e-04,1334.884316,0.352316,3.339387e-04,3.506163e+10,6.971922e-06,5.094917e-03,7.851010e+01,2.114269e+06,4.812480e-28,2.133225e-13,1.165696e+00,9.313226e-01,2.181494e+04,3.272412e+04,3.289502e+04,-9.175342e+01,-2.384999e+01,-2.532062e+01
C II 1335,1.675312e-06,2.601767e-04,2.618524e-04,1334.881450,0.349450,0.000000e+00,0.000000e+00,6.913428e-06,5.094917e-03,7.798390e+01,2.078940e+06,5.085437e-28,2.216529e-13,8.776569e-01,9.313226e-01,2.181592e+04,3.272412e+04,3.289502e+04,-8.973875e+01,-1.982792e+01,-2.458221e+01
C II 1335,1.382549e-06,2.614362e-04,2.628191e-04,1334.882740,0.350740,9.708581e-07,1.008002e+08,6.893702e-06,5.094917e-03,7.836296e+01,2.067094e+06,5.725460e-28,2.481915e-13,2.326108e-01,9.313226e-01,2.181592e+04,3.272314e+04,3.289502e+04,-8.194796e+01,-1.327578e+01,-3.568558e+01
C II 1335,1.304956e-06,2.388819e-04,2.401872e-04,1334.852538,0.320538,3.211756e-14,3.191521e+00,6.597386e-06,5.094917e-03,7.159979e+01,1.893210e+06,5.836182e-28,2.318831e-13,5.542835e-02,9.313226e-01,2.181592e+04,3.272314e+04,3.289600e+04,-8.490059e+01,-3.205722e+01,-2.977527e+01
C II 1335,1.286467e-06,2.406948e-04,2.419816e-04,1334.854932,0.322932,0.000000e+00,0.000000e+00,6.661856e-06,5.094917e-03,7.214512e+01,1.930393e+06,5.733509e-28,2.320851e-13,5.828480e-01,1.164153e-01,2.181665e+04,3.272339e+04,3.289575e+04,-8.315791e+01,-2.142348e+01,-2.520682e+01
C II 1335,1.092045e-06,2.431160e-04,2.442083e-04,1334.857904,0.325904,0.000000e+00,0.000000e+00,6.746475e-06,5.094917e-03,7.287141e+01,1.979743e+06,5.991510e-28,2.486335e-13,4.720232e-01,1.164153e-01,2.181714e+04,3.272339e+04,3.289575e+04,-8.412085e+01,-1.617938e+01,-2.032906e+01
C II 1335,9.345907e-07,2.380301e-04,2.389649e-04,1334.850906,0.318906,0.000000e+00,0.000000e+00,6.606615e-06,5.094917e-03,7.134769e+01,1.898511e+06,6.371127e-28,2.535668e-13,8.824929e-02,1.164153e-01,2.181714e+04,3.272290e+04,3.289575e+04,-7.978997e+01,-1.447160e+01,-2.397057e+01
C II 1335,9.051531e-07,2.291331e-04,2.300385e-04,1334.838994,0.306994,0.000000e+00,0.000000e+00,6.489432e-06,5.094917e-03,6.868028e+01,1.831760e+06,6.649892e-28,2.554253e-13,2.257554e-02,1.164153e-01,2.181714e+04,3.272290e+04,3.289624e+04,-7.958952e+01,-2.003162e+01,-2.279760e+01
C II 1335,8.976225e-07,2.406626e-04,2.415604e-04,1334.854370,0.322370,0.000000e+00,0.000000e+00,6.591094e-06,5.094917e-03,7.213644e+01,1.889601e+06,6.939017e-28,2.748431e-13,5.828480e-01,1.164153e-01,2.181763e+04,3.272290e+04,3.289624e+04,-8.309704e+01,-1.353602e+01,-1.827111e+01
C II 1335,7.032002e-07,2.616344e-04,2.623377e-04,1334.882098,0.350098,0.000000e+00,0.000000e+00,6.740794e-06,5.094917e-03,7.842213e+01,1.976411e+06,7.373899e-28,3.053968e-13,5.828480e-01,1.164153e-01,2.181812e+04,3.272290e+04,3.289624e+04,-9.000937e+01,-6.555023e+00,-1.325532e+01
C II 1335,5.087780e-07,2.853282e-04,2.858371e-04,1334.913459,0.381459,0.000000e+00,0.000000e+00,6.837651e-06,5.094917e-03,8.552311e+01,2.033616e+06,7.829522e-28,3.335639e-13,1.027726e-02,1.164153e-01,2.181860e+04,3.272290e+04,3.289624e+04,-9.803025e+01,6.489060e-01,-7.762200e+00
C II 1335,5.053498e-07,2.790500e-04,2.795555e-04,1334.905076,0.373076,0.000000e+00,0.000000e+00,6.750786e-06,5.094917e-03,8.364176e+01,1.982274e+06,7.980181e-28,3.314919e-13,5.611222e-02,1.164153e-01,2.181860e+04,3.272290e+04,3.289673e+04,-9.509296e+01,-2.330225e+00,-1.184322e+01
C II 1335,4.866322e-07,2.984915e-04,2.989782e-04,1334.930996,0.398996,0.000000e+00,0.000000e+00,6.626018e-06,5.094917e-03,8.946878e+01,1.909679e+06,8.842769e-28,3.540620e-13,5.164586e-01,1.164153e-01,2.181860e+04,3.272241e+04,3.289673e+04,-9.886356e+01,9.332385e-01,-1.547999e+01
C II 1335,3.143557e-07,3.275425e-04,3.278570e-04,1334.969536,0.437536,0.000000e+00,0.000000e+00,6.695515e-06,5.094917e-03,9.817506e+01,1.949948e+06,9.245547e-28,3.779400e-13,5.828480e-01,1.164153e-01,2.181909e+04,3.272241e+04,3.289673e+04,-1.077788e+02,9.425559e+00,-1.093834e+01
C II 1335,1.199334e-07,3.524399e-04,3.525599e-04,1335.002502,0.470502,3.002675e-07,3.020989e+07,6.679791e-06,5.094917e-03,1.056361e+02,1.940800e+06,9.527076e-28,3.875254e-13,4.313006e-02,1.164153e-01,2.181958e+04,3.272241e+04,3.289673e+04,-1.151095e+02,1.793461e+01,-6.583446e+00
C II 1335,1.055464e-07,3.593985e-04,3.595041e-04,1335.011770,0.479770,1.432607e-04,1.445680e+10,6.699387e-06,5.094917e-03,1.077221e+02,1.952204e+06,9.587603e-28,3.924058e-13,2.004737e-01,1.164153e-01,2.181958e+04,3.272241e+04,3.289722e+04,-1.149359e+02,1.810710e+01,-1.190686e+01
C II 1335,3.867379e-08,3.881919e-04,3.882306e-04,1335.050106,0.518106,4.422948e-05,4.470983e+09,6.709230e-06,5.094917e-03,1.163508e+02,1.957945e+06,1.050875e-27,4.316253e-13,1.200934e-01,1.164153e-01,2.181958e+04,3.272192e+04,3.289722e+04,-1.225077e+02,2.227624e+01,-1.379580e+01
C IV 1548,2.858931e-05,1.358607e-04,1.644539e-04,1548.441605,0.254605,5.413912e-04,2.447875e+10,5.127690e-06,5.529141e-02,4.072406e+01,1.143665e+06,3.665569e-29,8.683263e-15,2.582391e+00,5.960464e+01,2.174805e+04,3.275195e+04,3.286133e+04,-1.178887e+01,2.623564e+01,-5.230485e+01
C IV 1548,2.772790e-05,8.116836e-05,1.088985e-04,1548.355595,0.168595,7.609533e-04,3.443023e+10,5.132639e-06,5.529141e-02,2.432896e+01,1.145873e+06,5.353984e-29,1.278766e-14,1.076789e-01,5.960464e+01,2.175195e+04,3.275195e+04,3.286133e+04,2.021274e+00,1.434112e+01,-5.107556e+01
C IV 1548,2.769198e-05,1.087687e-04,1.364636e-04,1548.398271,0.211271,1.114182e+00,2.764002e+12,6.192672e-06,5.529141e-02,3.260308e+01,1.668059e+06,5.706084e-29,1.975761e-14,4.555105e+00,5.960464e+01,2.175195e+04,3.275195e+04,3.286523e+04,-5.420303e+00,2.147217e+01,-4.971837e+01
C IV 1548,2.617252e-05,7.234455e-05,9.851897e-05,1548.339526,0.152526,5.853198e-01,1.452073e+12,6.179333e-06,5.529141e-02,2.168521e+01,1.660880e+06,6.328752e-29,2.191589e-14,1.799349e+00,5.960464e+01,2.175586e+04,3.275195e+04,3.286523e+04,-2.950364e-01,1.229874e+01,-4.164577e+01
C IV 1548,2.557231e-05,1.586395e-04,1.842159e-04,1548.472201,0.285201,2.466534e-01,6.121908e+11,6.744889e-06,5.529141e-02,4.755442e+01,1.978813e+06,4.798903e-29,1.977272e-14,2.863436e+00,5.960464e+01,2.175586e+04,3.274805e+04,3.286523e+04,-3.036118e+01,1.823291e+01,-3.802182e+01
C IV 1548,2.461714e-05,1.765781e-04,2.011996e-04,1548.498495,0.311495,1.355832e-03,7.133137e+10,5.967839e-06,5.529141e-02,5.293139e+01,1.549135e+06,4.889258e-29,1.584021e-14,3.705013e-01,5.960464e+01,2.175977e+04,3.274805e+04,3.286523e+04,-3.653285e+01,1.589381e+01,-4.061674e+01
C IV 1548,2.449355e-05,1.896677e-04,2.141659e-04,1548.518569,0.331569,1.081417e+00,2.682171e+12,5.928818e-06,5.529141e-02,5.685514e+01,1.528943e+06,7.286542e-29,2.329166e-14,4.292283e+00,5.960464e+01,2.175977e+04,3.274805e+04,3.286914e+04,-4.317061e+01,1.517270e+01,-3.724198e+01
C IV 1548,2.306176e-05,2.028705e-04,2.259369e-04,1548.536793,0.349793,4.059233e-01,1.006693e+12,5.623416e-06,5.529141e-02,6.081165e+01,1.375484e+06,7.112372e-29,2.056430e-14,3.217063e+00,5.960464e+01,2.176367e+04,3.274805e+04,3.286914e+04,-4.614739e+01,8.015703e+00,-4.722004e+01
C IV 1548,2.198864e-05,2.328615e-04,2.548553e-04,1548.581564,0.394564,1.322939e-01,3.395722e+11,5.320945e-06,5.529141e-02,6.980181e+01,1.231495e+06,7.737252e-29,2.004037e-14,1.445721e+00,5.960464e+01,2.176367e+04,3.274414e+04,3.286914e+04,-5.883939e+01,1.725620e+01,-3.494099e+01
C IV 1548,2.150638e-05,1.949234e-04,2.164340e-04,1548.522080,0.335080,1.273245e-03,5.894303e+10,5.250637e-06,5.529141e-02,5.843078e+01,1.199165e+06,7.353328e-29,1.853513e-14,6.333237e-01,5.960464e+01,2.176758e+04,3.274414e+04,3.286914e+04,-4.883137e+01,1.561238e+01,-2.907659e+01
C IV 1548,2.129513e-05,1.681061e-04,1.894048e-04,1548.480234,0.293234,1.345424e+00,3.336597e+12,4.863510e-06,5.529141e-02,5.039101e+01,1.028856e+06,9.063395e-29,1.961643e-14,4.029461e+00,5.960464e+01,2.176758e+04,3.274414e+04,3.287305e+04,-3.950417e+01,-2.468130e+00,-4.465896e+01
C IV 1548,1.995101e-05,1.383004e-04,1.582542e-04,1548.432007,0.245007,6.302891e-01,1.563137e+12,4.666345e-06,5.529141e-02,4.145623e+01,9.471281e+05,8.318547e-29,1.656597e-14,4.634778e+00,5.960464e+01,2.177148e+04,3.274414e+04,3.287305e+04,-2.732466e+01,-3.364504e+00,-4.857296e+01
C IV 1548,1.840497e-05,1.616678e-04,1.800758e-04,1548.465791,0.278791,7.669962e-05,3.410582e+09,5.044073e-06,5.529141e-02,4.845859e+01,1.106669e+06,9.266370e-29,2.153860e-14,2.800653e-02,5.960464e+01,2.177148e+04,3.274023e+04,3.287305e+04,-3.638942e+01,-1.551003e+01,-5.796057e+01
C IV 1548,1.839563e-05,1.971612e-04,2.155605e-04,1548.520728,0.333728,5.362998e-04,2.648774e+10,5.601279e-06,5.529141e-02,5.909993e+01,1.364676e+06,8.868990e-29,2.540818e-14,8.961461e-01,5.960464e+01,2.177539e+04,3.274023e+04,3.287305e+04,-5.223822e+01,-4.768254e+00,-4.190312e+01
C IV 1548,1.809670e-05,1.756082e-04,1.937080e-04,1548.486896,0.299896,1.929970e-03,9.737426e+10,5.723753e-06,5.529141e-02,5.263863e+01,1.425006e+06,8.129544e-29,2.435844e-14,3.766638e+00,5.960464e+01,2.177539e+04,3.274023e+04,3.287695e+04,-4.751793e+01,-1.428056e+01,-4.423941e+01
C IV 1548,1.684025e-05,1.348090e-04,1.516515e-04,1548.421785,0.234785,3.071647e-05,1.543724e+09,5.700691e-06,5.529141e-02,4.041104e+01,1.413546e+06,9.384822e-29,2.787477e-14,4.662784e+00,5.960464e+01,2.177930e+04,3.274023e+04,3.287695e+04,-3.601409e+01,-5.097485e+00,-2.968544e+01
C IV 1548,1.528487e-05,1.050340e-04,1.203204e-04,1548.373279,0.186279,9.989422e-06,4.841269e+08,5.497820e-06,5.529141e-02,3.148620e+01,1.314729e+06,8.732547e-29,2.405833e-14,1.158969e+00,5.960464e+01,2.178320e+04,3.274023e+04,3.287695e+04,-2.375627e+01,1.209457e+00,-2.735587e+01
C IV 1548,1.489827e-05,8.883025e-05,1.037298e-04,1548.347593,0.160593,1.832505e-06,8.777049e+07,5.432930e-06,5.529141e-02,2.662780e+01,1.283877e+06,9.985869e-29,2.692804e-14,2.307394e-01,5.960464e+01,2.178320e+04,3.274023e+04,3.288086e+04,-1.634325e+01,-6.296098e+00,-3.737291e+01
C IV 1548,1.482130e-05,1.068030e-04,1.216259e-04,1548.375300,0.188300,1.944781e-05,9.699851e+08,5.658551e-06,5.529141e-02,3.201262e+01,1.392726e+06,9.498524e-29,2.777314e-14,3.273076e+00,5.960464e+01,2.178320e+04,3.273633e+04,3.288086e+04,-1.891754e+01,-1.702798e+01,-5.487519e+01
C IV 1548,1.372949e-05,1.010503e-04,1.147812e-04,1548.364703,0.177703,4.295907e-06,2.024392e+08,5.345926e-06,5.529141e-02,3.028848e+01,1.243086e+06,1.262102e-28,3.297196e-14,4.662784e+00,5.960464e+01,2.178711e+04,3.273633e+04,3.288086e+04,-1.675147e+01,-1.530368e+01,-5.355835e+01
C IV 1548,1.217411e-05,1.317792e-04,1.439550e-04,1548.409869,0.222869,3.253127e-07,1.569134e+07,5.469411e-06,5.529141e-02,3.949824e+01,1.301177e+06,1.755610e-28,4.805466e-14,1.421791e+00,7.450581e+00,2.179004e+04,3.273535e+04,3.288184e+04,-2.208154e+01,-1.481124e+01,-6.476483e+01
C IV 1548,1.169984e-05,1.308973e-04,1.425987e-04,1548.407769,0.220769,3.936873e-07,1.817829e+07,5.237203e-06,5.529141e-02,3.923444e+01,1.193037e+06,1.600125e-28,4.015811e-14,9.096012e-01,7.450581e+00,2.179004e+04,3.273535e+04,3.288379e+04,-2.681635e+01,-1.962388e+01,-5.867608e+01
C IV 1548,1.139643e-05,1.062647e-04,1.176623e-04,1548.369163,0.182163,4.444759e-07,2.071019e+07,5.283800e-06,5.529141e-02,3.185135e+01,1.214361e+06,1.662981e-28,4.248594e-14,4.760303e-01,7.450581e+00,2.179199e+04,3.273535e+04,3.288379e+04,-2.574144e+01,-2.530370e+01,-4.783297e+01
C IV 1548,1.123764e-05,1.265395e-04,1.377786e-04,1548.400307,0.213307,6.921133e-07,3.289167e+07,5.388802e-06,5.529141e-02,3.792836e+01,1.263105e+06,1.516182e-28,4.029924e-14,1.855362e+00,7.450581e+00,2.179199e+04,3.273340e+04,3.288379e+04,-3.065534e+01,-2.518033e+01,-5.253488e+01
C IV 1548,1.061874e-05,1.307996e-04,1.414197e-04,1548.405944,0.218944,3.517487e-06,1.715275e+08,5.532157e-06,5.529141e-02,3.920492e+01,1.331202e+06,1.624448e-28,4.550286e-14,1.553202e+00,7.450581e+00,2.179395e+04,3.273340e+04,3.288379e+04,-3.857431e+01,-3.267123e+01,-4.606970e+01
C IV 1548,1.010063e-05,9.490336e-05,1.050050e-04,1548.349567,0.162567,1.006650e-05,4.737541e+08,5.336540e-06,5.529141e-02,2.844251e+01,1.238724e+06,1.638728e-28,4.271589e-14,7.781900e-01,7.450581e+00,2.179395e+04,3.273340e+04,3.288574e+04,-3.317062e+01,-4.741062e+01,-4.391887e+01
C IV 1548,9.841048e-06,9.833475e-05,1.081768e-04,1548.354478,0.167478,2.348122e-04,1.138963e+10,5.502820e-06,5.529141e-02,2.946898e+01,1.317121e+06,1.838536e-28,5.096071e-14,1.184888e+00,7.450581e+00,2.179590e+04,3.273340e+04,3.288574e+04,-3.915049e+01,-5.707623e+01,-4.276824e+01
C IV 1548,9.445801e-06,1.106077e-04,1.200546e-04,1548.372867,0.185867,5.481850e-04,2.826797e+10,5.850028e-06,5.529141e-02,3.314407e+01,1.488576e+06,2.046443e-28,6.411042e-14,1.146505e+00,7.450581e+00,2.179590e+04,3.273145e+04,3.288574e+04,-4.470398e+01,-6.816752e+01,-5.026821e+01
C IV 1548,9.063358e-06,1.239745e-04,1.330390e-04,1548.392969,0.205969,1.506190e-04,7.561840e+09,5.695451e-06,5.529141e-02,3.715090e+01,1.410949e+06,2.139861e-28,6.354003e-14,1.684613e+00,7.450581e+00,2.179785e+04,3.273145e+04,3.288574e+04,-4.858609e+01,-6.685073e+01,-5.094521e+01
C IV 1548,8.501417e-06,7.634125e-05,8.484331e-05,1548.318353,0.131353,2.990902e-06,1.453967e+08,5.513811e-06,5.529141e-02,2.287218e+01,1.322388e+06,2.306191e-28,6.418359e-14,6.467788e-01,7.450581e+00,2.179785e+04,3.273145e+04,3.288770e+04,-3.649426e+01,-7.214637e+01,-4.548785e+01
C IV 1548,8.285669e-06,1.135784e-04,1.218650e-04,1548.375670,0.188670,2.714027e-04,1.225873e+10,5.123753e-06,5.529141e-02,3.403830e+01,1.141909e+06,2.242710e-28,5.389959e-14,1.893745e+00,7.450581e+00,2.179980e+04,3.273145e+04,3.288770e+04,-4.118169e+01,-5.481805e+01,-4.779190e+01
C IV 1548,7.653967e-06,1.352373e-04,1.428923e-04,1548.408224,0.221224,1.938586e-06,9.308844e+07,5.446400e-06,5.529141e-02,4.052740e+01,1.290251e+06,2.612591e-28,7.092281e-14,4.376474e-01,7.450581e+00,2.179980e+04,3.272949e+04,3.288770e+04,-4.428264e+01,-6.007814e+01,-6.203818e+01
C IV 1548,7.507980e-06,1.860416e-04,1.935509e-04,1548.486653,0.299653,3.594176e-06,1.783630e+08,5.629780e-06,5.529141e-02,5.575754e+01,1.378599e+06,2.438748e-28,7.072587e-14,1.816025e+00,7.450581e+00,2.180176e+04,3.272949e+04,3.288770e+04,-5.263909e+01,-4.620058e+01,-6.985285e+01
C IV 1548,6.902204e-06,1.417246e-04,1.486278e-04,1548.417104,0.230104,4.235669e-06,2.058596e+08,5.513270e-06,5.529141e-02,4.247392e+01,1.322129e+06,2.804933e-28,7.802011e-14,5.153676e-01,7.450581e+00,2.180176e+04,3.272949e+04,3.288965e+04,-4.855577e+01,-5.585654e+01,-5.426127e+01
C IV 1548,6.730291e-06,1.982767e-04,2.050084e-04,1548.504391,0.317391,2.782904e-06,1.452777e+08,5.922834e-06,5.529141e-02,5.942592e+01,1.525858e+06,2.628032e-28,8.437426e-14,2.331392e+00,7.450581e+00,2.180371e+04,3.272949e+04,3.288965e+04,-6.129088e+01,-4.592229e+01,-6.081774e+01
C IV 1548,5.952602e-06,2.424936e-04,2.484476e-04,1548.571643,0.384643,3.081217e-07,1.716281e+07,6.318984e-06,5.529141e-02,7.267678e+01,1.736799e+06,2.794566e-28,1.021236e-13,2.712099e-01,7.450581e+00,2.180566e+04,3.272949e+04,3.288965e+04,-7.727409e+01,-4.992141e+01,-6.404555e+01
C IV 1548,5.862134e-06,1.873069e-04,1.931701e-04,1548.486063,0.299063,3.320390e-06,1.842982e+08,6.297676e-06,5.529141e-02,5.613457e+01,1.725106e+06,2.692337e-28,9.765683e-14,1.676226e+00,7.450581e+00,2.180566e+04,3.272754e+04,3.288965e+04,-5.637200e+01,-5.468115e+01,-7.067099e+01
C IV 1548,5.302990e-06,1.933111e-04,1.986151e-04,1548.494493,0.307493,1.499979e-04,8.088190e+09,6.117999e-06,5.529141e-02,5.792753e+01,1.628073e+06,3.303900e-28,1.130781e-13,3.839564e-01,7.450581e+00,2.180566e+04,3.272754e+04,3.289160e+04,-7.230106e+01,-7.837563e+01,-6.346343e+01
C IV 1548,5.174913e-06,1.780260e-04,1.832019e-04,1548.470631,0.283631,3.321755e-04,1.819360e+10,6.212527e-06,5.529141e-02,5.334088e+01,1.678772e+06,3.619350e-28,1.277357e-13,2.331392e+00,7.450581e+00,2.180762e+04,3.272754e+04,3.289160e+04,-8.237666e+01,-9.507360e+01,-4.638875e+01
C IV 1548,4.397224e-06,1.524261e-04,1.568240e-04,1548.429793,0.242793,3.178318e-04,1.703776e+10,6.079807e-06,5.529141e-02,4.567063e+01,1.607810e+06,3.351366e-28,1.131701e-13,9.800671e-01,9.313226e-01,2.180908e+04,3.272705e+04,3.289209e+04,-7.742665e+01,-9.054130e+01,-3.369507e+01
C IV 1548,4.070300e-06,1.315068e-04,1.355776e-04,1548.396900,0.209900,3.838582e-06,2.057593e+08,6.081418e-06,5.529141e-02,3.940142e+01,1.608662e+06,3.375018e-28,1.140330e-13,1.856289e-01,9.313226e-01,2.180908e+04,3.272607e+04,3.289209e+04,-6.846874e+01,-8.951501e+01,-3.581130e+01
C IV 1548,4.008379e-06,1.350260e-04,1.390349e-04,1548.402252,0.215252,4.924543e-04,2.681356e+10,6.177089e-06,5.529141e-02,4.046262e+01,1.659674e+06,3.044776e-28,1.059833e-13,9.131509e-01,9.313226e-01,2.181006e+04,3.272607e+04,3.289209e+04,-6.415292e+01,-7.189765e+01,-3.156754e+01
C IV 1548,3.703777e-06,1.159176e-04,1.196218e-04,1548.372197,0.185197,1.589132e-05,8.733376e+08,6.234763e-06,5.529141e-02,3.473226e+01,1.690811e+06,3.184952e-28,1.129187e-13,2.525452e-01,9.313226e-01,2.181006e+04,3.272607e+04,3.289307e+04,-6.488742e+01,-8.104567e+01,-2.415583e+01
C IV 1548,3.619535e-06,1.380914e-04,1.417114e-04,1548.406396,0.219396,8.299359e-04,4.780800e+10,6.536017e-06,5.529141e-02,4.138303e+01,1.858153e+06,3.143641e-28,1.222971e-13,1.165696e+00,9.313226e-01,2.181104e+04,3.272607e+04,3.289307e+04,-6.800641e+01,-6.616099e+01,-2.078262e+01
C IV 1548,3.230690e-06,1.745072e-04,1.777385e-04,1548.462172,0.275172,2.867843e-04,1.760365e+10,6.964549e-06,5.529141e-02,5.230079e+01,2.109799e+06,3.316109e-28,1.463352e-13,1.687997e-01,9.313226e-01,2.181201e+04,3.272607e+04,3.289307e+04,-7.754652e+01,-5.299664e+01,-1.621453e+01
C IV 1548,3.174383e-06,1.560656e-04,1.592405e-04,1548.433534,0.246534,1.119218e-01,3.119432e+11,7.068550e-06,5.529141e-02,4.677546e+01,2.173280e+06,3.775358e-28,1.716006e-13,8.100568e-01,9.313226e-01,2.181201e+04,3.272510e+04,3.289307e+04,-6.717280e+01,-4.723135e+01,-1.883854e+01
C IV 1548,2.904170e-06,1.354663e-04,1.383709e-04,1548.401224,0.214224,5.514824e-04,3.375667e+10,6.944442e-06,5.529141e-02,4.059875e+01,2.097635e+06,3.838630e-28,1.684767e-13,1.868396e-01,9.313226e-01,2.181201e+04,3.272510e+04,3.289404e+04,-6.758667e+01,-5.590951e+01,-1.057122e+01
C IV 1548,2.841845e-06,1.852575e-04,1.880999e-04,1548.478214,0.291214,6.602407e-02,1.852972e+11,7.189440e-06,5.529141e-02,5.552553e+01,2.248253e+06,3.997467e-28,1.880301e-13,1.165696e+00,9.313226e-01,2.181299e+04,3.272510e+04,3.289404e+04,-7.909658e+01,-4.006927e+01,-9.404893e+00
C IV 1548,2.453001e-06,2.170589e-04,2.195125e-04,1548.526846,0.339846,5.451024e-04,3.454173e+10,7.190317e-06,5.529141e-02,6.505918e+01,2.248802e+06,4.004301e-28,1.884575e-13,5.232283e-01,9.313226e-01,2.181396e+04,3.272510e+04,3.289404e+04,-8.504890e+01,-2.728903e+01,-9.159916e+00
C IV 1548,2.278466e-06,2.279496e-04,2.302286e-04,1548.543437,0.356437,6.787387e-02,1.900263e+11,7.148214e-06,5.529141e-02,6.832661e+01,2.222543e+06,4.605238e-28,2.143567e-13,5.213338e-01,9.313226e-01,2.181396e+04,3.272412e+04,3.289404e+04,-7.834716e+01,-1.182240e+01,-1.715749e+01
C IV 1548,2.104563e-06,2.369767e-04,2.390818e-04,1548.557143,0.370143,1.652482e-04,1.022986e+10,7.024257e-06,5.529141e-02,7.102866e+01,2.146129e+06,4.745412e-28,2.134842e-13,1.211339e-01,9.313226e-01,2.181396e+04,3.272412e+04,3.289502e+04,-8.837923e+01,-3.011948e+01,-1.949056e+01
C IV 1548,2.064156e-06,2.619351e-04,2.639998e-04,1548.595721,0.408721,1.729308e-04,1.062520e+10,6.971922e-06,5.529141e-02,7.851010e+01,2.114269e+06,4.812480e-28,2.133225e-13,1.165696e+00,9.313226e-01,2.181494e+04,3.272412e+04,3.289502e+04,-9.175342e+01,-2.384999e+01,-2.532062e+01
C IV 1548,1.675312e-06,2.601767e-04,2.618524e-04,1548.592396,0.405396,4.005596e-06,2.440680e+08,6.913428e-06,5.529141e-02,7.798390e+01,2.078940e+06,5.085437e-28,2.216529e-13,8.776569e-01,9.313226e-01,2.181592e+04,3.272412e+04,3.289502e+04,-8.973875e+01,-1.982792e+01,-2.458221e+01
C IV 1548,1.382549e-06,2.614362e-04,2.628191e-04,1548.593893,0.406893,2.412644e-06,1.465769e+08,6.893702e-06,5.529141e-02,7.836296e+01,2.067094e+06,5.725460e-28,2.481915e-13,2.326108e-01,9.313226e-01,2.181592e+04,3.272314e+04,3.289502e+04,-8.194796e+01,-1.327578e+01,-3.568558e+01
C IV 1548,1.304956e-06,2.388819e-04,2.401872e-04,1548.558855,0.371855,4.616400e-07,2.684694e+07,6.597386e-06,5.529141e-02,7.159979e+01,1.893210e+06,5.836182e-28,2.318831e-13,5.542835e-02,9.313226e-01,2.181592e+04,3.272314e+04,3.289600e+04,-8.490059e+01,-3.205722e+01,-2.977527e+01
C IV 1548,1.286467e-06,2.406948e-04,2.419816e-04,1548.561633,0.374633,3.987754e-06,2.341621e+08,6.661856e-06,5.529141e-02,7.214512e+01,1.930393e+06,5.733509e-28,2.320851e-13,5.828480e-01,1.164153e-01,2.181665e+04,3.272339e+04,3.289575e+04,-8.315791e+01,-2.142348e+01,-2.520682e+01
C IV 1548,1.092045e-06,2.431160e-04,2.442083e-04,1548.565080,0.378080,3.576566e-06,2.126489e+08,6.746475e-06,5.529141e-02,7.287141e+01,1.979743e+06,5.991510e-28,2.486335e-13,4.720232e-01,1.164153e-01,2.181714e+04,3.272339e+04,3.289575e+04,-8.412085e+01,-1.617938e+01,-2.032906e+01
C IV 1548,9.345907e-07,2.380301e-04,2.389649e-04,1548.556962,0.369962,1.253093e-06,7.296476e+07,6.606615e-06,5.529141e-02,7.134769e+01,1.898511e+06,6.371127e-28,2.535668e-13,8.824929e-02,1.164153e-01,2.181714e+04,3.272290e+04,3.289575e+04,-7.978997e+01,-1.447160e+01,-2.397057e+01
C IV 1548,9.051531e-07,2.291331e-04,2.300385e-04,1548.543143,0.356143,4.419715e-07,2.527878e+07,6.489432e-06,5.529141e-02,6.868028e+01,1.831760e+06,6.649892e-28,2.554253e-13,2.257554e-02,1.164153e-01,2.181714e+04,3.272290e+04,3.289624e+04,-7.958952e+01,-2.003162e+01,-2.279760e+01
C IV 1548,8.976225e-07,2.406626e-04,2.415604e-04,1548.560981,0.373981,1.182401e-05,6.869898e+08,6.591094e-06,5.529141e-02,7.213644e+01,1.889601e+06,6.939017e-28,2.748431e-13,5.828480e-01,1.164153e-01,2.181763e+04,3.272290e+04,3.289624e+04,-8.309704e+01,-1.353602e+01,-1.827111e+01
C IV 1548,7.032002e-07,2.616344e-04,2.623377e-04,1548.593148,0.406148,1.424275e-05,8.461462e+08,6.740794e-06,5.529141e-02,7.842213e+01,1.976411e+06,7.373899e-28,3.053968e-13,5.828480e-01,1.164153e-01,2.181812e+04,3.272290e+04,3.289624e+04,-9.000937e+01,-6.555023e+00,-1.325532e+01
C IV 1548,5.087780e-07,2.853282e-04,2.858371e-04,1548.629529,0.442529,3.671382e-07,2.212944e+07,6.837651e-06,5.529141e-02,8.552311e+01,2.033616e+06,7.829522e-28,3.335639e-13,1.027726e-02,1.164153e-01,2.181860e+04,3.272290e+04,3.289624e+04,-9.803025e+01,6.489060e-01,-7.762200e+00
C IV 1548,5.053498e-07,2.790500e-04,2.795555e-04,1548.619804,0.432804,1.723626e-06,1.025779e+08,6.750786e-06,5.529141e-02,8.364176e+01,1.982274e+06,7.980181e-28,3.314919e-13,5.611222e-02,1.164153e-01,2.181860e+04,3.272290e+04,3.289673e+04,-9.509296e+01,-2.330225e+00,-1.184322e+01
C IV 1548,4.866322e-07,2.984915e-04,2.989782e-04,1548.649874,0.462874,2.669254e-05,1.559246e+09,6.626018e-06,5.529141e-02,8.946878e+01,1.909679e+06,8.842769e-28,3.540620e-13,5.164586e-01,1.164153e-01,2.181860e+04,3.272241e+04,3.289673e+04,-9.886356e+01,9.332385e-01,-1.547999e+01
C IV 1548,3.143557e-07,3.275425e-04,3.278570e-04,1548.694584,0.507584,3.582338e-05,2.113849e+09,6.695515e-06,5.529141e-02,9.817506e+01,1.949948e+06,9.245547e-28,3.779400e-13,5.828480e-01,1.164153e-01,2.181909e+04,3.272241e+04,3.289673e+04,-1.077788e+02,9.425559e+00,-1.093834e+01
C IV 1548,1.199334e-07,3.524399e-04,3.525599e-04,1548.732829,0.545829,3.522922e-06,2.074042e+08,6.679791e-06,5.529141e-02,1.056361e+02,1.940800e+06,9.527076e-28,3.875254e-13,4.313006e-02,1.164153e-01,2.181958e+04,3.272241e+04,3.289673e+04,-1.151095e+02,1.793461e+01,-6.583446e+00
C IV 1548,1.055464e-07,3.593985e-04,3.595041e-04,1548.743580,0.556580,1.930661e-05,1.139923e+09,6.699387e-06,5.529141e-02,1.077221e+02,1.952204e+06,9.587603e-28,3.924058e-13,2.004737e-01,1.164153e-01,2.181958e+04,3.272241e+04,3.289722e+04,-1.149359e+02,1.810710e+01,-1.190686e+01
C IV 1548,3.867379e-08,3.881919e-04,3.882306e-04,1548.788054,0.601054,1.069267e-05,6.323191e+08,6.709230e-06,5.529141e-02,1.163508e+02,1.957945e+06,1.050875e-27,4.316253e-13,1.200934e-01,1.164153e-01,2.181958e+04,3.272192e+04,3.289722e+04,-1.225077e+02,2.227624e+01,-1.379580e+01
Ly a,2.858931e-05,1.358607e-04,1.644539e-04,1215.869922,0.199922,2.196353e+00,4.039539e+12,1.770062e-05,1.984060e+00,4.072406e+01,1.143665e+06,3.665569e-29,8.683263e-15,2.582391e+00,5.960464e+01,2.174805e+04,3.275195e+04,3.286133e+04,-1.178887e+01,2.623564e+01,-5.230485e+01
Ly a,2.772790e-05,8.116836e-05,1.088985e-04,1215.802385,0.132385,1.348946e+00,2.481149e+12,1.771771e-05,1.984060e+00,2.432896e+01,1.145873e+06,5.353984e-29,1.278766e-14,1.076789e-01,5.960464e+01,2.175195e+04,3.275195e+04,3.286133e+04,2.021274e+00,1.434112e+01,-5.107556e+01
Ly a,2.769198e-05,1.087687e-04,1.364636e-04,1215.835895,0.165895,8.886908e+01,1.632626e+14,2.137691e-05,1.984060e+00,3.260308e+01,1.668059e+06,5.706084e-29,1.975761e-14,4.555105e+00,5.960464e+01,2.175195e+04,3.275195e+04,3.286523e+04,-5.420303e+00,2.147217e+01,-4.971837e+01
Ly a,2.617252e-05,7.234455e-05,9.851897e-05,1215.789767,0.119767,3.970945e+01,7.295355e+13,2.133086e-05,1.984060e+00,2.168521e+01,1.660880e+06,6.328752e-29,2.191589e-14,1.799349e+00,5.960464e+01,2.175586e+04,3.275195e+04,3.286523e+04,-2.950364e-01,1.229874e+01,-4.164577e+01
Ly a,2.557231e-05,1.586395e-04,1.842159e-04,1215.893946,0.223946,1.440910e+01,2.646990e+13,2.328314e-05,1.984060e+00,4.755442e+01,1.978813e+06,4.798903e-29,1.977272e-14,2.863436e+00,5.960464e+01,2.175586e+04,3.274805e+04,3.286523e+04,-3.036118e+01,1.823291e+01,-3.802182e+01
Ly a,2.461714e-05,1.765781e-04,2.011996e-04,1215.914592,0.244592,8.291014e-01,1.531089e+12,2.060079e-05,1.984060e+00,5.293139e+01,1.549135e+06,4.889258e-29,1.584021e-14,3.705013e-01,5.960464e+01,2.175977e+04,3.274805e+04,3.286523e+04,-3.653285e+01,1.589381e+01,-4.061674e+01
Ly a,2.449355e-05,1.896677e-04,2.141659e-04,1215.930355,0.260355,3.925145e+01,7.210378e+13,2.046609e-05,1.984060e+00,5.685514e+01,1.528943e+06,7.286542e-29,2.329166e-14,4.292283e+00,5.960464e+01,2.175977e+04,3.274805e+04,3.286914e+04,-4.317061e+01,1.517270e+01,-3.724198e+01
Ly a,2.306176e-05,2.028705e-04,2.259369e-04,1215.944665,0.274665,1.893050e+01,3.477437e+13,1.941186e-05,1.984060e+00,6.081165e+01,1.375484e+06,7.112372e-29,2.056430e-14,3.217063e+00,5.960464e+01,2.176367e+04,3.274805e+04,3.286914e+04,-4.614739e+01,8.015703e+00,-4.722004e+01
Ly a,2.198864e-05,2.328615e-04,2.548553e-04,1215.979820,0.309820,4.838271e+00,8.902977e+12,1.836773e-05,1.984060e+00,6.980181e+01,1.231495e+06,7.737252e-29,2.004037e-14,1.445721e+00,5.960464e+01,2.176367e+04,3.274414e+04,3.286914e+04,-5.883939e+01,1.725620e+01,-3.494099e+01
Ly a,2.150638e-05,1.949234e-04,2.164340e-04,1215.933112,0.263112,7.031133e-01,1.293554e+12,1.812503e-05,1.984060e+00,5.843078e+01,1.199165e+06,7.353328e-29,1.853513e-14,6.333237e-01,5.960464e+01,2.176758e+04,3.274414e+04,3.286914e+04,-4.883137e+01,1.561238e+01,-2.907659e+01
Ly a,2.129513e-05,1.681061e-04,1.894048e-04,1215.900254,0.230254,5.579785e+01,1.025016e+14,1.678868e-05,1.984060e+00,5.039101e+01,1.028856e+06,9.063395e-29,1.961643e-14,4.029461e+00,5.960464e+01,2.176758e+04,3.274414e+04,3.287305e+04,-3.950417e+01,-2.468130e+00,-4.465896e+01
Ly a,1.995101e-05,1.383004e-04,1.582542e-04,1215.862385,0.192385,2.178769e+01,4.004008e+13,1.610807e-05,1.984060e+00,4.145623e+01,9.471281e+05,8.318547e-29,1.656597e-14,4.634778e+00,5.960464e+01,2.177148e+04,3.274414e+04,3.287305e+04,-2.732466e+01,-3.364504e+00,-4.857296e+01
Ly a,1.840497e-05,1.616678e-04,1.800758e-04,1215.888913,0.218913,2.886594e-01,5.883143e+11,1.741198e-05,1.984060e+00,4.845859e+01,1.106669e+06,9.266370e-29,2.153860e-14,2.800653e-02,5.960464e+01,2.177148e+04,3.274023e+04,3.287305e+04,-3.638942e+01,-1.551003e+01,-5.796057e+01
Ly a,1.839563e-05,1.971612e-04,2.155605e-04,1215.932050,0.262050,2.490882e+00,4.589167e+12,1.933544e-05,1.984060e+00,5.909993e+01,1.364676e+06,8.868990e-29,2.540818e-14,8.961461e-01,5.960464e+01,2.177539e+04,3.274023e+04,3.287305e+04,-5.223822e+01,-4.768254e+00,-4.190312e+01
Ly a,1.809670e-05,1.756082e-04,1.937080e-04,1215.905485,0.235485,9.216925e+00,1.693157e+13,1.975821e-05,1.984060e+00,5.263863e+01,1.425006e+06,8.129544e-29,2.435844e-14,3.766638e+00,5.960464e+01,2.177539e+04,3.274023e+04,3.287695e+04,-4.751793e+01,-1.428056e+01,-4.423941e+01
Ly a,1.684025e-05,1.348090e-04,1.516515e-04,1215.854358,0.184358,1.591165e-03,1.604581e+11,1.967860e-05,1.984060e+00,4.041104e+01,1.413546e+06,9.384822e-29,2.787477e-14,4.662784e+00,5.960464e+01,2.177930e+04,3.274023e+04,3.287695e+04,-3.601409e+01,-5.097485e+00,-2.968544e+01
Ly a,1.528487e-05,1.050340e-04,1.203204e-04,1215.816270,0.146270,3.952387e-04,3.843909e+10,1.897830e-05,1.984060e+00,3.148620e+01,1.314729e+06,8.732547e-29,2.405833e-14,1.158969e+00,5.960464e+01,2.178320e+04,3.274023e+04,3.287695e+04,-2.375627e+01,1.209457e+00,-2.735587e+01
Ly a,1.489827e-05,8.883025e-05,1.037298e-04,1215.796101,0.126101,8.838614e-05,8.494579e+09,1.875430e-05,1.984060e+00,2.662780e+01,1.283877e+06,9.985869e-29,2.692804e-14,2.307394e-01,5.960464e+01,2.178320e+04,3.274023e+04,3.288086e+04,-1.634325e+01,-6.296098e+00,-3.737291e+01
Ly a,1.482130e-05,1.068030e-04,1.216259e-04,1215.817857,0.147857,1.014703e-03,1.015717e+11,1.953314e-05,1.984060e+00,3.201262e+01,1.392726e+06,9.498524e-29,2.777314e-14,3.273076e+00,5.960464e+01,2.178320e+04,3.273633e+04,3.288086e+04,-1.891754e+01,-1.702798e+01,-5.487519e+01
Ly a,1.372949e-05,1.010503e-04,1.147812e-04,1215.809536,0.139536,1.215967e-01,2.536144e+11,1.845397e-05,1.984060e+00,3.028848e+01,1.243086e+06,1.262102e-28,3.297196e-14,4.662784e+00,5.960464e+01,2.178711e+04,3.273633e+04,3.288086e+04,-1.675147e+01,-1.530368e+01,-5.355835e+01
Ly a,1.217411e-05,1.317792e-04,1.439550e-04,1215.845002,0.175002,1.225492e-03,1.185694e+11,1.888024e-05,1.984060e+00,3.949824e+01,1.301177e+06,1.755610e-28,4.805466e-14,1.421791e+00,7.450581e+00,2.179004e+04,3.273535e+04,3.288184e+04,-2.208154e+01,-1.481124e+01,-6.476483e+01
Ly a,1.169984e-05,1.308973e-04,1.425987e-04,1215.843353,0.173353,7.694985e-04,7.129119e+10,1.807866e-05,1.984060e+00,3.923444e+01,1.193037e+06,1.600125e-28,4.015811e-14,9.096012e-01,7.450581e+00,2.179004e+04,3.273535e+04,3.288379e+04,-2.681635e+01,-1.962388e+01,-5.867608e+01
Ly a,1.139643e-05,1.062647e-04,1.176623e-04,1215.813039,0.143039,3.941627e-04,3.684269e+10,1.823951e-05,1.984060e+00,3.185135e+01,1.214361e+06,1.662981e-28,4.248594e-14,4.760303e-01,7.450581e+00,2.179199e+04,3.273535e+04,3.288379e+04,-2.574144e+01,-2.530370e+01,-4.783297e+01
Ly a,1.123764e-05,1.265395e-04,1.377786e-04,1215.837493,0.167493,1.245676e-03,1.187485e+11,1.860197e-05,1.984060e+00,3.792836e+01,1.263105e+06,1.516182e-28,4.029924e-14,1.855362e+00,7.450581e+00,2.179199e+04,3.273340e+04,3.288379e+04,-3.065534e+01,-2.518033e+01,-5.253488e+01
Ly a,1.061874e-05,1.307996e-04,1.414197e-04,1215.841920,0.171920,1.241969e-03,1.215451e+11,1.909683e-05,1.984060e+00,3.920492e+01,1.331202e+06,1.624448e-28,4.550286e-14,1.553202e+00,7.450581e+00,2.179395e+04,3.273340e+04,3.288379e+04,-3.857431e+01,-3.267123e+01,-4.606970e+01
Ly a,1.010063e-05,9.490336e-05,1.050050e-04,1215.797651,0.127651,2.537154e-01,5.287790e+11,1.842157e-05,1.984060e+00,2.844251e+01,1.238724e+06,1.638728e-28,4.271589e-14,7.781900e-01,7.450581e+00,2.179395e+04,3.273340e+04,3.288574e+04,-3.317062e+01,-4.741062e+01,-4.391887e+01
Ly a,9.841048e-06,9.833475e-05,1.081768e-04,1215.801507,0.131507,3.566618e-01,6.568677e+11,1.899556e-05,1.984060e+00,2.946898e+01,1.317121e+06,1.838536e-28,5.096071e-14,1.184888e+00,7.450581e+00,2.179590e+04,3.273340e+04,3.288574e+04,-3.915049e+01,-5.707623e+01,-4.276824e+01
Ly a,9.445801e-06,1.106077e-04,1.200546e-04,1215.815947,0.145947,3.493362e+00,6.446185e+12,2.019411e-05,1.984060e+00,3.314407e+01,1.488576e+06,2.046443e-28,6.411042e-14,1.146505e+00,7.450581e+00,2.179590e+04,3.273145e+04,3.288574e+04,-4.470398e+01,-6.816752e+01,-5.026821e+01
Ly a,9.063358e-06,1.239745e-04,1.330390e-04,1215.831732,0.161732,3.873256e-01,7.140233e+11,1.966052e-05,1.984060e+00,3.715090e+01,1.410949e+06,2.139861e-28,6.354003e-14,1.684613e+00,7.450581e+00,2.179785e+04,3.273145e+04,3.288574e+04,-4.858609e+01,-6.685073e+01,-5.094521e+01
Ly a,8.501417e-06,7.634125e-05,8.484331e-05,1215.773141,0.103141,6.338973e-04,6.182953e+10,1.903350e-05,1.984060e+00,2.287218e+01,1.322388e+06,2.306191e-28,6.418359e-14,6.467788e-01,7.450581e+00,2.179785e+04,3.273145e+04,3.288770e+04,-3.649426e+01,-7.214637e+01,-4.548785e+01
Ly a,8.285669e-06,1.135784e-04,1.218650e-04,1215.818148,0.148148,4.418126e-01,8.126084e+11,1.768703e-05,1.984060e+00,3.403830e+01,1.141909e+06,2.242710e-28,5.389959e-14,1.893745e+00,7.450581e+00,2.179980e+04,3.273145e+04,3.288770e+04,-4.118169e+01,-5.481805e+01,-4.779190e+01
Ly a,7.653967e-06,1.352373e-04,1.428923e-04,1215.843710,0.173710,5.188865e-04,4.999261e+10,1.880080e-05,1.984060e+00,4.052740e+01,1.290251e+06,2.612591e-28,7.092281e-14,4.376474e-01,7.450581e+00,2.179980e+04,3.272949e+04,3.288770e+04,-4.428264e+01,-6.007814e+01,-6.203818e+01
Ly a,7.507980e-06,1.860416e-04,1.935509e-04,1215.905294,0.235294,1.793196e-03,1.785825e+11,1.943382e-05,1.984060e+00,5.575754e+01,1.378599e+06,2.438748e-28,7.072587e-14,1.816025e+00,7.450581e+00,2.180176e+04,3.272949e+04,3.288770e+04,-5.263909e+01,-4.620058e+01,-6.985285e+01
Ly a,6.902204e-06,1.417246e-04,1.486278e-04,1215.850682,0.180682,5.900757e-04,5.755201e+10,1.903164e-05,1.984060e+00,4.247392e+01,1.322129e+06,2.804933e-28,7.802011e-14,5.153676e-01,7.450581e+00,2.180176e+04,3.272949e+04,3.288965e+04,-4.855577e+01,-5.585654e+01,-5.426127e+01
Ly a,6.730291e-06,1.982767e-04,2.050084e-04,1215.919223,0.249223,1.788476e-03,1.873904e+11,2.044544e-05,1.984060e+00,5.942592e+01,1.525858e+06,2.628032e-28,8.437426e-14,2.331392e+00,7.450581e+00,2.180371e+04,3.272949e+04,3.288965e+04,-6.129088e+01,-4.592229e+01,-6.081774e+01
Ly a,5.952602e-06,2.424936e-04,2.484476e-04,1215.972030,0.302030,2.480009e-04,2.772174e+10,2.181293e-05,1.984060e+00,7.267678e+01,1.736799e+06,2.794566e-28,1.021236e-13,2.712099e-01,7.450581e+00,2.180566e+04,3.272949e+04,3.288965e+04,-7.727409e+01,-4.992141e+01,-6.404555e+01
Ly a,5.862134e-06,1.873069e-04,1.931701e-04,1215.904831,0.234831,1.721789e-03,1.918104e+11,2.173938e-05,1.984060e+00,5.613457e+01,1.725106e+06,2.692337e-28,9.765683e-14,1.676226e+00,7.450581e+00,2.180566e+04,3.272754e+04,3.288965e+04,-5.637200e+01,-5.468115e+01,-7.067099e+01
Ly a,5.302990e-06,1.933111e-04,1.986151e-04,1215.911450,0.241450,2.402745e+00,4.442584e+12,2.111914e-05,1.984060e+00,5.792753e+01,1.628073e+06,3.303900e-28,1.130781e-13,3.839564e-01,7.450581e+00,2.180566e+04,3.272754e+04,3.289160e+04,-7.230106e+01,-7.837563e+01,-6.346343e+01
Ly a,5.174913e-06,1.780260e-04,1.832019e-04,1215.892713,0.222713,5.384995e+00,9.892386e+12,2.144545e-05,1.984060e+00,5.334088e+01,1.678772e+06,3.619350e-28,1.277357e-13,2.331392e+00,7.450581e+00,2.180762e+04,3.272754e+04,3.289160e+04,-8.237666e+01,-9.507360e+01,-4.638875e+01
Ly a,4.397224e-06,1.524261e-04,1.568240e-04,1215.860646,0.190646,2.380201e+00,4.399629e+12,2.098730e-05,1.984060e+00,4.567063e+01,1.607810e+06,3.351366e-28,1.131701e-13,9.800671e-01,9.313226e-01,2.180908e+04,3.272705e+04,3.289209e+04,-7.742665e+01,-9.054130e+01,-3.369507e+01
Ly a,4.070300e-06,1.315068e-04,1.355776e-04,1215.834818,0.164818,5.475193e-04,5.890043e+10,2.099286e-05,1.984060e+00,3.940142e+01,1.608662e+06,3.375018e-28,1.140330e-13,1.856289e-01,9.313226e-01,2.180908e+04,3.272607e+04,3.289209e+04,-6.846874e+01,-8.951501e+01,-3.581130e+01
Ly a,4.008379e-06,1.350260e-04,1.390349e-04,1215.839021,0.169021,3.490730e+00,6.458043e+12,2.132312e-05,1.984060e+00,4.046262e+01,1.659674e+06,3.044776e-28,1.059833e-13,9.131509e-01,9.313226e-01,2.181006e+04,3.272607e+04,3.289209e+04,-6.415292e+01,-7.189765e+01,-3.156754e+01
Ly a,3.703777e-06,1.159176e-04,1.196218e-04,1215.815421,0.145421,1.764137e-03,1.945652e+11,2.152220e-05,1.984060e+00,3.473226e+01,1.690811e+06,3.184952e-28,1.129187e-13,2.525452e-01,9.313226e-01,2.181006e+04,3.272607e+04,3.289307e+04,-6.488742e+01,-8.104567e+01,-2.415583e+01
Ly a,3.619535e-06,1.380914e-04,1.417114e-04,1215.842274,0.172274,8.851396e+00,1.626094e+13,2.256212e-05,1.984060e+00,4.138303e+01,1.858153e+06,3.143641e-28,1.222971e-13,1.165696e+00,9.313226e-01,2.181104e+04,3.272607e+04,3.289307e+04,-6.800641e+01,-6.616099e+01,-2.078262e+01
Ly a,3.230690e-06,1.745072e-04,1.777385e-04,1215.886071,0.216071,3.294727e+00,6.052548e+12,2.404140e-05,1.984060e+00,5.230079e+01,2.109799e+06,3.316109e-28,1.463352e-13,1.687997e-01,9.313226e-01,2.181201e+04,3.272607e+04,3.289307e+04,-7.754652e+01,-5.299664e+01,-1.621453e+01
Ly a,3.174383e-06,1.560656e-04,1.592405e-04,1215.863584,0.193584,1.066480e+02,1.959204e+14,2.440041e-05,1.984060e+00,4.677546e+01,2.173280e+06,3.775358e-28,1.716006e-13,8.100568e-01,9.313226e-01,2.181201e+04,3.272510e+04,3.289307e+04,-6.717280e+01,-4.723135e+01,-1.883854e+01
Ly a,2.904170e-06,1.354663e-04,1.383709e-04,1215.838213,0.168213,1.158261e+01,2.127856e+13,2.397200e-05,1.984060e+00,4.059875e+01,2.097635e+06,3.838630e-28,1.684767e-13,1.868396e-01,9.313226e-01,2.181201e+04,3.272510e+04,3.289404e+04,-6.758667e+01,-5.590951e+01,-1.057122e+01
Ly a,2.841845e-06,1.852575e-04,1.880999e-04,1215.898667,0.228667,6.367884e+01,1.169796e+14,2.481772e-05,1.984060e+00,5.552553e+01,2.248253e+06,3.997467e-28,1.880301e-13,1.165696e+00,9.313226e-01,2.181299e+04,3.272510e+04,3.289404e+04,-7.909658e+01,-4.006927e+01,-9.404893e+00
Ly a,2.453001e-06,2.170589e-04,2.195125e-04,1215.936855,0.266855,1.186899e+01,2.180295e+13,2.482075e-05,1.984060e+00,6.505918e+01,2.248802e+06,4.004301e-28,1.884575e-13,5.232283e-01,9.313226e-01,2.181396e+04,3.272510e+04,3.289404e+04,-8.504890e+01,-2.728903e+01,-9.159916e+00
Ly a,2.278466e-06,2.279496e-04,2.302286e-04,1215.949882,0.279882,6.572600e+01,1.207352e+14,2.467541e-05,1.984060e+00,6.832661e+01,2.222543e+06,4.605238e-28,2.143567e-13,5.213338e-01,9.313226e-01,2.181396e+04,3.272412e+04,3.289404e+04,-7.834716e+01,-1.182240e+01,-1.715749e+01
Ly a,2.104563e-06,2.369767e-04,2.390818e-04,1215.960645,0.290645,3.561389e+00,6.542019e+12,2.424751e-05,1.984060e+00,7.102866e+01,2.146129e+06,4.745412e-28,2.134842e-13,1.211339e-01,9.313226e-01,2.181396e+04,3.272412e+04,3.289502e+04,-8.837923e+01,-3.011948e+01,-1.949056e+01
Ly a,2.064156e-06,2.619351e-04,2.639998e-04,1215.990937,0.320937,3.599510e+00,6.611877e+12,2.406685e-05,1.984060e+00,7.851010e+01,2.114269e+06,4.812480e-28,2.133225e-13,1.165696e+00,9.313226e-01,2.181494e+04,3.272412e+04,3.289502e+04,-9.175342e+01,-2.384999e+01,-2.532062e+01
Ly a,1.675312e-06,2.601767e-04,2.618524e-04,1215.988326,0.318326,6.891581e-04,8.428061e+10,2.386493e-05,1.984060e+00,7.798390e+01,2.078940e+06,5.085437e-28,2.216529e-13,8.776569e-01,9.313226e-01,2.181592e+04,3.272412e+04,3.289502e+04,-8.973875e+01,-1.982792e+01,-2.458221e+01
Ly a,1.382549e-06,2.614362e-04,2.628191e-04,1215.989501,0.319501,3.648006e-04,4.448677e+10,2.379684e-05,1.984060e+00,7.836296e+01,2.067094e+06,5.725460e-28,2.481915e-13,2.326108e-01,9.313226e-01,2.181592e+04,3.272314e+04,3.289502e+04,-8.194796e+01,-1.327578e+01,-3.568558e+01
Ly a,1.304956e-06,2.388819e-04,2.401872e-04,1215.961988,0.291988,5.623713e-05,6.563146e+09,2.277397e-05,1.984060e+00,7.159979e+01,1.893210e+06,5.836182e-28,2.318831e-13,5.542835e-02,9.313226e-01,2.181592e+04,3.272314e+04,3.289600e+04,-8.490059e+01,-3.205722e+01,-2.977527e+01
Ly a,1.286467e-06,2.406948e-04,2.419816e-04,1215.964170,0.294170,5.621889e-04,6.625016e+10,2.299652e-05,1.984060e+00,7.214512e+01,1.930393e+06,5.733509e-28,2.320851e-13,5.828480e-01,1.164153e-01,2.181665e+04,3.272339e+04,3.289575e+04,-8.315791e+01,-2.142348e+01,-2.520682e+01
Ly a,1.092045e-06,2.431160e-04,2.442083e-04,1215.966877,0.296877,4.697083e-04,5.605523e+10,2.328862e-05,1.984060e+00,7.287141e+01,1.979743e+06,5.991510e-28,2.486335e-13,4.720232e-01,1.164153e-01,2.181714e+04,3.272339e+04,3.289575e+04,-8.412085e+01,-1.617938e+01,-2.032906e+01
Ly a,9.345907e-07,2.380301e-04,2.389649e-04,1215.960502,0.290502,1.009163e-04,1.179414e+10,2.280583e-05,1.984060e+00,7.134769e+01,1.898511e+06,6.371127e-28,2.535668e-13,8.824929e-02,1.164153e-01,2.181714e+04,3.272290e+04,3.289575e+04,-7.978997e+01,-1.447160e+01,-2.397057e+01
Ly a,9.051531e-07,2.291331e-04,2.300385e-04,1215.949651,0.279651,2.871428e-05,3.296354e+09,2.240131e-05,1.984060e+00,6.868028e+01,1.831760e+06,6.649892e-28,2.554253e-13,2.257554e-02,1.164153e-01,2.181714e+04,3.272290e+04,3.289624e+04,-7.958952e+01,-2.003162e+01,-2.279760e+01
Ly a,8.976225e-07,2.406626e-04,2.415604e-04,1215.963658,0.293658,7.676103e-04,8.949715e+10,2.275225e-05,1.984060e+00,7.213644e+01,1.889601e+06,6.939017e-28,2.748431e-13,5.828480e-01,1.164153e-01,2.181763e+04,3.272290e+04,3.289624e+04,-8.309704e+01,-1.353602e+01,-1.827111e+01
Ly a,7.032002e-07,2.616344e-04,2.623377e-04,1215.988916,0.318916,8.235300e-04,9.819991e+10,2.326901e-05,1.984060e+00,7.842213e+01,1.976411e+06,7.373899e-28,3.053968e-13,5.828480e-01,1.164153e-01,2.181812e+04,3.272290e+04,3.289624e+04,-9.000937e+01,-6.555023e+00,-1.325532e+01
Ly a,5.087780e-07,2.853282e-04,2.858371e-04,1216.017484,0.347484,1.628375e-05,1.969580e+09,2.360335e-05,1.984060e+00,8.552311e+01,2.033616e+06,7.829522e-28,3.335639e-13,1.027726e-02,1.164153e-01,2.181860e+04,3.272290e+04,3.289624e+04,-9.803025e+01,6.489060e-01,-7.762200e+00
Ly a,5.053498e-07,2.790500e-04,2.795555e-04,1216.009847,0.339847,8.923885e-05,1.065701e+10,2.330350e-05,1.984060e+00,8.364176e+01,1.982274e+06,7.980181e-28,3.314919e-13,5.611222e-02,1.164153e-01,2.181860e+04,3.272290e+04,3.289673e+04,-9.509296e+01,-2.330225e+00,-1.184322e+01
Ly a,4.866322e-07,2.984915e-04,2.989782e-04,1216.033459,0.363459,1.018630e-03,1.193933e+11,2.287281e-05,1.984060e+00,8.946878e+01,1.909679e+06,8.842769e-28,3.540620e-13,5.164586e-01,1.164153e-01,2.181860e+04,3.272241e+04,3.289673e+04,-9.886356e+01,9.332385e-01,-1.547999e+01
Ly a,3.143557e-07,3.275425e-04,3.278570e-04,1216.068566,0.398566,1.256282e-03,1.487956e+11,2.311271e-05,1.984060e+00,9.817506e+01,1.949948e+06,9.245547e-28,3.779400e-13,5.828480e-01,1.164153e-01,2.181909e+04,3.272241e+04,3.289673e+04,-1.077788e+02,9.425559e+00,-1.093834e+01
Ly a,1.199334e-07,3.524399e-04,3.525599e-04,1216.098596,0.428596,5.674363e-04,6.705008e+10,2.305843e-05,1.984060e+00,1.056361e+02,1.940800e+06,9.527076e-28,3.875254e-13,4.313006e-02,1.164153e-01,2.181958e+04,3.272241e+04,3.289673e+04,-1.151095e+02,1.793461e+01,-6.583446e+00
Ly a,1.055464e-07,3.593985e-04,3.595041e-04,1216.107038,0.437038,1.430867e+01,2.628081e+13,2.312607e-05,1.984060e+00,1.077221e+02,1.952204e+06,9.587603e-28,3.924058e-13,2.004737e-01,1.164153e-01,2.181958e+04,3.272241e+04,3.289722e+04,-1.149359e+02,1.810710e+01,-1.190686e+01
Ly a,3.867379e-08,3.881919e-04,3.882306e-04,1216.141960,0.471960,4.435736e+00,8.146906e+12,2.316005e-05,1.984060e+00,1.163508e+02,1.957945e+06,1.050875e-27,4.316253e-13,1.200934e-01,1.164153e-01,2.181958e+04,3.272192e+04,3.289722e+04,-1.225077e+02,2.227624e+01,-1.379580e+01
Si II 1193,2.858931e-05,1.358607e-04,1.644539e-04,1193.486241,0.196241,8.564783e-07,1.088526e+07,3.353242e-06,1.789540e-03,4.072406e+01,1.143665e+06,3.665569e-29,8.683263e-15,2.582391e+00,5.960464e+01,2.174805e+04,3.275195e+04,3.286133e+04,-1.178887e+01,2.623564e+01,-5.230485e+01
Si II 1193,2.772790e-05,8.116836e-05,1.088985e-04,1193.419947,0.129947,3.003138e-06,3.828560e+07,3.356478e-06,1.789540e-03,2.432896e+01,1.145873e+06,5.353984e-29,1.278766e-14,1.076789e-01,5.960464e+01,2.175195e+04,3.275195e+04,3.286133e+04,2.021274e+00,1.434112e+01,-5.107556e+01
Si II 1193,2.769198e-05,1.087687e-04,1.364636e-04,1193.452841,0.162841,2.542084e-04,3.898839e+09,4.049685e-06,1.789540e-03,3.260308e+01,1.668059e+06,5.706084e-29,1.975761e-14,4.555105e+00,5.960464e+01,2.175195e+04,3.275195e+04,3.286523e+04,-5.420303e+00,2.147217e+01,-4.971837e+01
Si II 1193,2.617252e-05,7.234455e-05,9.851897e-05,1193.407562,0.117562,1.402852e-04,2.147227e+09,4.040961e-06,1.789540e-03,2.168521e+01,1.660880e+06,6.328752e-29,2.191589e-14,1.799349e+00,5.960464e+01,2.175586e+04,3.275195e+04,3.286523e+04,-2.950364e-01,1.229874e+01,-4.164577e+01
Si II 1193,2.557231e-05,1.586395e-04,1.842159e-04,1193.509823,0.219823,3.419814e-05,5.716318e+08,4.410805e-06,1.789540e-03,4.755442e+01,1.978813e+06,4.798903e-29,1.977272e-14,2.863436e+00,5.960464e+01,2.175586e+04,3.274805e+04,3.286523e+04,-3.036118e+01,1.823291e+01,-3.802182e+01
Si II 1193,2.461714e-05,1.765781e-04,2.011996e-04,1193.530089,0.240089,2.192181e-06,3.245019e+07,3.902655e-06,1.789540e-03,5.293139e+01,1.549135e+06,4.889258e-29,1.584021e-14,3.705013e-01,5.960464e+01,2.175977e+04,3.274805e+04,3.286523e+04,-3.653285e+01,1.589381e+01,-4.061674e+01
Si II 1193,2.449355e-05,1.896677e-04,2.141659e-04,1193.545562,0.255562,1.720672e-04,2.526358e+09,3.877137e-06,1.789540e-03,5.685514e+01,1.528943e+06,7.286542e-29,2.329166e-14,4.292283e+00,5.960464e+01,2.175977e+04,3.274805e+04,3.286914e+04,-4.317061e+01,1.517270e+01,-3.724198e+01
Si II 1193,2.306176e-05,2.028705e-04,2.259369e-04,1193.559608,0.269608,4.298105e-05,5.996726e+08,3.677421e-06,1.789540e-03,6.081165e+01,1.375484e+06,7.112372e-29,2.056430e-14,3.217063e+00,5.960464e+01,2.176367e+04,3.274805e+04,3.286914e+04,-4.614739e+01,8.015703e+00,-4.722004e+01
Si II 1193,2.198864e-05,2.328615e-04,2.548553e-04,1193.594116,0.304116,1.195706e-05,1.576490e+08,3.479620e-06,1.789540e-03,6.980181e+01,1.231495e+06,7.737252e-29,2.004037e-14,1.445721e+00,5.960464e+01,2.176367e+04,3.274414e+04,3.286914e+04,-5.883939e+01,1.725620e+01,-3.494099e+01
Si II 1193,2.150638e-05,1.949234e-04,2.164340e-04,1193.548269,0.258269,1.626580e-06,2.118254e+07,3.433642e-06,1.789540e-03,5.843078e+01,1.199165e+06,7.353328e-29,1.853513e-14,6.333237e-01,5.960464e+01,2.176758e+04,3.274414e+04,3.286914e+04,-4.883137e+01,1.561238e+01,-2.907659e+01
Si II 1193,2.129513e-05,1.681061e-04,1.894048e-04,1193.516015,0.226015,1.280178e-03,1.546708e+10,3.180482e-06,1.789540e-03,5.039101e+01,1.028856e+06,9.063395e-29,1.961643e-14,4.029461e+00,5.960464e+01,2.176758e+04,3.274414e+04,3.287305e+04,-3.950417e+01,-2.468130e+00,-4.465896e+01
Si II 1193,1.995101e-05,1.383004e-04,1.582542e-04,1193.478843,0.188843,3.433770e-04,3.977086e+09,3.051546e-06,1.789540e-03,4.145623e+01,9.471281e+05,8.318547e-29,1.656597e-14,4.634778e+00,5.960464e+01,2.177148e+04,3.274414e+04,3.287305e+04,-2.732466e+01,-3.364504e+00,-4.857296e+01
Si II 1193,1.840497e-05,1.616678e-04,1.800758e-04,1193.504883,0.214883,3.241674e-07,4.052581e+06,3.298561e-06,1.789540e-03,4.845859e+01,1.106669e+06,9.266370e-29,2.153860e-14,2.800653e-02,5.960464e+01,2.177148e+04,3.274023e+04,3.287305e+04,-3.638942e+01,-1.551003e+01,-5.796057e+01
Si II 1193,1.839563e-05,1.971612e-04,2.155605e-04,1193.547226,0.257226,2.265714e-06,3.144806e+07,3.662944e-06,1.789540e-03,5.909993e+01,1.364676e+06,8.868990e-29,2.540818e-14,8.961461e-01,5.960464e+01,2.177539e+04,3.274023e+04,3.287305e+04,-5.223822e+01,-4.768254e+00,-4.190312e+01
Si II 1193,1.809670e-05,1.756082e-04,1.937080e-04,1193.521150,0.231150,8.172593e-06,1.159869e+08,3.743035e-06,1.789540e-03,5.263863e+01,1.425006e+06,8.129544e-29,2.435844e-14,3.766638e+00,5.960464e+01,2.177539e+04,3.274023e+04,3.287695e+04,-4.751793e+01,-1.428056e+01,-4.423941e+01
Si II 1193,1.684025e-05,1.348090e-04,1.516515e-04,1193.470964,0.180964,0.000000e+00,0.000000e+00,3.727954e-06,1.789540e-03,4.041104e+01,1.413546e+06,9.384822e-29,2.787477e-14,4.662784e+00,5.960464e+01,2.177930e+04,3.274023e+04,3.287695e+04,-3.601409e+01,-5.097485e+00,-2.968544e+01
Si II 1193,1.528487e-05,1.050340e-04,1.203204e-04,1193.433577,0.143577,0.000000e+00,0.000000e+00,3.595287e-06,1.789540e-03,3.148620e+01,1.314729e+06,8.732547e-29,2.405833e-14,1.158969e+00,5.960464e+01,2.178320e+04,3.274023e+04,3.287695e+04,-2.375627e+01,1.209457e+00,-2.735587e+01
Si II 1193,1.489827e-05,8.883025e-05,1.037298e-04,1193.413780,0.123780,0.000000e+00,0.000000e+00,3.552852e-06,1.789540e-03,2.662780e+01,1.283877e+06,9.985869e-29,2.692804e-14,2.307394e-01,5.960464e+01,2.178320e+04,3.274023e+04,3.288086e+04,-1.634325e+01,-6.296098e+00,-3.737291e+01
Si II 1193,1.482130e-05,1.068030e-04,1.216259e-04,1193.435135,0.145135,0.000000e+00,0.000000e+00,3.700397e-06,1.789540e-03,3.201262e+01,1.392726e+06,9.498524e-29,2.777314e-14,3.273076e+00,5.960464e+01,2.178320e+04,3.273633e+04,3.288086e+04,-1.891754e+01,-1.702798e+01,-5.487519e+01
Si II 1193,1.372949e-05,1.010503e-04,1.147812e-04,1193.426967,0.136967,0.000000e+00,0.000000e+00,3.495957e-06,1.789540e-03,3.028848e+01,1.243086e+06,1.262102e-28,3.297196e-14,4.662784e+00,5.960464e+01,2.178711e+04,3.273633e+04,3.288086e+04,-1.675147e+01,-1.530368e+01,-5.355835e+01
Si II 1193,1.217411e-05,1.317792e-04,1.439550e-04,1193.461780,0.171780,0.000000e+00,0.000000e+00,3.576709e-06,1.789540e-03,3.949824e+01,1.301177e+06,1.755610e-28,4.805466e-14,1.421791e+00,7.450581e+00,2.179004e+04,3.273535e+04,3.288184e+04,-2.208154e+01,-1.481124e+01,-6.476483e+01
Si II 1193,1.169984e-05,1.308973e-04,1.425987e-04,1193.460162,0.170162,0.000000e+00,0.000000e+00,3.424857e-06,1.789540e-03,3.923444e+01,1.193037e+06,1.600125e-28,4.015811e-14,9.096012e-01,7.450581e+00,2.179004e+04,3.273535e+04,3.288379e+04,-2.681635e+01,-1.962388e+01,-5.867608e+01
Si II 1193,1.139643e-05,1.062647e-04,1.176623e-04,1193.430405,0.140405,0.000000e+00,0.000000e+00,3.455329e-06,1.789540e-03,3.185135e+01,1.214361e+06,1.662981e-28,4.248594e-14,4.760303e-01,7.450581e+00,2.179199e+04,3.273535e+04,3.288379e+04,-2.574144e+01,-2.530370e+01,-4.783297e+01
Si II 1193,1.123764e-05,1.265395e-04,1.377786e-04,1193.454410,0.164410,0.000000e+00,0.000000e+00,3.523995e-06,1.789540e-03,3.792836e+01,1.263105e+06,1.516182e-28,4.029924e-14,1.855362e+00,7.450581e+00,2.179199e+04,3.273340e+04,3.288379e+04,-3.065534e+01,-2.518033e+01,-5.253488e+01
Si II 1193,1.061874e-05,1.307996e-04,1.414197e-04,1193.458755,0.168755,4.622498e-07,6.341912e+06,3.617742e-06,1.789540e-03,3.920492e+01,1.331202e+06,1.624448e-28,4.550286e-14,1.553202e+00,7.450581e+00,2.179395e+04,3.273340e+04,3.288379e+04,-3.857431e+01,-3.267123e+01,-4.606970e+01
Si II 1193,1.010063e-05,9.490336e-05,1.050050e-04,1193.415301,0.125301,2.073694e-06,2.741891e+07,3.489819e-06,1.789540e-03,2.844251e+01,1.238724e+06,1.638728e-28,4.271589e-14,7.781900e-01,7.450581e+00,2.179395e+04,3.273340e+04,3.288574e+04,-3.317062e+01,-4.741062e+01,-4.391887e+01
Si II 1193,9.841048e-06,9.833475e-05,1.081768e-04,1193.419086,0.129086,7.485378e-06,1.021776e+08,3.598557e-06,1.789540e-03,2.946898e+01,1.317121e+06,1.838536e-28,5.096071e-14,1.184888e+00,7.450581e+00,2.179590e+04,3.273340e+04,3.288574e+04,-3.915049e+01,-5.707623e+01,-4.276824e+01
Si II 1193,9.445801e-06,1.106077e-04,1.200546e-04,1193.433260,0.143260,9.750275e-05,1.412908e+09,3.825613e-06,1.789540e-03,3.314407e+01,1.488576e+06,2.046443e-28,6.411042e-14,1.146505e+00,7.450581e+00,2.179590e+04,3.273145e+04,3.288574e+04,-4.470398e+01,-6.816752e+01,-5.026821e+01
Si II 1193,9.063358e-06,1.239745e-04,1.330390e-04,1193.448754,0.158754,8.127833e-06,1.147790e+08,3.724528e-06,1.789540e-03,3.715090e+01,1.410949e+06,2.139861e-28,6.354003e-14,1.684613e+00,7.450581e+00,2.179785e+04,3.273145e+04,3.288574e+04,-4.858609e+01,-6.685073e+01,-5.094521e+01
Si II 1193,8.501417e-06,7.634125e-05,8.484331e-05,1193.391243,0.101243,5.326743e-08,7.284066e+05,3.605745e-06,1.789540e-03,2.287218e+01,1.322388e+06,2.306191e-28,6.418359e-14,6.467788e-01,7.450581e+00,2.179785e+04,3.273145e+04,3.288770e+04,-3.649426e+01,-7.214637e+01,-4.548785e+01
Si II 1193,8.285669e-06,1.135784e-04,1.218650e-04,1193.435420,0.145420,8.516814e-06,1.081467e+08,3.350667e-06,1.789540e-03,3.403830e+01,1.141909e+06,2.242710e-28,5.389959e-14,1.893745e+00,7.450581e+00,2.179980e+04,3.273145e+04,3.288770e+04,-4.118169e+01,-5.481805e+01,-4.779190e+01
Si II 1193,7.653967e-06,1.352373e-04,1.428923e-04,1193.460512,0.170512,0.000000e+00,0.000000e+00,3.561661e-06,1.789540e-03,4.052740e+01,1.290251e+06,2.612591e-28,7.092281e-14,4.376474e-01,7.450581e+00,2.179980e+04,3.272949e+04,3.288770e+04,-4.428264e+01,-6.007814e+01,-6.203818e+01
Si II 1193,7.507980e-06,1.860416e-04,1.935509e-04,1193.520962,0.230962,0.000000e+00,0.000000e+00,3.681582e-06,1.789540e-03,5.575754e+01,1.378599e+06,2.438748e-28,7.072587e-14,1.816025e+00,7.450581e+00,2.180176e+04,3.272949e+04,3.288770e+04,-5.263909e+01,-4.620058e+01,-6.985285e+01
Si II 1193,6.902204e-06,1.417246e-04,1.486278e-04,1193.467356,0.177356,0.000000e+00,0.000000e+00,3.605391e-06,1.789540e-03,4.247392e+01,1.322129e+06,2.804933e-28,7.802011e-14,5.153676e-01,7.450581e+00,2.180176e+04,3.272949e+04,3.288965e+04,-4.855577e+01,-5.585654e+01,-5.426127e+01
Si II 1193,6.730291e-06,1.982767e-04,2.050084e-04,1193.534634,0.244634,3.067819e-09,4.499708e+04,3.873224e-06,1.789540e-03,5.942592e+01,1.525858e+06,2.628032e-28,8.437426e-14,2.331392e+00,7.450581e+00,2.180371e+04,3.272949e+04,3.288965e+04,-6.129088e+01,-4.592229e+01,-6.081774e+01
Si II 1193,5.952602e-06,2.424936e-04,2.484476e-04,1193.586470,0.296470,3.422293e-08,5.354572e+05,4.132286e-06,1.789540e-03,7.267678e+01,1.736799e+06,2.794566e-28,1.021236e-13,2.712099e-01,7.450581e+00,2.180566e+04,3.272949e+04,3.288965e+04,-7.727409e+01,-4.992141e+01,-6.404555e+01
Si II 1193,5.862134e-06,1.873069e-04,1.931701e-04,1193.520508,0.230508,3.441873e-07,5.373077e+06,4.118351e-06,1.789540e-03,5.613457e+01,1.725106e+06,2.692337e-28,9.765683e-14,1.676226e+00,7.450581e+00,2.180566e+04,3.272754e+04,3.288965e+04,-5.637200e+01,-5.468115e+01,-7.067099e+01
Si II 1193,5.302990e-06,1.933111e-04,1.986151e-04,1193.527005,0.237005,1.929490e-05,2.923654e+08,4.000852e-06,1.789540e-03,5.792753e+01,1.628073e+06,3.303900e-28,1.130781e-13,3.839564e-01,7.450581e+00,2.180566e+04,3.272754e+04,3.289160e+04,-7.230106e+01,-7.837563e+01,-6.346343e+01
Si II 1193,5.174913e-06,1.780260e-04,1.832019e-04,1193.508613,0.218613,4.151440e-05,6.390843e+08,4.062669e-06,1.789540e-03,5.334088e+01,1.678772e+06,3.619350e-28,1.277357e-13,2.331392e+00,7.450581e+00,2.180762e+04,3.272754e+04,3.289160e+04,-8.237666e+01,-9.507360e+01,-4.638875e+01
Si II 1193,4.397224e-06,1.524261e-04,1.568240e-04,1193.477137,0.187137,1.071702e-04,1.613862e+09,3.975876e-06,1.789540e-03,4.567063e+01,1.607810e+06,3.351366e-28,1.131701e-13,9.800671e-01,9.313226e-01,2.180908e+04,3.272705e+04,3.289209e+04,-7.742665e+01,-9.054130e+01,-3.369507e+01
Si II 1193,4.070300e-06,1.315068e-04,1.355776e-04,1193.451783,0.161783,5.485498e-07,8.265870e+06,3.976930e-06,1.789540e-03,3.940142e+01,1.608662e+06,3.375018e-28,1.140330e-13,1.856289e-01,9.313226e-01,2.180908e+04,3.272607e+04,3.289209e+04,-6.846874e+01,-8.951501e+01,-3.581130e+01
Si II 1193,4.008379e-06,1.350260e-04,1.390349e-04,1193.455909,0.165909,1.801912e-04,2.756025e+09,4.039493e-06,1.789540e-03,4.046262e+01,1.659674e+06,3.044776e-28,1.059833e-13,9.131509e-01,9.313226e-01,2.181006e+04,3.272607e+04,3.289209e+04,-6.415292e+01,-7.189765e+01,-3.156754e+01
Si II 1193,3.703777e-06,1.159176e-04,1.196218e-04,1193.432743,0.142743,4.941956e-06,7.631046e+07,4.077209e-06,1.789540e-03,3.473226e+01,1.690811e+06,3.184952e-28,1.129187e-13,2.525452e-01,9.313226e-01,2.181006e+04,3.272607e+04,3.289307e+04,-6.488742e+01,-8.104567e+01,-2.415583e+01
Si II 1193,3.619535e-06,1.380914e-04,1.417114e-04,1193.459103,0.169103,5.087229e-04,8.238702e+09,4.274214e-06,1.789540e-03,4.138303e+01,1.858153e+06,3.143641e-28,1.222971e-13,1.165696e+00,9.313226e-01,2.181104e+04,3.272607e+04,3.289307e+04,-6.800641e+01,-6.616099e+01,-2.078262e+01
Si II 1193,3.230690e-06,1.745072e-04,1.777385e-04,1193.502094,0.212094,1.785073e-04,3.078101e+09,4.554451e-06,1.789540e-03,5.230079e+01,2.109799e+06,3.316109e-28,1.463352e-13,1.687997e-01,9.313226e-01,2.181201e+04,3.272607e+04,3.289307e+04,-7.754652e+01,-5.299664e+01,-1.621453e+01
Si II 1193,3.174383e-06,1.560656e-04,1.592405e-04,1193.480020,0.190020,8.398815e-02,1.160591e+11,4.622462e-06,1.789540e-03,4.677546e+01,2.173280e+06,3.775358e-28,1.716006e-13,8.100568e-01,9.313226e-01,2.181201e+04,3.272510e+04,3.289307e+04,-6.717280e+01,-4.723135e+01,-1.883854e+01
Si II 1193,2.904170e-06,1.354663e-04,1.383709e-04,1193.455117,0.165117,7.339474e-04,1.261409e+10,4.541303e-06,1.789540e-03,4.059875e+01,2.097635e+06,3.838630e-28,1.684767e-13,1.868396e-01,9.313226e-01,2.181201e+04,3.272510e+04,3.289404e+04,-6.758667e+01,-5.590951e+01,-1.057122e+01
Si II 1193,2.841845e-06,1.852575e-04,1.880999e-04,1193.514458,0.224458,4.425896e-02,6.934270e+10,4.701519e-06,1.789540e-03,5.552553e+01,2.248253e+06,3.997467e-28,1.880301e-13,1.165696e+00,9.313226e-01,2.181299e+04,3.272510e+04,3.289404e+04,-7.909658e+01,-4.006927e+01,-9.404893e+00
Si II 1193,2.453001e-06,2.170589e-04,2.195125e-04,1193.551942,0.261942,7.253403e-04,1.291177e+10,4.702092e-06,1.789540e-03,6.505918e+01,2.248802e+06,4.004301e-28,1.884575e-13,5.232283e-01,9.313226e-01,2.181396e+04,3.272510e+04,3.289404e+04,-8.504890e+01,-2.728903e+01,-9.159916e+00
Si II 1193,2.278466e-06,2.279496e-04,2.302286e-04,1193.564729,0.274729,4.564297e-02,7.133772e+10,4.674559e-06,1.789540e-03,6.832661e+01,2.222543e+06,4.605238e-28,2.143567e-13,5.213338e-01,9.313226e-01,2.181396e+04,3.272412e+04,3.289404e+04,-7.834716e+01,-1.182240e+01,-1.715749e+01
Si II 1193,2.104563e-06,2.369767e-04,2.390818e-04,1193.575294,0.285294,2.198439e-04,3.821672e+09,4.593497e-06,1.789540e-03,7.102866e+01,2.146129e+06,4.745412e-28,2.134842e-13,1.211339e-01,9.313226e-01,2.181396e+04,3.272412e+04,3.289502e+04,-8.837923e+01,-3.011948e+01,-1.949056e+01
Si II 1193,2.064156e-06,2.619351e-04,2.639998e-04,1193.605028,0.315028,2.237177e-04,3.860116e+09,4.559273e-06,1.789540e-03,7.851010e+01,2.114269e+06,4.812480e-28,2.133225e-13,1.165696e+00,9.313226e-01,2.181494e+04,3.272412e+04,3.289502e+04,-9.175342e+01,-2.384999e+01,-2.532062e+01
Si II 1193,1.675312e-06,2.601767e-04,2.618524e-04,1193.602466,0.312466,0.000000e+00,0.000000e+00,4.521021e-06,1.789540e-03,7.798390e+01,2.078940e+06,5.085437e-28,2.216529e-13,8.776569e-01,9.313226e-01,2.181592e+04,3.272412e+04,3.289502e+04,-8.973875e+01,-1.982792e+01,-2.458221e+01
Si II 1193,1.382549e-06,2.614362e-04,2.628191e-04,1193.603619,0.313619,6.503848e-07,1.109761e+07,4.508122e-06,1.789540e-03,7.836296e+01,2.067094e+06,5.725460e-28,2.481915e-13,2.326108e-01,9.313226e-01,2.181592e+04,3.272314e+04,3.289502e+04,-8.194796e+01,-1.327578e+01,-3.568558e+01
Si II 1193,1.304956e-06,2.388819e-04,2.401872e-04,1193.576613,0.286613,0.000000e+00,0.000000e+00,4.314346e-06,1.789540e-03,7.159979e+01,1.893210e+06,5.836182e-28,2.318831e-13,5.542835e-02,9.313226e-01,2.181592e+04,3.272314e+04,3.289600e+04,-8.490059e+01,-3.205722e+01,-2.977527e+01
Si II 1193,1.286467e-06,2.406948e-04,2.419816e-04,1193.578754,0.288754,0.000000e+00,0.000000e+00,4.356506e-06,1.789540e-03,7.214512e+01,1.930393e+06,5.733509e-28,2.320851e-13,5.828480e-01,1.164153e-01,2.181665e+04,3.272339e+04,3.289575e+04,-8.315791e+01,-2.142348e+01,-2.520682e+01
Si II 1193,1.092045e-06,2.431160e-04,2.442083e-04,1193.581411,0.291411,0.000000e+00,0.000000e+00,4.411842e-06,1.789540e-03,7.287141e+01,1.979743e+06,5.991510e-28,2.486335e-13,4.720232e-01,1.164153e-01,2.181714e+04,3.272339e+04,3.289575e+04,-8.412085e+01,-1.617938e+01,-2.032906e+01
Si II 1193,9.345907e-07,2.380301e-04,2.389649e-04,1193.575154,0.285154,0.000000e+00,0.000000e+00,4.320381e-06,1.789540e-03,7.134769e+01,1.898511e+06,6.371127e-28,2.535668e-13,8.824929e-02,1.164153e-01,2.181714e+04,3.272290e+04,3.289575e+04,-7.978997e+01,-1.447160e+01,-2.397057e+01
Si II 1193,9.051531e-07,2.291331e-04,2.300385e-04,1193.564503,0.274503,0.000000e+00,0.000000e+00,4.243750e-06,1.789540e-03,6.868028e+01,1.831760e+06,6.649892e-28,2.554253e-13,2.257554e-02,1.164153e-01,2.181714e+04,3.272290e+04,3.289624e+04,-7.958952e+01,-2.003162e+01,-2.279760e+01
Si II 1193,8.976225e-07,2.406626e-04,2.415604e-04,1193.578252,0.288252,0.000000e+00,0.000000e+00,4.310231e-06,1.789540e-03,7.213644e+01,1.889601e+06,6.939017e-28,2.748431e-13,5.828480e-01,1.164153e-01,2.181763e+04,3.272290e+04,3.289624e+04,-8.309704e+01,-1.353602e+01,-1.827111e+01
Si II 1193,7.032002e-07,2.616344e-04,2.623377e-04,1193.603045,0.313045,0.000000e+00,0.000000e+00,4.408127e-06,1.789540e-03,7.842213e+01,1.976411e+06,7.373899e-28,3.053968e-13,5.828480e-01,1.164153e-01,2.181812e+04,3.272290e+04,3.289624e+04,-9.000937e+01,-6.555023e+00,-1.325532e+01
Si II 1193,5.087780e-07,2.853282e-04,2.858371e-04,1193.631087,0.341087,0.000000e+00,0.000000e+00,4.471467e-06,1.789540e-03,8.552311e+01,2.033616e+06,7.829522e-28,3.335639e-13,1.027726e-02,1.164153e-01,2.181860e+04,3.272290e+04,3.289624e+04,-9.803025e+01,6.489060e-01,-7.762200e+00
Si II 1193,5.053498e-07,2.790500e-04,2.795555e-04,1193.623591,0.333591,0.000000e+00,0.000000e+00,4.414661e-06,1.789540e-03,8.364176e+01,1.982274e+06,7.980181e-28,3.314919e-13,5.611222e-02,1.164153e-01,2.181860e+04,3.272290e+04,3.289673e+04,-9.509296e+01,-2.330225e+00,-1.184322e+01
Si II 1193,4.866322e-07,2.984915e-04,2.989782e-04,1193.646768,0.356768,0.000000e+00,0.000000e+00,4.333070e-06,1.789540e-03,8.946878e+01,1.909679e+06,8.842769e-28,3.540620e-13,5.164586e-01,1.164153e-01,2.181860e+04,3.272241e+04,3.289673e+04,-9.886356e+01,9.332385e-01,-1.547999e+01
Si II 1193,3.143557e-07,3.275425e-04,3.278570e-04,1193.681228,0.391228,0.000000e+00,0.000000e+00,4.378517e-06,1.789540e-03,9.817506e+01,1.949948e+06,9.245547e-28,3.779400e-13,5.828480e-01,1.164153e-01,2.181909e+04,3.272241e+04,3.289673e+04,-1.077788e+02,9.425559e+00,-1.093834e+01
Si II 1193,1.199334e-07,3.524399e-04,3.525599e-04,1193.710706,0.420706,2.702489e-07,4.472770e+06,4.368235e-06,1.789540e-03,1.056361e+02,1.940800e+06,9.527076e-28,3.875254e-13,4.313006e-02,1.164153e-01,2.181958e+04,3.272241e+04,3.289673e+04,-1.151095e+02,1.793461e+01,-6.583446e+00
Si II 1193,1.055464e-07,3.593985e-04,3.595041e-04,1193.718993,0.428993,1.289677e-04,2.140424e+09,4.381049e-06,1.789540e-03,1.077221e+02,1.952204e+06,9.587603e-28,3.924058e-13,2.004737e-01,1.164153e-01,2.181958e+04,3.272241e+04,3.289722e+04,-1.149359e+02,1.810710e+01,-1.190686e+01
Si II 1193,3.867379e-08,3.881919e-04,3.882306e-04,1193.753272,0.463272,3.985497e-05,6.619580e+08,4.387486e-06,1.789540e-03,1.163508e+02,1.957945e+06,1.050875e-27,4.316253e-13,1.200934e-01,1.164153e-01,2.181958e+04,3.272192e+04,3.289722e+04,-1.225077e+02,2.227624e+01,-1.379580e+01
Si III 1206,2.858931e-05,1.358607e-04,1.644539e-04,1206.698414,0.198414,5.153616e-05,2.287050e+08,3.353242e-06,3.151395e-02,4.072406e+01,1.143665e+06,3.665569e-29,8.683263e-15,2.582391e+00,5.960464e+01,2.174805e+04,3.275195e+04,3.286133e+04,-1.178887e+01,2.623564e+01,-5.230485e+01
Si III 1206,2.772790e-05,8.116836e-05,1.088985e-04,1206.631386,0.131386,1.286231e-04,5.714175e+08,3.356478e-06,3.151395e-02,2.432896e+01,1.145873e+06,5.353984e-29,1.278766e-14,1.076789e-01,5.960464e+01,2.175195e+04,3.275195e+04,3.286133e+04,2.021274e+00,1.434112e+01,-5.107556e+01
Si III 1206,2.769198e-05,1.087687e-04,1.364636e-04,1206.664643,0.164643,1.220097e-01,5.811023e+10,4.049685e-06,3.151395e-02,3.260308e+01,1.668059e+06,5.706084e-29,1.975761e-14,4.555105e+00,5.960464e+01,2.175195e+04,3.275195e+04,3.286523e+04,-5.420303e+00,2.147217e+01,-4.971837e+01
Si III 1206,2.617252e-05,7.234455e-05,9.851897e-05,1206.618863,0.118863,6.247981e-02,3.210531e+10,4.040961e-06,3.151395e-02,2.168521e+01,1.660880e+06,6.328752e-29,2.191589e-14,1.799349e+00,5.960464e+01,2.175586e+04,3.275195e+04,3.286523e+04,-2.950364e-01,1.229874e+01,-4.164577e+01
Si III 1206,2.557231e-05,1.586395e-04,1.842159e-04,1206.722256,0.222256,1.523484e-02,1.233161e+10,4.410805e-06,3.151395e-02,4.755442e+01,1.978813e+06,4.798903e-29,1.977272e-14,2.863436e+00,5.960464e+01,2.175586e+04,3.274805e+04,3.286523e+04,-3.036118e+01,1.823291e+01,-3.802182e+01
Si III 1206,2.461714e-05,1.765781e-04,2.011996e-04,1206.742747,0.242747,1.485502e-04,7.661244e+08,3.902655e-06,3.151395e-02,5.293139e+01,1.549135e+06,4.889258e-29,1.584021e-14,3.705013e-01,5.960464e+01,2.175977e+04,3.274805e+04,3.286523e+04,-3.653285e+01,1.589381e+01,-4.061674e+01
Si III 1206,2.449355e-05,1.896677e-04,2.141659e-04,1206.758391,0.258391,1.039951e-01,4.951858e+10,3.877137e-06,3.151395e-02,5.685514e+01,1.528943e+06,7.286542e-29,2.329166e-14,4.292283e+00,5.960464e+01,2.175977e+04,3.274805e+04,3.286914e+04,-4.317061e+01,1.517270e+01,-3.724198e+01
Si III 1206,2.306176e-05,2.028705e-04,2.259369e-04,1206.772593,0.272593,1.646120e-02,1.160969e+10,3.677421e-06,3.151395e-02,6.081165e+01,1.375484e+06,7.112372e-29,2.056430e-14,3.217063e+00,5.960464e+01,2.176367e+04,3.274805e+04,3.286914e+04,-4.614739e+01,8.015703e+00,-4.722004e+01
Si III 1206,2.198864e-05,2.328615e-04,2.548553e-04,1206.807483,0.307483,7.395144e-04,3.402960e+09,3.479620e-06,3.151395e-02,6.980181e+01,1.231495e+06,7.737252e-29,2.004037e-14,1.445721e+00,5.960464e+01,2.176367e+04,3.274414e+04,3.286914e+04,-5.883939e+01,1.725620e+01,-3.494099e+01
Si III 1206,2.150638e-05,1.949234e-04,2.164340e-04,1206.761128,0.261128,1.124065e-04,5.108499e+08,3.433642e-06,3.151395e-02,5.843078e+01,1.199165e+06,7.353328e-29,1.853513e-14,6.333237e-01,5.960464e+01,2.176758e+04,3.274414e+04,3.286914e+04,-4.883137e+01,1.561238e+01,-2.907659e+01
Si III 1206,2.129513e-05,1.681061e-04,1.894048e-04,1206.728517,0.228517,3.459619e-01,1.647069e+11,3.180482e-06,3.151395e-02,5.039101e+01,1.028856e+06,9.063395e-29,1.961643e-14,4.029461e+00,5.960464e+01,2.176758e+04,3.274414e+04,3.287305e+04,-3.950417e+01,-2.468130e+00,-4.465896e+01
Si III 1206,1.995101e-05,1.383004e-04,1.582542e-04,1206.690934,0.190934,9.601914e-02,4.659023e+10,3.051546e-06,3.151395e-02,4.145623e+01,9.471281e+05,8.318547e-29,1.656597e-14,4.634778e+00,5.960464e+01,2.177148e+04,3.274414e+04,3.287305e+04,-2.732466e+01,-3.364504e+00,-4.857296e+01
Si III 1206,1.840497e-05,1.616678e-04,1.800758e-04,1206.717261,0.217261,1.626536e-05,7.097030e+07,3.298561e-06,3.151395e-02,4.845859e+01,1.106669e+06,9.266370e-29,2.153860e-14,2.800653e-02,5.960464e+01,2.177148e+04,3.274023e+04,3.287305e+04,-3.638942e+01,-1.551003e+01,-5.796057e+01
Si III 1206,1.839563e-05,1.971612e-04,2.155605e-04,1206.760074,0.260074,1.136018e-04,5.508818e+08,3.662944e-06,3.151395e-02,5.909993e+01,1.364676e+06,8.868990e-29,2.540818e-14,8.961461e-01,5.960464e+01,2.177539e+04,3.274023e+04,3.287305e+04,-5.223822e+01,-4.768254e+00,-4.190312e+01
Si III 1206,1.809670e-05,1.756082e-04,1.937080e-04,1206.733709,0.233709,4.107701e-04,2.031765e+09,3.743035e-06,3.151395e-02,5.263863e+01,1.425006e+06,8.129544e-29,2.435844e-14,3.766638e+00,5.960464e+01,2.177539e+04,3.274023e+04,3.287695e+04,-4.751793e+01,-1.428056e+01,-4.423941e+01
Si III 1206,1.684025e-05,1.348090e-04,1.516515e-04,1206.682968,0.182968,8.876240e-17,4.373584e-04,3.727954e-06,3.151395e-02,4.041104e+01,1.413546e+06,9.384822e-29,2.787477e-14,4.662784e+00,5.960464e+01,2.177930e+04,3.274023e+04,3.287695e+04,-3.601409e+01,-5.097485e+00,-2.968544e+01
Si III 1206,1.528487e-05,1.050340e-04,1.203204e-04,1206.645167,0.145167,0.000000e+00,0.000000e+00,3.595287e-06,3.151395e-02,3.148620e+01,1.314729e+06,8.732547e-29,2.405833e-14,1.158969e+00,5.960464e+01,2.178320e+04,3.274023e+04,3.287695e+04,-2.375627e+01,1.209457e+00,-2.735587e+01
Si III 1206,1.489827e-05,8.883025e-05,1.037298e-04,1206.625150,0.125150,0.000000e+00,0.000000e+00,3.552852e-06,3.151395e-02,2.662780e+01,1.283877e+06,9.985869e-29,2.692804e-14,2.307394e-01,5.960464e+01,2.178320e+04,3.274023e+04,3.288086e+04,-1.634325e+01,-6.296098e+00,-3.737291e+01
Si III 1206,1.482130e-05,1.068030e-04,1.216259e-04,1206.646742,0.146742,0.000000e+00,0.000000e+00,3.700397e-06,3.151395e-02,3.201262e+01,1.392726e+06,9.498524e-29,2.777314e-14,3.273076e+00,5.960464e+01,2.178320e+04,3.273633e+04,3.288086e+04,-1.891754e+01,-1.702798e+01,-5.487519e+01
Si III 1206,1.372949e-05,1.010503e-04,1.147812e-04,1206.638484,0.138484,0.000000e+00,0.000000e+00,3.495957e-06,3.151395e-02,3.028848e+01,1.243086e+06,1.262102e-28,3.297196e-14,4.662784e+00,5.960464e+01,2.178711e+04,3.273633e+04,3.288086e+04,-1.675147e+01,-1.530368e+01,-5.355835e+01
Si III 1206,1.217411e-05,1.317792e-04,1.439550e-04,1206.673682,0.173682,0.000000e+00,0.000000e+00,3.576709e-06,3.151395e-02,3.949824e+01,1.301177e+06,1.755610e-28,4.805466e-14,1.421791e+00,7.450581e+00,2.179004e+04,3.273535e+04,3.288184e+04,-2.208154e+01,-1.481124e+01,-6.476483e+01
Si III 1206,1.169984e-05,1.308973e-04,1.425987e-04,1206.672045,0.172045,0.000000e+00,0.000000e+00,3.424857e-06,3.151395e-02,3.923444e+01,1.193037e+06,1.600125e-28,4.015811e-14,9.096012e-01,7.450581e+00,2.179004e+04,3.273535e+04,3.288379e+04,-2.681635e+01,-1.962388e+01,-5.867608e+01
Si III 1206,1.139643e-05,1.062647e-04,1.176623e-04,1206.641960,0.141960,0.000000e+00,0.000000e+00,3.455329e-06,3.151395e-02,3.185135e+01,1.214361e+06,1.662981e-28,4.248594e-14,4.760303e-01,7.450581e+00,2.179199e+04,3.273535e+04,3.288379e+04,-2.574144e+01,-2.530370e+01,-4.783297e+01
Si III 1206,1.123764e-05,1.265395e-04,1.377786e-04,1206.666230,0.166230,0.000000e+00,0.000000e+00,3.523995e-06,3.151395e-02,3.792836e+01,1.263105e+06,1.516182e-28,4.029924e-14,1.855362e+00,7.450581e+00,2.179199e+04,3.273340e+04,3.288379e+04,-3.065534e+01,-2.518033e+01,-5.253488e+01
Si III 1206,1.061874e-05,1.307996e-04,1.414197e-04,1206.670623,0.170623,7.213310e-06,3.453732e+07,3.617742e-06,3.151395e-02,3.920492e+01,1.331202e+06,1.624448e-28,4.550286e-14,1.553202e+00,7.450581e+00,2.179395e+04,3.273340e+04,3.288379e+04,-3.857431e+01,-3.267123e+01,-4.606970e+01
Si III 1206,1.010063e-05,9.490336e-05,1.050050e-04,1206.626688,0.126688,3.299665e-05,1.522380e+08,3.489819e-06,3.151395e-02,2.844251e+01,1.238724e+06,1.638728e-28,4.271589e-14,7.781900e-01,7.450581e+00,2.179395e+04,3.273340e+04,3.288574e+04,-3.317062e+01,-4.741062e+01,-4.391887e+01
Si III 1206,9.841048e-06,9.833475e-05,1.081768e-04,1206.630515,0.130515,2.515882e-04,1.198356e+09,3.598557e-06,3.151395e-02,2.946898e+01,1.317121e+06,1.838536e-28,5.096071e-14,1.184888e+00,7.450581e+00,2.179590e+04,3.273340e+04,3.288574e+04,-3.915049e+01,-5.707623e+01,-4.276824e+01
Si III 1206,9.445801e-06,1.106077e-04,1.200546e-04,1206.644846,0.144846,1.522477e-03,7.694991e+09,3.825613e-06,3.151395e-02,3.314407e+01,1.488576e+06,2.046443e-28,6.411042e-14,1.146505e+00,7.450581e+00,2.179590e+04,3.273145e+04,3.288574e+04,-4.470398e+01,-6.816752e+01,-5.026821e+01
Si III 1206,9.063358e-06,1.239745e-04,1.330390e-04,1206.660512,0.160512,2.003726e-04,9.875544e+08,3.724528e-06,3.151395e-02,3.715090e+01,1.410949e+06,2.139861e-28,6.354003e-14,1.684613e+00,7.450581e+00,2.179785e+04,3.273145e+04,3.288574e+04,-4.858609e+01,-6.685073e+01,-5.094521e+01
Si III 1206,8.501417e-06,7.634125e-05,8.484331e-05,1206.602363,0.102363,1.779009e-06,8.481741e+06,3.605745e-06,3.151395e-02,2.287218e+01,1.322388e+06,2.306191e-28,6.418359e-14,6.467788e-01,7.450581e+00,2.179785e+04,3.273145e+04,3.288770e+04,-3.649426e+01,-7.214637e+01,-4.548785e+01
Si III 1206,8.285669e-06,1.135784e-04,1.218650e-04,1206.647030,0.147030,2.862251e-04,1.268362e+09,3.350667e-06,3.151395e-02,3.403830e+01,1.141909e+06,2.242710e-28,5.389959e-14,1.893745e+00,7.450581e+00,2.179980e+04,3.273145e+04,3.288770e+04,-4.118169e+01,-5.481805e+01,-4.779190e+01
Si III 1206,7.653967e-06,1.352373e-04,1.428923e-04,1206.672400,0.172400,3.912129e-11,1.842482e+02,3.561661e-06,3.151395e-02,4.052740e+01,1.290251e+06,2.612591e-28,7.092281e-14,4.376474e-01,7.450581e+00,2.179980e+04,3.272949e+04,3.288770e+04,-4.428264e+01,-6.007814e+01,-6.203818e+01
Si III 1206,7.507980e-06,1.860416e-04,1.935509e-04,1206.733519,0.233519,7.223436e-11,3.514645e+02,3.681582e-06,3.151395e-02,5.575754e+01,1.378599e+06,2.438748e-28,7.072587e-14,1.816025e+00,7.450581e+00,2.180176e+04,3.272949e+04,3.288770e+04,-5.263909e+01,-4.620058e+01,-6.985285e+01
Si III 1206,6.902204e-06,1.417246e-04,1.486278e-04,1206.679319,0.179319,8.598912e-11,4.103051e+02,3.605391e-06,3.151395e-02,4.247392e+01,1.322129e+06,2.804933e-28,7.802011e-14,5.153676e-01,7.450581e+00,2.180176e+04,3.272949e+04,3.288965e+04,-4.855577e+01,-5.585654e+01,-5.426127e+01
Si III 1206,6.730291e-06,1.982767e-04,2.050084e-04,1206.747343,0.247343,2.156819e-07,1.104029e+06,3.873224e-06,3.151395e-02,5.942592e+01,1.525858e+06,2.628032e-28,8.437426e-14,2.331392e+00,7.450581e+00,2.180371e+04,3.272949e+04,3.288965e+04,-6.129088e+01,-4.592229e+01,-6.081774e+01
Si III 1206,5.952602e-06,2.424936e-04,2.484476e-04,1206.799752,0.299752,2.403369e-06,1.313454e+07,4.132286e-06,3.151395e-02,7.267678e+01,1.736799e+06,2.794566e-28,1.021236e-13,2.712099e-01,7.450581e+00,2.180566e+04,3.272949e+04,3.288965e+04,-7.727409e+01,-4.992141e+01,-6.404555e+01
Si III 1206,5.862134e-06,1.873069e-04,1.931701e-04,1206.733060,0.233060,2.422523e-05,1.317993e+08,4.118351e-06,3.151395e-02,5.613457e+01,1.725106e+06,2.692337e-28,9.765683e-14,1.676226e+00,7.450581e+00,2.180566e+04,3.272754e+04,3.288965e+04,-5.637200e+01,-5.468115e+01,-7.067099e+01
Si III 1206,5.302990e-06,1.933111e-04,1.986151e-04,1206.739629,0.239629,1.355180e-03,7.171601e+09,4.000852e-06,3.151395e-02,5.792753e+01,1.628073e+06,3.303900e-28,1.130781e-13,3.839564e-01,7.450581e+00,2.180566e+04,3.272754e+04,3.289160e+04,-7.230106e+01,-7.837563e+01,-6.346343e+01
Si III 1206,5.174913e-06,1.780260e-04,1.832019e-04,1206.721033,0.221033,3.045842e-02,1.567647e+10,4.062669e-06,3.151395e-02,5.334088e+01,1.678772e+06,3.619350e-28,1.277357e-13,2.331392e+00,7.450581e+00,2.180762e+04,3.272754e+04,3.289160e+04,-8.237666e+01,-9.507360e+01,-4.638875e+01
Si III 1206,4.397224e-06,1.524261e-04,1.568240e-04,1206.689208,0.189208,1.649018e-03,8.670406e+09,3.975876e-06,3.151395e-02,4.567063e+01,1.607810e+06,3.351366e-28,1.131701e-13,9.800671e-01,9.313226e-01,2.180908e+04,3.272705e+04,3.289209e+04,-7.742665e+01,-9.054130e+01,-3.369507e+01
Si III 1206,4.070300e-06,1.315068e-04,1.355776e-04,1206.663574,0.163574,1.359625e-05,7.143451e+07,3.976930e-06,3.151395e-02,3.940142e+01,1.608662e+06,3.375018e-28,1.140330e-13,1.856289e-01,9.313226e-01,2.180908e+04,3.272607e+04,3.289209e+04,-6.846874e+01,-8.951501e+01,-3.581130e+01
Si III 1206,4.008379e-06,1.350260e-04,1.390349e-04,1206.667746,0.167746,1.764958e-02,1.334273e+10,4.039493e-06,3.151395e-02,4.046262e+01,1.659674e+06,3.044776e-28,1.059833e-13,9.131509e-01,9.313226e-01,2.181006e+04,3.272607e+04,3.289209e+04,-6.415292e+01,-7.189765e+01,-3.156754e+01
Si III 1206,3.703777e-06,1.159176e-04,1.196218e-04,1206.644324,0.144324,6.757490e-05,3.639160e+08,4.077209e-06,3.151395e-02,3.473226e+01,1.690811e+06,3.184952e-28,1.129187e-13,2.525452e-01,9.313226e-01,2.181006e+04,3.272607e+04,3.289307e+04,-6.488742e+01,-8.104567e+01,-2.415583e+01
Si III 1206,3.619535e-06,1.380914e-04,1.417114e-04,1206.670975,0.170975,6.862946e-02,3.592688e+10,4.274214e-06,3.151395e-02,4.138303e+01,1.858153e+06,3.143641e-28,1.222971e-13,1.165696e+00,9.313226e-01,2.181104e+04,3.272607e+04,3.289307e+04,-6.800641e+01,-6.616099e+01,-2.078262e+01
Si III 1206,3.230690e-06,1.745072e-04,1.777385e-04,1206.714441,0.214441,1.616522e-02,1.342073e+10,4.554451e-06,3.151395e-02,5.230079e+01,2.109799e+06,3.316109e-28,1.463352e-13,1.687997e-01,9.313226e-01,2.181201e+04,3.272607e+04,3.289307e+04,-7.754652e+01,-5.299664e+01,-1.621453e+01
Si III 1206,3.174383e-06,1.560656e-04,1.592405e-04,1206.692124,0.192124,9.696521e-01,4.624530e+11,4.622462e-06,3.151395e-02,4.677546e+01,2.173280e+06,3.775358e-28,1.716006e-13,8.100568e-01,9.313226e-01,2.181201e+04,3.272510e+04,3.289307e+04,-6.717280e+01,-4.723135e+01,-1.883854e+01
Si III 1206,2.904170e-06,1.354663e-04,1.383709e-04,1206.666944,0.166944,1.053503e-01,5.023002e+10,4.541303e-06,3.151395e-02,4.059875e+01,2.097635e+06,3.838630e-28,1.684767e-13,1.868396e-01,9.313226e-01,2.181201e+04,3.272510e+04,3.289404e+04,-6.758667e+01,-5.590951e+01,-1.057122e+01
Si III 1206,2.841845e-06,1.852575e-04,1.880999e-04,1206.726942,0.226942,5.787932e-01,2.761265e+11,4.701519e-06,3.151395e-02,5.552553e+01,2.248253e+06,3.997467e-28,1.880301e-13,1.165696e+00,9.313226e-01,2.181299e+04,3.272510e+04,3.289404e+04,-7.909658e+01,-4.006927e+01,-9.404893e+00
Si III 1206,2.453001e-06,2.170589e-04,2.195125e-04,1206.764842,0.264842,1.077761e-01,5.141539e+10,4.702092e-06,3.151395e-02,6.505918e+01,2.248802e+06,4.004301e-28,1.884575e-13,5.232283e-01,9.313226e-01,2.181396e+04,3.272510e+04,3.289404e+04,-8.504890e+01,-2.728903e+01,-9.159916e+00
Si III 1206,2.278466e-06,2.279496e-04,2.302286e-04,1206.777771,0.277771,5.955880e-01,2.840941e+11,4.674559e-06,3.151395e-02,6.832661e+01,2.222543e+06,4.605238e-28,2.143567e-13,5.213338e-01,9.313226e-01,2.181396e+04,3.272412e+04,3.289404e+04,-7.834716e+01,-1.182240e+01,-1.715749e+01
Si III 1206,2.104563e-06,2.369767e-04,2.390818e-04,1206.788452,0.288452,1.819606e-02,1.521811e+10,4.593497e-06,3.151395e-02,7.102866e+01,2.146129e+06,4.745412e-28,2.134842e-13,1.211339e-01,9.313226e-01,2.181396e+04,3.272412e+04,3.289502e+04,-8.837923e+01,-3.011948e+01,-1.949056e+01
Si III 1206,2.064156e-06,2.619351e-04,2.639998e-04,1206.818516,0.318516,1.849017e-02,1.537120e+10,4.559273e-06,3.151395e-02,7.851010e+01,2.114269e+06,4.812480e-28,2.133225e-13,1.165696e+00,9.313226e-01,2.181494e+04,3.272412e+04,3.289502e+04,-9.175342e+01,-2.384999e+01,-2.532062e+01
Si III 1206,1.675312e-06,2.601767e-04,2.618524e-04,1206.815925,0.315925,0.000000e+00,0.000000e+00,4.521021e-06,3.151395e-02,7.798390e+01,2.078940e+06,5.085437e-28,2.216529e-13,8.776569e-01,9.313226e-01,2.181592e+04,3.272412e+04,3.289502e+04,-8.973875e+01,-1.982792e+01,-2.458221e+01
Si III 1206,1.382549e-06,2.614362e-04,2.628191e-04,1206.817091,0.317091,7.422706e-06,4.419131e+07,4.508122e-06,3.151395e-02,7.836296e+01,2.067094e+06,5.725460e-28,2.481915e-13,2.326108e-01,9.313226e-01,2.181592e+04,3.272314e+04,3.289502e+04,-8.194796e+01,-1.327578e+01,-3.568558e+01
Si III 1206,1.304956e-06,2.388819e-04,2.401872e-04,1206.789786,0.289786,1.380397e-11,7.874328e+01,4.314346e-06,3.151395e-02,7.159979e+01,1.893210e+06,5.836182e-28,2.318831e-13,5.542835e-02,9.313226e-01,2.181592e+04,3.272314e+04,3.289600e+04,-8.490059e+01,-3.205722e+01,-2.977527e+01
Si III 1206,1.286467e-06,2.406948e-04,2.419816e-04,1206.791951,0.291951,5.802178e-13,3.339492e+00,4.356506e-06,3.151395e-02,7.214512e+01,1.930393e+06,5.733509e-28,2.320851e-13,5.828480e-01,1.164153e-01,2.181665e+04,3.272339e+04,3.289575e+04,-8.315791e+01,-2.142348e+01,-2.520682e+01
Si III 1206,1.092045e-06,2.431160e-04,2.442083e-04,1206.794637,0.294637,4.614079e-12,2.687960e+01,4.411842e-06,3.151395e-02,7.287141e+01,1.979743e+06,5.991510e-28,2.486335e-13,4.720232e-01,1.164153e-01,2.181714e+04,3.272339e+04,3.289575e+04,-8.412085e+01,-1.617938e+01,-2.032906e+01
Si III 1206,9.345907e-07,2.380301e-04,2.389649e-04,1206.788311,0.288311,8.249731e-12,4.709436e+01,4.320381e-06,3.151395e-02,7.134769e+01,1.898511e+06,6.371127e-28,2.535668e-13,8.824929e-02,1.164153e-01,2.181714e+04,3.272290e+04,3.289575e+04,-7.978997e+01,-1.447160e+01,-2.397057e+01
Si III 1206,9.051531e-07,2.291331e-04,2.300385e-04,1206.777541,0.277541,5.460556e-12,3.061401e+01,4.243750e-06,3.151395e-02,6.868028e+01,1.831760e+06,6.649892e-28,2.554253e-13,2.257554e-02,1.164153e-01,2.181714e+04,3.272290e+04,3.289624e+04,-7.958952e+01,-2.003162e+01,-2.279760e+01
Si III 1206,8.976225e-07,2.406626e-04,2.415604e-04,1206.791443,0.291443,1.849884e-10,1.053652e+03,4.310231e-06,3.151395e-02,7.213644e+01,1.889601e+06,6.939017e-28,2.748431e-13,5.828480e-01,1.164153e-01,2.181763e+04,3.272290e+04,3.289624e+04,-8.309704e+01,-1.353602e+01,-1.827111e+01
Si III 1206,7.032002e-07,2.616344e-04,2.623377e-04,1206.816510,0.316510,3.248612e-10,1.891125e+03,4.408127e-06,3.151395e-02,7.842213e+01,1.976411e+06,7.373899e-28,3.053968e-13,5.828480e-01,1.164153e-01,2.181812e+04,3.272290e+04,3.289624e+04,-9.000937e+01,-6.555023e+00,-1.325532e+01
Si III 1206,5.087780e-07,2.853282e-04,2.858371e-04,1206.844862,0.344862,1.082860e-11,6.393193e+01,4.471467e-06,3.151395e-02,8.552311e+01,2.033616e+06,7.829522e-28,3.335639e-13,1.027726e-02,1.164153e-01,2.181860e+04,3.272290e+04,3.289624e+04,-9.803025e+01,6.489060e-01,-7.762200e+00
Si III 1206,5.053498e-07,2.790500e-04,2.795555e-04,1206.837284,0.337284,4.580875e-11,2.671028e+02,4.414661e-06,3.151395e-02,8.364176e+01,1.982274e+06,7.980181e-28,3.314919e-13,5.611222e-02,1.164153e-01,2.181860e+04,3.272290e+04,3.289673e+04,-9.509296e+01,-2.330225e+00,-1.184322e+01
Si III 1206,4.866322e-07,2.984915e-04,2.989782e-04,1206.860717,0.360717,7.188100e-10,4.117039e+03,4.333070e-06,3.151395e-02,8.946878e+01,1.909679e+06,8.842769e-28,3.540620e-13,5.164586e-01,1.164153e-01,2.181860e+04,3.272241e+04,3.289673e+04,-9.886356e+01,9.332385e-01,-1.547999e+01
Si III 1206,3.143557e-07,3.275425e-04,3.278570e-04,1206.895559,0.395559,1.153274e-09,6.667960e+03,4.378517e-06,3.151395e-02,9.817506e+01,1.949948e+06,9.245547e-28,3.779400e-13,5.828480e-01,1.164153e-01,2.181909e+04,3.272241e+04,3.289673e+04,-1.077788e+02,9.425559e+00,-1.093834e+01
Si III 1206,1.199334e-07,3.524399e-04,3.525599e-04,1206.925363,0.425363,1.110805e-06,6.407322e+06,4.368235e-06,3.151395e-02,1.056361e+02,1.940800e+06,9.527076e-28,3.875254e-13,4.313006e-02,1.164153e-01,2.181958e+04,3.272241e+04,3.289673e+04,-1.151095e+02,1.793461e+01,-6.583446e+00
Si III 1206,1.055464e-07,3.593985e-04,3.595041e-04,1206.933742,0.433742,5.299228e-04,3.065862e+09,4.381049e-06,3.151395e-02,1.077221e+02,1.952204e+06,9.587603e-28,3.924058e-13,2.004737e-01,1.164153e-01,2.181958e+04,3.272241e+04,3.289722e+04,-1.149359e+02,1.810710e+01,-1.190686e+01
Si III 1206,3.867379e-08,3.881919e-04,3.882306e-04,1206.968400,0.468400,1.635605e-04,9.481644e+08,4.387486e-06,3.151395e-02,1.163508e+02,1.957945e+06,1.050875e-27,4.316253e-13,1.200934e-01,1.164153e-01,2.181958e+04,3.272192e+04,3.289722e+04,-1.225077e+02,2.227624e+01,-1.379580e+01
