Line	 z_cosmo	 z_doppler	 z_effective	 wavelength [A]	delta wavelength [A]	 optical depth	column density [cm^-2]	 thermal broadening [km/s]	equivalent width [A]	 velocity_los [km/s]	temperature [K]	 density [g/cm^3]	 pressure [dyne/cm^2]	dl [kpccm/h]	 cell_volume [kpccm/h^3]	 x [kpccm/h]	y [kpccm/h]	 z [kpccm/h]	 v_x [km/s]	 v_y [km/s]	v_z [km/s]	 
Line,z_cosmo,z_dopp,z_eff,lambda,delta_lamdba,tau,N,thermal_b,EW,v_los,T,rho,p,dl,cell_volume,x,y,z,vx,vy,vz
C II 1335,1.222668e-05,1.465035e-04,1.587320e-04,1334.743833,0.211833,1.722052e-01,8.491230e+11,4.417059e-06,9.722524e-01,4.389044e+01,8.486359e+05,3.883105e-28,6.934065e-14,4.145898e-01,7.450581e+00,2.180176e+04,3.271387e+04,3.292871e+04,-1.318207e+02,1.961999e+01,-1.871746e+01
C II 1335,1.208839e-05,1.266255e-04,1.387154e-04,1334.717120,0.185120,5.896127e-01,2.903668e+12,4.184793e-06,9.722524e-01,3.792653e+01,7.617334e+05,4.385022e-28,7.027868e-14,1.449777e+00,7.450581e+00,2.180176e+04,3.271387e+04,3.292676e+04,-1.401232e+02,1.581337e+01,-3.154507e+01
C II 1335,1.160479e-05,1.649880e-04,1.765947e-04,1334.767671,0.235671,2.445056e-01,1.205736e+12,4.431937e-06,9.722524e-01,4.942691e+01,8.543625e+05,4.461606e-28,8.020958e-14,8.607215e-01,7.450581e+00,2.180371e+04,3.271387e+04,3.292676e+04,-1.434126e+02,2.021916e+00,-2.345119e+01
C II 1335,1.131768e-05,1.979943e-04,2.093142e-04,1334.811336,0.279336,1.136509e-01,5.594952e+11,4.113350e-06,9.722524e-01,5.931245e+01,7.359466e+05,5.363385e-28,8.304331e-14,1.109294e+00,7.450581e+00,2.180371e+04,3.271387e+04,3.292480e+04,-1.607468e+02,-1.651273e+01,-2.658733e+01
C II 1335,1.094766e-05,2.378741e-04,2.488243e-04,1334.864064,0.332064,9.550086e-01,4.709570e+12,4.446978e-06,9.722524e-01,7.124468e+01,8.601717e+05,7.311895e-28,1.321160e-13,1.201204e+00,7.450581e+00,2.180371e+04,3.271582e+04,3.292480e+04,-1.982955e+02,-1.862442e+01,-3.461403e+01
C II 1335,1.054697e-05,2.624604e-04,2.730102e-04,1334.896341,0.364341,1.608326e-01,7.949504e+11,4.720211e-06,9.722524e-01,7.862473e+01,9.691206e+05,5.756532e-28,1.169941e-13,8.475047e-01,7.450581e+00,2.180371e+04,3.271582e+04,3.292285e+04,-1.855774e+02,-2.238705e+01,-1.955909e+01
C II 1335,1.026427e-05,2.281992e-04,2.384658e-04,1334.850240,0.318240,1.909331e-01,9.484433e+11,5.110999e-06,9.722524e-01,6.835826e+01,1.136231e+06,6.185158e-28,1.475071e-13,1.462994e+00,7.450581e+00,2.180566e+04,3.271582e+04,3.292285e+04,-1.758128e+02,-2.808219e+01,-2.758477e+01
C II 1335,9.776264e-06,1.880022e-04,1.977803e-04,1334.795944,0.263944,6.540867e-01,3.215329e+12,5.323463e-06,9.722524e-01,5.631623e+01,1.232661e+06,5.421883e-28,1.400415e-13,2.310499e+00,7.450581e+00,2.180566e+04,3.271582e+04,3.292090e+04,-1.613608e+02,-1.605886e+01,-3.036571e+01
C II 1335,9.005556e-06,2.054600e-04,2.144674e-04,1334.818214,0.286214,1.869701e-01,9.392631e+11,5.695061e-06,9.722524e-01,6.153245e+01,1.410756e+06,7.061497e-28,2.085701e-13,2.452325e-01,7.450581e+00,2.180566e+04,3.271582e+04,3.291895e+04,-1.882151e+02,-2.361953e+01,-4.161881e+01
C II 1335,8.923755e-06,1.773796e-04,1.863050e-04,1334.780630,0.248630,2.348929e+00,1.154692e+13,5.613349e-06,9.722524e-01,5.308554e+01,1.370563e+06,1.137411e-27,3.265521e-13,2.065266e+00,7.450581e+00,2.180762e+04,3.271582e+04,3.291895e+04,-2.219740e+02,-2.357309e+01,-7.100822e+01
C II 1335,8.234848e-06,2.732146e-04,2.814517e-04,1334.907606,0.375606,6.945904e-01,3.414274e+12,6.350214e-06,9.722524e-01,8.182642e+01,1.754009e+06,9.109353e-28,3.342519e-13,6.707357e-01,9.313226e-01,2.180811e+04,3.271631e+04,3.291748e+04,-2.162793e+02,-2.689674e+01,-3.460667e+01
C II 1335,8.011112e-06,3.209066e-04,3.289203e-04,1334.970955,0.438955,3.968192e-01,1.950937e+12,7.190850e-06,9.722524e-01,9.611692e+01,2.249135e+06,9.889267e-28,4.645013e-13,4.845136e-01,9.313226e-01,2.180811e+04,3.271729e+04,3.291748e+04,-2.280550e+02,-2.167294e+01,-2.310064e+01
C II 1335,7.849494e-06,3.744553e-04,3.823078e-04,1335.042202,0.510202,5.433760e-01,2.672328e+12,7.674601e-06,9.722524e-01,1.121788e+02,2.561927e+06,7.315263e-28,3.913869e-13,7.982095e-01,9.313226e-01,2.180811e+04,3.271729e+04,3.291650e+04,-2.175264e+02,-2.584761e+01,8.577750e-01
C II 1335,7.583237e-06,3.845837e-04,3.921698e-04,1335.055363,0.523363,3.294373e-01,1.620379e+12,7.794817e-06,9.722524e-01,1.152164e+02,2.642816e+06,7.422474e-28,4.093110e-13,3.570398e-01,9.313226e-01,2.180908e+04,3.271729e+04,3.291650e+04,-2.157192e+02,-2.614091e+01,5.413252e+00
C II 1335,7.464140e-06,4.029652e-04,4.104323e-04,1335.079735,0.547735,7.725956e-01,3.801764e+12,8.102658e-06,9.722524e-01,1.207309e+02,2.855684e+06,6.341448e-28,3.777586e-13,1.155249e+00,9.313226e-01,2.180908e+04,3.271729e+04,3.291553e+04,-2.089978e+02,-3.342317e+01,1.388977e+01
C II 1335,7.078786e-06,4.072765e-04,4.143581e-04,1335.084974,0.552974,1.363204e-01,7.518667e+11,8.169168e-06,9.722524e-01,1.220309e+02,2.902757e+06,5.658046e-28,3.424751e-13,4.970733e-01,9.313226e-01,2.180908e+04,3.271729e+04,3.291455e+04,-1.963403e+02,-3.788662e+01,2.153352e+01
C II 1335,6.912979e-06,4.249405e-04,4.318564e-04,1335.108326,0.576326,4.895419e-01,2.409240e+12,8.189000e-06,9.722524e-01,1.273200e+02,2.916868e+06,6.345935e-28,3.855190e-13,6.581759e-01,9.313226e-01,2.181006e+04,3.271729e+04,3.291455e+04,-2.064949e+02,-3.450189e+01,2.284038e+01
C II 1335,6.693432e-06,4.235248e-04,4.302211e-04,1335.106144,0.574144,2.811214e-01,1.383243e+12,8.078209e-06,9.722524e-01,1.268942e+02,2.838476e+06,7.089125e-28,4.190958e-13,4.514565e-01,9.313226e-01,2.181006e+04,3.271729e+04,3.291357e+04,-2.085762e+02,-3.498689e+01,2.101280e+01
C II 1335,6.542841e-06,4.777736e-04,4.843196e-04,1335.178340,0.646340,3.359986e+00,1.656182e+13,8.823538e-06,9.722524e-01,1.431549e+02,3.386418e+06,7.119133e-28,5.012586e-13,7.037928e-01,9.313226e-01,2.181006e+04,3.271826e+04,3.291357e+04,-2.089745e+02,-3.955162e+01,3.882188e+01
C II 1335,6.308078e-06,4.574530e-04,4.637639e-04,1335.150908,0.618908,7.126546e-01,3.509441e+12,8.487551e-06,9.722524e-01,1.370592e+02,3.133429e+06,8.265416e-28,5.386917e-13,1.959372e-01,9.313226e-01,2.181006e+04,3.271826e+04,3.291260e+04,-2.162127e+02,-3.865243e+01,2.768524e+01
C II 1335,6.242720e-06,4.744672e-04,4.807129e-04,1335.173527,0.641527,4.102844e+00,2.019642e+13,8.327739e-06,9.722524e-01,1.421703e+02,3.016541e+06,7.446460e-28,4.673994e-13,9.593121e-01,9.313226e-01,2.181104e+04,3.271826e+04,3.291260e+04,-1.975579e+02,-4.329025e+01,4.323966e+01
C II 1335,5.922724e-06,4.357288e-04,4.416541e-04,1335.121402,0.589402,1.877247e+00,9.237448e+12,8.118759e-06,9.722524e-01,1.305715e+02,2.867045e+06,6.776253e-28,4.046840e-13,1.050050e+00,9.313226e-01,2.181104e+04,3.271826e+04,3.291162e+04,-1.743496e+02,-4.169116e+01,4.328139e+01
C II 1335,5.572461e-06,3.867862e-04,3.923608e-04,1335.055618,0.523618,4.029560e-02,3.098512e+11,7.166100e-06,9.722524e-01,1.159214e+02,2.233679e+06,4.395642e-28,2.050509e-13,1.051989e-01,9.313226e-01,2.181201e+04,3.271826e+04,3.291162e+04,-1.263774e+02,-4.036929e+01,5.387847e+01
C II 1335,5.537370e-06,3.664852e-04,3.720246e-04,1335.028479,0.496479,1.166762e-01,6.207040e+11,7.382585e-06,9.722524e-01,1.098407e+02,2.370675e+06,4.327646e-28,2.142728e-13,1.155249e+00,9.313226e-01,2.181201e+04,3.271826e+04,3.291064e+04,-1.112375e+02,-4.380181e+01,5.448873e+01
C II 1335,5.152016e-06,3.214236e-04,3.265773e-04,1334.967828,0.435828,7.494140e-01,3.684456e+12,7.191660e-06,9.722524e-01,9.633652e+01,2.249642e+06,6.616065e-28,3.107561e-13,2.321773e-01,9.313226e-01,2.181201e+04,3.271826e+04,3.290967e+04,-9.398272e+01,-5.915134e+01,4.440541e+01
C II 1335,5.074569e-06,3.743874e-04,3.794639e-04,1335.038407,0.506407,5.446533e+00,2.679242e+13,7.870005e-06,9.722524e-01,1.122119e+02,2.694046e+06,1.506127e-27,8.458628e-13,5.167369e-01,9.313226e-01,2.181201e+04,3.271924e+04,3.290967e+04,-7.639501e+01,-7.264715e+01,6.975528e+01
C II 1335,4.902203e-06,3.168721e-04,3.217759e-04,1334.961420,0.429420,3.410816e+00,1.677058e+13,7.331844e-06,9.722524e-01,9.497591e+01,2.338200e+06,1.259804e-27,6.142000e-13,4.063351e-01,9.313226e-01,2.181299e+04,3.271924e+04,3.290967e+04,-8.996934e+01,-3.493266e+01,5.145956e+01
C II 1335,4.766662e-06,2.668187e-04,2.715867e-04,1334.894441,0.362441,4.436892e+01,2.180964e+14,6.245659e-06,9.722524e-01,7.996524e+01,1.696726e+06,5.606737e-27,1.984531e-12,1.155249e+00,9.313226e-01,2.181299e+04,3.271924e+04,3.290869e+04,-9.999567e+01,-6.794599e+01,1.927336e+01
C II 1335,4.381308e-06,1.544573e-04,1.588393e-04,1334.743976,0.211976,5.450004e+00,2.679189e+13,4.079647e-06,9.722524e-01,4.628705e+01,7.239363e+05,6.513616e-27,9.898245e-13,1.225377e-01,1.164153e-01,2.181323e+04,3.271899e+04,3.290796e+04,-8.542299e+01,-5.878120e+01,-9.783454e+00
C II 1335,4.340434e-06,1.810326e-04,1.853739e-04,1334.779387,0.247387,2.886850e+01,1.419120e+14,3.563188e-06,9.722524e-01,5.424172e+01,5.522461e+05,1.278258e-26,1.481203e-12,3.252404e-01,1.164153e-01,2.181323e+04,3.271948e+04,3.290796e+04,-1.096566e+02,-7.680204e+01,-1.903565e+01
C II 1335,4.231944e-06,1.647298e-04,1.689625e-04,1334.757486,0.225486,5.138178e+00,2.526429e+13,3.531161e-06,9.722524e-01,4.936734e+01,5.423631e+05,5.840712e-27,6.652019e-13,1.298466e-01,1.164153e-01,2.181372e+04,3.271948e+04,3.290796e+04,-8.148290e+01,-6.152341e+01,-4.593963e+00
C II 1335,4.188631e-06,2.858887e-04,2.900786e-04,1334.919119,0.387119,3.499504e+01,1.720109e+14,4.079321e-06,9.722524e-01,8.565330e+01,7.238206e+05,9.808600e-27,1.490543e-12,5.776246e-01,1.164153e-01,2.181372e+04,3.271948e+04,3.290747e+04,-1.474394e+02,-1.025482e+02,-1.035631e+01
C II 1335,3.995954e-06,3.555762e-04,3.595735e-04,1335.011862,0.479862,2.714160e+01,1.333997e+14,4.633585e-06,9.722524e-01,1.064966e+02,9.338764e+05,1.316511e-26,2.579454e-12,2.972100e-01,1.164153e-01,2.181372e+04,3.271948e+04,3.290698e+04,-2.050921e+02,-1.363104e+02,-2.770664e+01
C II 1335,3.896815e-06,3.800628e-04,3.839611e-04,1335.044408,0.512408,1.346901e+01,6.619795e+13,4.580845e-06,9.722524e-01,1.138522e+02,9.127382e+05,1.001625e-26,1.920178e-12,2.804146e-01,1.164153e-01,2.181421e+04,3.271948e+04,3.290698e+04,-1.896501e+02,-1.286987e+02,-8.129347e+00
C II 1335,3.803277e-06,3.678956e-04,3.717003e-04,1335.028046,0.496046,3.122490e+01,1.534671e+14,5.103943e-06,9.722524e-01,1.102050e+02,1.133096e+06,9.427839e-27,2.243756e-12,5.776246e-01,1.164153e-01,2.181421e+04,3.271948e+04,3.290649e+04,-1.850701e+02,-1.340100e+02,-1.120461e+01
C II 1335,3.610600e-06,3.072689e-04,3.108807e-04,1334.946880,0.414880,1.173963e+00,5.770260e+12,5.354831e-06,9.722524e-01,9.204027e+01,1.247230e+06,8.038321e-27,2.105375e-12,1.289807e-02,1.164153e-01,2.181421e+04,3.271948e+04,3.290601e+04,-1.685857e+02,-1.304594e+02,-2.228376e+01
C II 1335,3.606298e-06,2.460127e-04,2.496199e-04,1334.865126,0.333126,8.034420e+00,3.949315e+13,4.961718e-06,9.722524e-01,7.370551e+01,1.070827e+06,6.544400e-27,1.471855e-12,1.337439e-01,1.164153e-01,2.181421e+04,3.271997e+04,3.290601e+04,-1.331765e+02,-1.016075e+02,-1.604312e+01
C II 1335,3.561685e-06,2.665598e-04,2.701224e-04,1334.892487,0.360487,1.776661e+01,8.732990e+13,5.030068e-06,9.722524e-01,7.987426e+01,1.100532e+06,4.472035e-27,1.034231e-12,4.309827e-01,1.164153e-01,2.181470e+04,3.271997e+04,3.290601e+04,-1.164922e+02,-9.703598e+01,2.046553e+00
C II 1335,3.417923e-06,2.778537e-04,2.812726e-04,1334.907367,0.375367,6.544295e+01,3.216743e+14,5.061229e-06,9.722524e-01,8.325262e+01,1.114210e+06,6.019479e-27,1.407972e-12,5.736985e-01,1.164153e-01,2.181470e+04,3.271997e+04,3.290552e+04,-1.310356e+02,-1.014332e+02,-3.472477e+00
C II 1335,3.226556e-06,3.632873e-04,3.665151e-04,1335.021126,0.489126,1.108789e+00,5.449609e+12,4.951064e-06,9.722524e-01,1.088270e+02,1.066233e+06,1.024031e-26,2.288948e-12,3.926141e-03,1.164153e-01,2.181519e+04,3.271997e+04,3.290552e+04,-1.862869e+02,-1.241152e+02,-1.093745e+01
C II 1335,3.225246e-06,3.717653e-04,3.749917e-04,1335.032438,0.500438,2.000497e+02,9.832200e+14,5.006805e-06,9.722524e-01,1.113586e+02,1.090376e+06,1.244624e-26,2.839328e-12,5.776246e-01,1.164153e-01,2.181519e+04,3.271997e+04,3.290503e+04,-1.992312e+02,-1.275816e+02,-1.629451e+01
C II 1335,3.032569e-06,4.055508e-04,4.085846e-04,1335.077269,0.545269,1.069747e+02,5.257508e+14,5.417946e-06,9.722524e-01,1.214571e+02,1.276804e+06,1.484276e-26,3.958066e-12,4.231304e-01,1.164153e-01,2.181519e+04,3.271997e+04,3.290454e+04,-2.304277e+02,-1.431298e+02,-2.636482e+01
C II 1335,2.891427e-06,4.444515e-04,4.473442e-04,1335.128995,0.596995,1.400906e+01,6.884817e+13,5.710636e-06,9.722524e-01,1.330995e+02,1.418483e+06,1.471486e-26,4.355909e-12,5.775268e-02,1.164153e-01,2.181567e+04,3.271997e+04,3.290454e+04,-2.542204e+02,-1.441947e+02,-2.655087e+01
C II 1335,2.872162e-06,4.106959e-04,4.135693e-04,1335.083921,0.551921,6.770129e+00,3.327321e+13,5.686553e-06,9.722524e-01,1.230293e+02,1.406544e+06,7.386911e-27,2.170417e-12,9.674153e-02,1.164153e-01,2.181567e+04,3.272046e+04,3.290454e+04,-2.000873e+02,-1.282819e+02,-3.164413e+00
C II 1335,2.839892e-06,4.147064e-04,4.175475e-04,1335.089230,0.557230,4.164619e+01,2.046795e+14,5.955631e-06,9.722524e-01,1.242251e+02,1.542804e+06,7.002984e-27,2.254797e-12,5.776246e-01,1.164153e-01,2.181567e+04,3.272046e+04,3.290405e+04,-2.054271e+02,-1.347797e+02,-6.525183e+00
C II 1335,2.647215e-06,3.766280e-04,3.792762e-04,1335.038156,0.506156,1.950312e+01,9.585595e+13,5.905247e-06,9.722524e-01,1.128156e+02,1.516810e+06,5.819660e-27,1.840428e-12,2.725624e-01,1.164153e-01,2.181567e+04,3.272046e+04,3.290356e+04,-1.988337e+02,-1.302617e+02,-1.504578e+01
C II 1335,2.556297e-06,4.515044e-04,4.540619e-04,1335.137960,0.605960,4.219970e+01,2.073927e+14,5.995614e-06,9.722524e-01,1.352132e+02,1.563588e+06,1.099852e-26,3.584844e-12,3.050623e-01,1.164153e-01,2.181616e+04,3.272046e+04,3.290356e+04,-2.595189e+02,-1.363158e+02,-2.502887e+01
C II 1335,2.454538e-06,4.168414e-04,4.192970e-04,1335.091565,0.559565,6.785743e+01,3.335002e+14,5.973265e-06,9.722524e-01,1.248316e+02,1.551953e+06,9.542839e-27,3.089087e-12,5.776246e-01,1.164153e-01,2.181616e+04,3.272046e+04,3.290308e+04,-2.487784e+02,-1.329374e+02,-3.024824e+01
C II 1335,2.261861e-06,4.144675e-04,4.167303e-04,1335.088140,0.556140,1.298988e+01,6.384145e+13,5.812151e-06,9.722524e-01,1.241150e+02,1.469362e+06,9.233361e-27,2.833070e-12,1.219943e-01,1.164153e-01,2.181616e+04,3.272046e+04,3.290259e+04,-2.516606e+02,-1.377290e+02,-3.401063e+01
C II 1335,2.221168e-06,4.678732e-04,4.700954e-04,1335.159357,0.627357,5.786071e+01,2.843589e+14,6.228634e-06,9.722524e-01,1.400945e+02,1.687488e+06,1.281164e-26,4.519948e-12,2.492492e-01,1.164153e-01,2.181665e+04,3.272046e+04,3.290259e+04,-2.868578e+02,-1.364033e+02,-3.499544e+01
C II 1335,2.138026e-06,5.413513e-04,5.434905e-04,1335.257305,0.725305,5.470443e+01,2.688223e+14,5.836884e-06,9.722524e-01,1.620928e+02,1.481894e+06,1.460918e-26,4.530125e-12,2.063811e-01,1.164153e-01,2.181665e+04,3.272095e+04,3.290259e+04,-3.072844e+02,-1.577124e+02,-2.630852e+01
C II 1335,2.069184e-06,5.033692e-04,5.054394e-04,1335.206525,0.674525,1.011656e+02,4.971552e+14,5.840886e-06,9.722524e-01,1.507313e+02,1.483927e+06,1.127545e-26,3.504274e-12,5.490509e-01,1.164153e-01,2.181665e+04,3.272095e+04,3.290210e+04,-2.824280e+02,-1.563717e+02,-2.510623e+01
C II 1335,1.886039e-06,4.977465e-04,4.996335e-04,1335.198777,0.666777,8.200867e+00,4.030162e+13,5.900390e-06,9.722524e-01,1.490549e+02,1.514316e+06,1.223098e-26,3.880504e-12,2.857378e-02,1.164153e-01,2.181714e+04,3.272095e+04,3.290210e+04,-2.849480e+02,-1.328498e+02,-2.236481e+01
C II 1335,1.876507e-06,4.328282e-04,4.347055e-04,1335.112128,0.580128,7.883535e+01,3.874479e+14,5.990120e-06,9.722524e-01,1.296310e+02,1.560724e+06,8.547939e-27,2.797109e-12,5.776246e-01,1.164153e-01,2.181714e+04,3.272095e+04,3.290161e+04,-2.530327e+02,-1.096749e+02,-2.091131e+01
C II 1335,1.683830e-06,4.097780e-04,4.114625e-04,1335.081110,0.549110,4.100483e+01,2.015301e+14,6.105833e-06,9.722524e-01,1.227276e+02,1.621604e+06,7.935231e-27,2.698860e-12,3.984828e-01,1.164153e-01,2.181714e+04,3.272095e+04,3.290112e+04,-2.522077e+02,-9.067607e+01,-2.361721e+01
C II 1335,1.550909e-06,4.204356e-04,4.219871e-04,1335.095155,0.563155,1.389353e+01,6.828262e+13,5.986964e-06,9.722524e-01,1.259184e+02,1.559080e+06,8.255572e-27,2.700248e-12,1.791418e-01,1.164153e-01,2.181763e+04,3.272095e+04,3.290112e+04,-2.650298e+02,-6.543178e+01,-2.058901e+01
C II 1335,1.491153e-06,4.414252e-04,4.429170e-04,1335.123087,0.591087,2.462482e+01,1.210213e+14,5.995016e-06,9.722524e-01,1.321875e+02,1.563276e+06,1.019471e-26,3.344086e-12,2.616039e-01,1.164153e-01,2.181763e+04,3.272095e+04,3.290063e+04,-2.912497e+02,-5.876273e+01,-2.649717e+01
C II 1335,1.403891e-06,3.431051e-04,3.445095e-04,1334.991759,0.459759,1.536285e+01,7.550969e+13,5.951840e-06,9.722524e-01,1.027774e+02,1.540840e+06,5.428071e-27,1.756142e-12,3.160207e-01,1.164153e-01,2.181763e+04,3.272144e+04,3.290063e+04,-2.172499e+02,-4.721182e+01,-1.571194e+01
C II 1335,1.298476e-06,3.173869e-04,3.186858e-04,1334.957296,0.425296,1.178491e+01,5.792531e+13,5.961780e-06,9.722524e-01,9.506868e+01,1.545991e+06,5.518591e-27,1.791346e-12,2.479147e-01,1.164153e-01,2.181763e+04,3.272144e+04,3.290015e+04,-2.165315e+02,-3.843782e+01,-2.211545e+01
C II 1335,1.215780e-06,3.331977e-04,3.344138e-04,1334.978286,0.446286,1.354097e+01,6.655580e+13,6.003075e-06,9.722524e-01,9.980288e+01,1.567482e+06,5.678720e-27,1.869407e-12,3.297099e-01,1.164153e-01,2.181812e+04,3.272144e+04,3.290015e+04,-2.259983e+02,-2.913163e+01,-1.951533e+01
C II 1335,1.105799e-06,2.686639e-04,2.697700e-04,1334.892017,0.360017,1.814743e+01,8.920333e+13,6.089496e-06,9.722524e-01,8.047634e+01,1.612939e+06,4.353685e-27,1.474439e-12,5.776246e-01,1.164153e-01,2.181812e+04,3.272144e+04,3.289966e+04,-1.977126e+02,-2.276331e+01,-2.444434e+01
C II 1335,9.131223e-07,1.845613e-04,1.854746e-04,1334.779522,0.247522,1.363320e+00,6.701983e+12,6.194727e-06,9.722524e-01,5.528710e+01,1.669165e+06,2.616565e-27,9.169803e-13,9.734666e-02,1.164153e-01,2.181812e+04,3.272144e+04,3.289917e+04,-1.570662e+02,-1.584552e+01,-2.905804e+01
C II 1335,8.806505e-07,1.799141e-04,1.807949e-04,1334.773277,0.241277,4.515244e+00,2.219681e+13,6.253069e-06,9.722524e-01,5.389881e+01,1.700754e+06,2.108204e-27,7.528320e-13,4.802780e-01,1.164153e-01,2.181860e+04,3.272144e+04,3.289917e+04,-1.493385e+02,-2.672681e+00,-2.280018e+01
C II 1335,7.204453e-07,1.362675e-04,1.369880e-04,1334.714815,0.182815,6.794750e-01,3.340473e+12,6.398342e-06,9.722524e-01,4.082173e+01,1.780697e+06,1.557473e-27,5.821191e-13,1.519643e-01,1.164153e-01,2.181860e+04,3.272144e+04,3.289868e+04,-1.318124e+02,5.851049e-01,-2.733868e+01
C II 1335,6.697548e-07,1.264551e-04,1.271250e-04,1334.701652,0.169652,4.591881e-01,2.257500e+12,6.361690e-06,9.722524e-01,3.788729e+01,1.760355e+06,1.222591e-27,4.516299e-13,3.724389e-01,1.164153e-01,2.181860e+04,3.272192e+04,3.289868e+04,-1.153691e+02,-1.406054e+00,-2.187882e+01
C II 1335,5.455212e-07,1.503324e-04,1.508780e-04,1334.733352,0.201352,1.462246e-03,1.420274e+11,6.448893e-06,9.722524e-01,4.504316e+01,1.808945e+06,1.170862e-27,4.445221e-13,5.322141e-02,1.164153e-01,2.181909e+04,3.272192e+04,3.289868e+04,-1.221065e+02,8.927246e+00,-1.457517e+01
C II 1335,5.277682e-07,1.226896e-04,1.232175e-04,1334.696438,0.164438,1.423049e-01,7.324112e+11,6.528756e-06,9.722524e-01,3.675816e+01,1.854027e+06,1.085249e-27,4.222553e-13,5.776246e-01,1.164153e-01,2.181909e+04,3.272192e+04,3.289819e+04,-1.158008e+02,1.160404e+01,-2.004822e+01
C II 1335,3.350912e-07,1.134579e-04,1.137931e-04,1334.683860,0.151860,1.892794e-03,1.873855e+11,6.573362e-06,9.722524e-01,3.399152e+01,1.879447e+06,1.043321e-27,4.114744e-13,3.738352e-01,1.164153e-01,2.181909e+04,3.272192e+04,3.289771e+04,-1.129624e+02,1.264398e+01,-2.141624e+01
C II 1335,2.103919e-07,1.399301e-04,1.401405e-04,1334.719022,0.187022,6.454976e-04,6.524796e+10,6.709906e-06,9.722524e-01,4.192293e+01,1.958340e+06,1.068816e-27,4.392516e-13,2.037895e-01,1.164153e-01,2.181958e+04,3.272192e+04,3.289771e+04,-1.241742e+02,2.348861e+01,-1.563343e+01
C II 1335,1.424142e-07,1.433042e-04,1.434466e-04,1334.723434,0.191434,1.558984e-04,1.575286e+10,6.709230e-06,9.722524e-01,4.293534e+01,1.957945e+06,1.050875e-27,4.316253e-13,4.231316e-01,1.164153e-01,2.181958e+04,3.272192e+04,3.289722e+04,-1.225077e+02,2.227624e+01,-1.379580e+01
C IV 1548,1.222668e-05,1.465035e-04,1.587320e-04,1548.432747,0.245747,2.070517e-01,5.189949e+11,4.417059e-06,4.302196e-02,4.389044e+01,8.486359e+05,3.883105e-28,6.934065e-14,4.145898e-01,7.450581e+00,2.180176e+04,3.271387e+04,3.292871e+04,-1.318207e+02,1.961999e+01,-1.871746e+01
C IV 1548,1.208839e-05,1.266255e-04,1.387154e-04,1548.401757,0.214757,7.355383e-01,1.837053e+12,4.184793e-06,4.302196e-02,3.792653e+01,7.617334e+05,4.385022e-28,7.027868e-14,1.449777e+00,7.450581e+00,2.180176e+04,3.271387e+04,3.292676e+04,-1.401232e+02,1.581337e+01,-3.154507e+01
C IV 1548,1.160479e-05,1.649880e-04,1.765947e-04,1548.460402,0.273402,2.888828e-01,7.243228e+11,4.431937e-06,4.302196e-02,4.942691e+01,8.543625e+05,4.461606e-28,8.020958e-14,8.607215e-01,7.450581e+00,2.180371e+04,3.271387e+04,3.292676e+04,-1.434126e+02,2.021916e+00,-2.345119e+01
C IV 1548,1.131768e-05,1.979943e-04,2.093142e-04,1548.511058,0.324058,1.040078e-01,2.595100e+11,4.113350e-06,4.302196e-02,5.931245e+01,7.359466e+05,5.363385e-28,8.304331e-14,1.109294e+00,7.450581e+00,2.180371e+04,3.271387e+04,3.292480e+04,-1.607468e+02,-1.651273e+01,-2.658733e+01
C IV 1548,1.094766e-05,2.378741e-04,2.488243e-04,1548.572227,0.385227,4.298913e-01,1.078064e+12,4.446978e-06,4.302196e-02,7.124468e+01,8.601717e+05,7.311895e-28,1.321160e-13,1.201204e+00,7.450581e+00,2.180371e+04,3.271582e+04,3.292480e+04,-1.982955e+02,-1.862442e+01,-3.461403e+01
C IV 1548,1.054697e-05,2.624604e-04,2.730102e-04,1548.609671,0.422671,4.320839e-02,1.395091e+11,4.720211e-06,4.302196e-02,7.862473e+01,9.691206e+05,5.756532e-28,1.169941e-13,8.475047e-01,7.450581e+00,2.180371e+04,3.271582e+04,3.292285e+04,-1.855774e+02,-2.238705e+01,-1.955909e+01
C IV 1548,1.026427e-05,2.281992e-04,2.384658e-04,1548.556190,0.369190,6.441264e-02,1.641956e+11,5.110999e-06,4.302196e-02,6.835826e+01,1.136231e+06,6.185158e-28,1.475071e-13,1.462994e+00,7.450581e+00,2.180566e+04,3.271582e+04,3.292285e+04,-1.758128e+02,-2.808219e+01,-2.758477e+01
C IV 1548,9.776264e-06,1.880022e-04,1.977803e-04,1548.493201,0.306201,2.141548e-01,5.497481e+11,5.323463e-06,4.302196e-02,5.631623e+01,1.232661e+06,5.421883e-28,1.400415e-13,2.310499e+00,7.450581e+00,2.180566e+04,3.271582e+04,3.292090e+04,-1.613608e+02,-1.605886e+01,-3.036571e+01
C IV 1548,9.005556e-06,2.054600e-04,2.144674e-04,1548.519036,0.332036,3.910435e-02,1.429658e+11,5.695061e-06,4.302196e-02,6.153245e+01,1.410756e+06,7.061497e-28,2.085701e-13,2.452325e-01,7.450581e+00,2.180566e+04,3.271582e+04,3.291895e+04,-1.882151e+02,-2.361953e+01,-4.161881e+01
C IV 1548,8.923755e-06,1.773796e-04,1.863050e-04,1548.475435,0.288435,6.672176e-01,1.654768e+12,5.613349e-06,4.302196e-02,5.308554e+01,1.370563e+06,1.137411e-27,3.265521e-13,2.065266e+00,7.450581e+00,2.180762e+04,3.271582e+04,3.291895e+04,-2.219740e+02,-2.357309e+01,-7.100822e+01
C IV 1548,8.234848e-06,2.732146e-04,2.814517e-04,1548.622740,0.435740,2.507389e-01,6.219979e+11,6.350214e-06,4.302196e-02,8.182642e+01,1.754009e+06,9.109353e-28,3.342519e-13,6.707357e-01,9.313226e-01,2.180811e+04,3.271631e+04,3.291748e+04,-2.162793e+02,-2.689674e+01,-3.460667e+01
C IV 1548,8.011112e-06,3.209066e-04,3.289203e-04,1548.696230,0.509230,1.391002e-01,3.903679e+11,7.190850e-06,4.302196e-02,9.611692e+01,2.249135e+06,9.889267e-28,4.645013e-13,4.845136e-01,9.313226e-01,2.180811e+04,3.271729e+04,3.291748e+04,-2.280550e+02,-2.167294e+01,-2.310064e+01
C IV 1548,7.849494e-06,3.744553e-04,3.823078e-04,1548.778884,0.591884,2.335451e-01,5.809684e+11,7.674601e-06,4.302196e-02,1.121788e+02,2.561927e+06,7.315263e-28,3.913869e-13,7.982095e-01,9.313226e-01,2.180811e+04,3.271729e+04,3.291650e+04,-2.175264e+02,-2.584761e+01,8.577750e-01
C IV 1548,7.583237e-06,3.845837e-04,3.921698e-04,1548.794152,0.607152,1.144997e-01,3.330425e+11,7.794817e-06,4.302196e-02,1.152164e+02,2.642816e+06,7.422474e-28,4.093110e-13,3.570398e-01,9.313226e-01,2.180908e+04,3.271729e+04,3.291650e+04,-2.157192e+02,-2.614091e+01,5.413252e+00
C IV 1548,7.464140e-06,4.029652e-04,4.104323e-04,1548.822426,0.635426,2.986527e-01,7.444518e+11,8.102658e-06,4.302196e-02,1.207309e+02,2.855684e+06,6.341448e-28,3.777586e-13,1.155249e+00,9.313226e-01,2.180908e+04,3.271729e+04,3.291553e+04,-2.089978e+02,-3.342317e+01,1.388977e+01
C IV 1548,7.078786e-06,4.072765e-04,4.143581e-04,1548.828504,0.641504,1.823769e-03,1.313000e+11,8.169168e-06,4.302196e-02,1.220309e+02,2.902757e+06,5.658046e-28,3.424751e-13,4.970733e-01,9.313226e-01,2.180908e+04,3.271729e+04,3.291455e+04,-1.963403e+02,-3.788662e+01,2.153352e+01
C IV 1548,6.912979e-06,4.249405e-04,4.318564e-04,1548.855594,0.668594,1.556955e-01,3.882903e+11,8.189000e-06,4.302196e-02,1.273200e+02,2.916868e+06,6.345935e-28,3.855190e-13,6.581759e-01,9.313226e-01,2.181006e+04,3.271729e+04,3.291455e+04,-2.064949e+02,-3.450189e+01,2.284038e+01
C IV 1548,6.693432e-06,4.235248e-04,4.302211e-04,1548.853063,0.666063,1.594428e-03,1.135025e+11,8.078209e-06,4.302196e-02,1.268942e+02,2.838476e+06,7.089125e-28,4.190958e-13,4.514565e-01,9.313226e-01,2.181006e+04,3.271729e+04,3.291357e+04,-2.085762e+02,-3.498689e+01,2.101280e+01
C IV 1548,6.542841e-06,4.777736e-04,4.843196e-04,1548.936817,0.749817,1.766081e-01,4.425042e+11,8.823538e-06,4.302196e-02,1.431549e+02,3.386418e+06,7.119133e-28,5.012586e-13,7.037928e-01,9.313226e-01,2.181006e+04,3.271826e+04,3.291357e+04,-2.089745e+02,-3.955162e+01,3.882188e+01
C IV 1548,6.308078e-06,4.574530e-04,4.637639e-04,1548.904993,0.717993,9.490203e-04,7.097686e+10,8.487551e-06,4.302196e-02,1.370592e+02,3.133429e+06,8.265416e-28,5.386917e-13,1.959372e-01,9.313226e-01,2.181006e+04,3.271826e+04,3.291260e+04,-2.162127e+02,-3.865243e+01,2.768524e+01
C IV 1548,6.242720e-06,4.744672e-04,4.807129e-04,1548.931233,0.744233,1.985570e-01,4.955983e+11,8.327739e-06,4.302196e-02,1.421703e+02,3.016541e+06,7.446460e-28,4.673994e-13,9.593121e-01,9.313226e-01,2.181104e+04,3.271826e+04,3.291260e+04,-1.975579e+02,-4.329025e+01,4.323966e+01
C IV 1548,5.922724e-06,4.357288e-04,4.416541e-04,1548.870763,0.683763,3.603496e-02,1.741643e+11,8.118759e-06,4.302196e-02,1.305715e+02,2.867045e+06,6.776253e-28,4.046840e-13,1.050050e+00,9.313226e-01,2.181104e+04,3.271826e+04,3.291162e+04,-1.743496e+02,-4.169116e+01,4.328139e+01
C IV 1548,5.572461e-06,3.867862e-04,3.923608e-04,1548.794448,0.607448,1.683228e-04,1.062989e+10,7.166100e-06,4.302196e-02,1.159214e+02,2.233679e+06,4.395642e-28,2.050509e-13,1.051989e-01,9.313226e-01,2.181201e+04,3.271826e+04,3.291162e+04,-1.263774e+02,-4.036929e+01,5.387847e+01
C IV 1548,5.537370e-06,3.664852e-04,3.720246e-04,1548.762964,0.575964,1.736138e-04,1.129551e+10,7.382585e-06,4.302196e-02,1.098407e+02,2.370675e+06,4.327646e-28,2.142728e-13,1.155249e+00,9.313226e-01,2.181201e+04,3.271826e+04,3.291064e+04,-1.112375e+02,-4.380181e+01,5.448873e+01
C IV 1548,5.152016e-06,3.214236e-04,3.265773e-04,1548.692603,0.505603,2.094312e-04,1.327397e+10,7.191660e-06,4.302196e-02,9.633652e+01,2.249642e+06,6.616065e-28,3.107561e-13,2.321773e-01,9.313226e-01,2.181201e+04,3.271826e+04,3.290967e+04,-9.398272e+01,-5.915134e+01,4.440541e+01
C IV 1548,5.074569e-06,3.743874e-04,3.794639e-04,1548.774481,0.587481,9.675383e-05,6.709967e+09,7.870005e-06,4.302196e-02,1.122119e+02,2.694046e+06,1.506127e-27,8.458628e-13,5.167369e-01,9.313226e-01,2.181201e+04,3.271924e+04,3.290967e+04,-7.639501e+01,-7.264715e+01,6.975528e+01
C IV 1548,4.902203e-06,3.168721e-04,3.217759e-04,1548.685169,0.498169,5.932111e-05,3.832810e+09,7.331844e-06,4.302196e-02,9.497591e+01,2.338200e+06,1.259804e-27,6.142000e-13,4.063351e-01,9.313226e-01,2.181299e+04,3.271924e+04,3.290967e+04,-8.996934e+01,-3.493266e+01,5.145956e+01
C IV 1548,4.766662e-06,2.668187e-04,2.715867e-04,1548.607467,0.420467,1.046693e-03,5.762178e+10,6.245659e-06,4.302196e-02,7.996524e+01,1.696726e+06,5.606737e-27,1.984531e-12,1.155249e+00,9.313226e-01,2.181299e+04,3.271924e+04,3.290869e+04,-9.999567e+01,-6.794599e+01,1.927336e+01
C IV 1548,4.381308e-06,1.544573e-04,1.588393e-04,1548.432913,0.245913,2.084547e-04,7.500709e+09,4.079647e-06,4.302196e-02,4.628705e+01,7.239363e+05,6.513616e-27,9.898245e-13,1.225377e-01,1.164153e-01,2.181323e+04,3.271899e+04,3.290796e+04,-8.542299e+01,-5.878120e+01,-9.783454e+00
C IV 1548,4.340434e-06,1.810326e-04,1.853739e-04,1548.473993,0.286993,2.284961e-04,7.182406e+09,3.563188e-06,4.302196e-02,5.424172e+01,5.522461e+05,1.278258e-26,1.481203e-12,3.252404e-01,1.164153e-01,2.181323e+04,3.271948e+04,3.290796e+04,-1.096566e+02,-7.680204e+01,-1.903565e+01
C IV 1548,4.231944e-06,1.647298e-04,1.689625e-04,1548.448586,0.261586,8.287086e-05,2.583084e+09,3.531161e-06,4.302196e-02,4.936734e+01,5.423631e+05,5.840712e-27,6.652019e-13,1.298466e-01,1.164153e-01,2.181372e+04,3.271948e+04,3.290796e+04,-8.148290e+01,-6.152341e+01,-4.593963e+00
C IV 1548,4.188631e-06,2.858887e-04,2.900786e-04,1548.636096,0.449096,4.997058e-04,1.797708e+10,4.079321e-06,4.302196e-02,8.565330e+01,7.238206e+05,9.808600e-27,1.490543e-12,5.776246e-01,1.164153e-01,2.181372e+04,3.271948e+04,3.290747e+04,-1.474394e+02,-1.025482e+02,-1.035631e+01
C IV 1548,3.995954e-06,3.555762e-04,3.595735e-04,1548.743687,0.556687,3.910414e-04,1.597576e+10,4.633585e-06,4.302196e-02,1.064966e+02,9.338764e+05,1.316511e-26,2.579454e-12,2.972100e-01,1.164153e-01,2.181372e+04,3.271948e+04,3.290698e+04,-2.050921e+02,-1.363104e+02,-2.770664e+01
C IV 1548,3.896815e-06,3.800628e-04,3.839611e-04,1548.781444,0.594444,2.289295e-04,9.249487e+09,4.580845e-06,4.302196e-02,1.138522e+02,9.127382e+05,1.001625e-26,1.920178e-12,2.804146e-01,1.164153e-01,2.181421e+04,3.271948e+04,3.290698e+04,-1.896501e+02,-1.286987e+02,-8.129347e+00
C IV 1548,3.803277e-06,3.678956e-04,3.717003e-04,1548.762462,0.575462,4.730781e-04,2.128854e+10,5.103943e-06,4.302196e-02,1.102050e+02,1.133096e+06,9.427839e-27,2.243756e-12,5.776246e-01,1.164153e-01,2.181421e+04,3.271948e+04,3.290649e+04,-1.850701e+02,-1.340100e+02,-1.120461e+01
C IV 1548,3.610600e-06,3.072689e-04,3.108807e-04,1548.668301,0.481301,1.745632e-05,8.241684e+08,5.354831e-06,4.302196e-02,9.204027e+01,1.247230e+06,8.038321e-27,2.105375e-12,1.289807e-02,1.164153e-01,2.181421e+04,3.271948e+04,3.290601e+04,-1.685857e+02,-1.304594e+02,-2.228376e+01
C IV 1548,3.606298e-06,2.460127e-04,2.496199e-04,1548.573458,0.386458,1.496431e-04,6.545935e+09,4.961718e-06,4.302196e-02,7.370551e+01,1.070827e+06,6.544400e-27,1.471855e-12,1.337439e-01,1.164153e-01,2.181421e+04,3.271997e+04,3.290601e+04,-1.331765e+02,-1.016075e+02,-1.604312e+01
C IV 1548,3.561685e-06,2.665598e-04,2.701224e-04,1548.605200,0.418200,2.093396e-04,9.282703e+09,5.030068e-06,4.302196e-02,7.987426e+01,1.100532e+06,4.472035e-27,1.034231e-12,4.309827e-01,1.164153e-01,2.181470e+04,3.271997e+04,3.290601e+04,-1.164922e+02,-9.703598e+01,2.046553e+00
C IV 1548,3.417923e-06,2.778537e-04,2.812726e-04,1548.622463,0.435463,4.761551e-04,2.124797e+10,5.061229e-06,4.302196e-02,8.325262e+01,1.114210e+06,6.019479e-27,1.407972e-12,5.736985e-01,1.164153e-01,2.181470e+04,3.271997e+04,3.290552e+04,-1.310356e+02,-1.014332e+02,-3.472477e+00
C IV 1548,3.226556e-06,3.632873e-04,3.665151e-04,1548.754434,0.567434,8.308668e-06,3.626532e+08,4.951064e-06,4.302196e-02,1.088270e+02,1.066233e+06,1.024031e-26,2.288948e-12,3.926141e-03,1.164153e-01,2.181519e+04,3.271997e+04,3.290552e+04,-1.862869e+02,-1.241152e+02,-1.093745e+01
C IV 1548,3.225246e-06,3.717653e-04,3.749917e-04,1548.767557,0.580557,1.249695e-03,5.516793e+10,5.006805e-06,4.302196e-02,1.113586e+02,1.090376e+06,1.244624e-26,2.839328e-12,5.776246e-01,1.164153e-01,2.181519e+04,3.271997e+04,3.290503e+04,-1.992312e+02,-1.275816e+02,-1.629451e+01
C IV 1548,3.032569e-06,4.055508e-04,4.085846e-04,1548.819565,0.632565,6.222486e-04,2.973029e+10,5.417946e-06,4.302196e-02,1.214571e+02,1.276804e+06,1.484276e-26,3.958066e-12,4.231304e-01,1.164153e-01,2.181519e+04,3.271997e+04,3.290454e+04,-2.304277e+02,-1.431298e+02,-2.636482e+01
C IV 1548,2.891427e-06,4.444515e-04,4.473442e-04,1548.879573,0.692573,1.085175e-04,5.464385e+09,5.710636e-06,4.302196e-02,1.330995e+02,1.418483e+06,1.471486e-26,4.355909e-12,5.775268e-02,1.164153e-01,2.181567e+04,3.271997e+04,3.290454e+04,-2.542204e+02,-1.441947e+02,-2.655087e+01
C IV 1548,2.872162e-06,4.106959e-04,4.135693e-04,1548.827283,0.640283,2.003924e-04,1.004523e+10,5.686553e-06,4.302196e-02,1.230293e+02,1.406544e+06,7.386911e-27,2.170417e-12,9.674153e-02,1.164153e-01,2.181567e+04,3.272046e+04,3.290454e+04,-2.000873e+02,-1.282819e+02,-3.164413e+00
C IV 1548,2.839892e-06,4.147064e-04,4.175475e-04,1548.833442,0.646442,1.372304e-03,7.203813e+10,5.955631e-06,4.302196e-02,1.242251e+02,1.542804e+06,7.002984e-27,2.254797e-12,5.776246e-01,1.164153e-01,2.181567e+04,3.272046e+04,3.290405e+04,-2.054271e+02,-1.347797e+02,-6.525183e+00
C IV 1548,2.647215e-06,3.766280e-04,3.792762e-04,1548.774190,0.587190,6.249594e-04,3.252852e+10,5.905247e-06,4.302196e-02,1.128156e+02,1.516810e+06,5.819660e-27,1.840428e-12,2.725624e-01,1.164153e-01,2.181567e+04,3.272046e+04,3.290356e+04,-1.988337e+02,-1.302617e+02,-1.504578e+01
C IV 1548,2.556297e-06,4.515044e-04,4.540619e-04,1548.889973,0.702973,8.091972e-04,4.277961e+10,5.995614e-06,4.302196e-02,1.352132e+02,1.563588e+06,1.099852e-26,3.584844e-12,3.050623e-01,1.164153e-01,2.181616e+04,3.272046e+04,3.290356e+04,-2.595189e+02,-1.363158e+02,-2.502887e+01
C IV 1548,2.454538e-06,4.168414e-04,4.192970e-04,1548.836150,0.649150,1.334991e-03,7.028533e+10,5.973265e-06,4.302196e-02,1.248316e+02,1.551953e+06,9.542839e-27,3.089087e-12,5.776246e-01,1.164153e-01,2.181616e+04,3.272046e+04,3.290308e+04,-2.487784e+02,-1.329374e+02,-3.024824e+01
C IV 1548,2.261861e-06,4.144675e-04,4.167303e-04,1548.832176,0.645176,3.293470e-04,1.687448e+10,5.812151e-06,4.302196e-02,1.241150e+02,1.469362e+06,9.233361e-27,2.833070e-12,1.219943e-01,1.164153e-01,2.181616e+04,3.272046e+04,3.290259e+04,-2.516606e+02,-1.377290e+02,-3.401063e+01
C IV 1548,2.221168e-06,4.678732e-04,4.700954e-04,1548.914796,0.727796,8.105690e-04,4.449704e+10,6.228634e-06,4.302196e-02,1.400945e+02,1.687488e+06,1.281164e-26,4.519948e-12,2.492492e-01,1.164153e-01,2.181665e+04,3.272046e+04,3.290259e+04,-2.868578e+02,-1.364033e+02,-3.499544e+01
C IV 1548,2.138026e-06,5.413513e-04,5.434905e-04,1549.028425,0.841425,8.035874e-04,4.135057e+10,5.836884e-06,4.302196e-02,1.620928e+02,1.481894e+06,1.460918e-26,4.530125e-12,2.063811e-01,1.164153e-01,2.181665e+04,3.272095e+04,3.290259e+04,-3.072844e+02,-1.577124e+02,-2.630852e+01
C IV 1548,2.069184e-06,5.033692e-04,5.054394e-04,1548.969515,0.782515,1.876668e-03,9.664990e+10,5.840886e-06,4.302196e-02,1.507313e+02,1.483927e+06,1.127545e-26,3.504274e-12,5.490509e-01,1.164153e-01,2.181665e+04,3.272095e+04,3.290210e+04,-2.824280e+02,-1.563717e+02,-2.510623e+01
C IV 1548,1.886039e-06,4.977465e-04,4.996335e-04,1548.960526,0.773526,1.341808e-04,6.980651e+09,5.900390e-06,4.302196e-02,1.490549e+02,1.514316e+06,1.223098e-26,3.880504e-12,2.857378e-02,1.164153e-01,2.181714e+04,3.272095e+04,3.290210e+04,-2.849480e+02,-1.328498e+02,-2.236481e+01
C IV 1548,1.876507e-06,4.328282e-04,4.347055e-04,1548.860005,0.673005,1.711481e-03,9.039796e+10,5.990120e-06,4.302196e-02,1.296310e+02,1.560724e+06,8.547939e-27,2.797109e-12,5.776246e-01,1.164153e-01,2.181714e+04,3.272095e+04,3.290161e+04,-2.530327e+02,-1.096749e+02,-2.091131e+01
C IV 1548,1.683830e-06,4.097780e-04,4.114625e-04,1548.824021,0.637021,1.123558e-03,6.046485e+10,6.105833e-06,4.302196e-02,1.227276e+02,1.621604e+06,7.935231e-27,2.698860e-12,3.984828e-01,1.164153e-01,2.181714e+04,3.272095e+04,3.290112e+04,-2.522077e+02,-9.067607e+01,-2.361721e+01
C IV 1548,1.550909e-06,4.204356e-04,4.219871e-04,1548.840315,0.653315,4.852980e-04,2.561794e+10,5.986964e-06,4.302196e-02,1.259184e+02,1.559080e+06,8.255572e-27,2.700248e-12,1.791418e-01,1.164153e-01,2.181763e+04,3.272095e+04,3.290112e+04,-2.650298e+02,-6.543178e+01,-2.058901e+01
C IV 1548,1.491153e-06,4.414252e-04,4.429170e-04,1548.872718,0.685718,8.751552e-04,4.624637e+10,5.995016e-06,4.302196e-02,1.321875e+02,1.563276e+06,1.019471e-26,3.344086e-12,2.616039e-01,1.164153e-01,2.181763e+04,3.272095e+04,3.290063e+04,-2.912497e+02,-5.876273e+01,-2.649717e+01
C IV 1548,1.403891e-06,3.431051e-04,3.445095e-04,1548.720365,0.533365,7.908824e-04,4.150429e+10,5.951840e-06,4.302196e-02,1.027774e+02,1.540840e+06,5.428071e-27,1.756142e-12,3.160207e-01,1.164153e-01,2.181763e+04,3.272144e+04,3.290063e+04,-2.172499e+02,-4.721182e+01,-1.571194e+01
C IV 1548,1.298476e-06,3.173869e-04,3.186858e-04,1548.680385,0.493385,6.763958e-04,3.555528e+10,5.961780e-06,4.302196e-02,9.506868e+01,1.545991e+06,5.518591e-27,1.791346e-12,2.479147e-01,1.164153e-01,2.181763e+04,3.272144e+04,3.290015e+04,-2.165315e+02,-3.843782e+01,-2.211545e+01
C IV 1548,1.215780e-06,3.331977e-04,3.344138e-04,1548.704735,0.517735,9.038842e-04,4.782442e+10,6.003075e-06,4.302196e-02,9.980288e+01,1.567482e+06,5.678720e-27,1.869407e-12,3.297099e-01,1.164153e-01,2.181812e+04,3.272144e+04,3.290015e+04,-2.259983e+02,-2.913163e+01,-1.951533e+01
C IV 1548,1.105799e-06,2.686639e-04,2.697700e-04,1548.604654,0.417654,1.276819e-03,6.852808e+10,6.089496e-06,4.302196e-02,8.047634e+01,1.612939e+06,4.353685e-27,1.474439e-12,5.776246e-01,1.164153e-01,2.181812e+04,3.272144e+04,3.289966e+04,-1.977126e+02,-2.276331e+01,-2.444434e+01
C IV 1548,9.131223e-07,1.845613e-04,1.854746e-04,1548.474149,0.287149,1.199624e-04,6.549718e+09,6.194727e-06,4.302196e-02,5.528710e+01,1.669165e+06,2.616565e-27,9.169803e-13,9.734666e-02,1.164153e-01,2.181812e+04,3.272144e+04,3.289917e+04,-1.570662e+02,-1.584552e+01,-2.905804e+01
C IV 1548,8.806505e-07,1.799141e-04,1.807949e-04,1548.466904,0.279904,5.149582e-04,2.838160e+10,6.253069e-06,4.302196e-02,5.389881e+01,1.700754e+06,2.108204e-27,7.528320e-13,4.802780e-01,1.164153e-01,2.181860e+04,3.272144e+04,3.289917e+04,-1.493385e+02,-2.672681e+00,-2.280018e+01
C IV 1548,7.204453e-07,1.362675e-04,1.369880e-04,1548.399083,0.212083,9.638740e-05,5.436706e+09,6.398342e-06,4.302196e-02,4.082173e+01,1.780697e+06,1.557473e-27,5.821191e-13,1.519643e-01,1.164153e-01,2.181860e+04,3.272144e+04,3.289868e+04,-1.318124e+02,5.851049e-01,-2.733868e+01
C IV 1548,6.697548e-07,1.264551e-04,1.271250e-04,1548.383813,0.196813,1.863645e-04,1.044926e+10,6.361690e-06,4.302196e-02,3.788729e+01,1.760355e+06,1.222591e-27,4.516299e-13,3.724389e-01,1.164153e-01,2.181860e+04,3.272192e+04,3.289868e+04,-1.153691e+02,-1.406054e+00,-2.187882e+01
C IV 1548,5.455212e-07,1.503324e-04,1.508780e-04,1548.420587,0.233587,3.818909e-05,2.171132e+09,6.448893e-06,4.302196e-02,4.504316e+01,1.808945e+06,1.170862e-27,4.445221e-13,5.322141e-02,1.164153e-01,2.181909e+04,3.272192e+04,3.289868e+04,-1.221065e+02,8.927246e+00,-1.457517e+01
C IV 1548,5.277682e-07,1.226896e-04,1.232175e-04,1548.377764,0.190764,2.016632e-04,1.160477e+10,6.528756e-06,4.302196e-02,3.675816e+01,1.854027e+06,1.085249e-27,4.222553e-13,5.776246e-01,1.164153e-01,2.181909e+04,3.272192e+04,3.289819e+04,-1.158008e+02,1.160404e+01,-2.004822e+01
C IV 1548,3.350912e-07,1.134579e-04,1.137931e-04,1548.363173,0.176173,5.362928e-05,3.106984e+09,6.573362e-06,4.302196e-02,3.399152e+01,1.879447e+06,1.043321e-27,4.114744e-13,3.738352e-01,1.164153e-01,2.181909e+04,3.272192e+04,3.289771e+04,-1.129624e+02,1.264398e+01,-2.141624e+01
C IV 1548,2.103919e-07,1.399301e-04,1.401405e-04,1548.403964,0.216964,4.093748e-05,2.420838e+09,6.709906e-06,4.302196e-02,4.192293e+01,1.958340e+06,1.068816e-27,4.392516e-13,2.037895e-01,1.164153e-01,2.181958e+04,3.272192e+04,3.289771e+04,-1.241742e+02,2.348861e+01,-1.563343e+01
C IV 1548,1.424142e-07,1.433042e-04,1.434466e-04,1548.409082,0.222082,3.767023e-05,2.227885e+09,6.709230e-06,4.302196e-02,4.293534e+01,1.957945e+06,1.050875e-27,4.316253e-13,4.231316e-01,1.164153e-01,2.181958e+04,3.272192e+04,3.289722e+04,-1.225077e+02,2.227624e+01,-1.379580e+01
Ly a,1.222668e-05,1.465035e-04,1.587320e-04,1215.862966,0.192966,2.282763e+02,4.193603e+14,1.524755e-05,5.131798e+00,4.389044e+01,8.486359e+05,3.883105e-28,6.934065e-14,4.145898e-01,7.450581e+00,2.180176e+04,3.271387e+04,3.292871e+04,-1.318207e+02,1.961999e+01,-1.871746e+01
Ly a,1.208839e-05,1.266255e-04,1.387154e-04,1215.838632,0.168632,1.120617e+03,2.058696e+15,1.444577e-05,5.131798e+00,3.792653e+01,7.617334e+05,4.385022e-28,7.027868e-14,1.449777e+00,7.450581e+00,2.180176e+04,3.271387e+04,3.292676e+04,-1.401232e+02,1.581337e+01,-3.154507e+01
Ly a,1.160479e-05,1.649880e-04,1.765947e-04,1215.884681,0.214681,4.384379e+02,8.054281e+14,1.529891e-05,5.131798e+00,4.942691e+01,8.543625e+05,4.461606e-28,8.020958e-14,8.607215e-01,7.450581e+00,2.180371e+04,3.271387e+04,3.292676e+04,-1.434126e+02,2.021916e+00,-2.345119e+01
Ly a,1.131768e-05,1.979943e-04,2.093142e-04,1215.924457,0.254457,3.994902e+02,7.338555e+14,1.419915e-05,5.131798e+00,5.931245e+01,7.359466e+05,5.363385e-28,8.304331e-14,1.109294e+00,7.450581e+00,2.180371e+04,3.271387e+04,3.292480e+04,-1.607468e+02,-1.651273e+01,-2.658733e+01
Ly a,1.094766e-05,2.378741e-04,2.488243e-04,1215.972488,0.302488,2.827398e+03,5.193668e+15,1.535083e-05,5.131798e+00,7.124468e+01,8.601717e+05,7.311895e-28,1.321160e-13,1.201204e+00,7.450581e+00,2.180371e+04,3.271582e+04,3.292480e+04,-1.982955e+02,-1.862442e+01,-3.461403e+01
Ly a,1.054697e-05,2.624604e-04,2.730102e-04,1216.001890,0.331890,6.399780e+02,1.175552e+15,1.629402e-05,5.131798e+00,7.862473e+01,9.691206e+05,5.756532e-28,1.169941e-13,8.475047e-01,7.450581e+00,2.180371e+04,3.271582e+04,3.292285e+04,-1.855774e+02,-2.238705e+01,-1.955909e+01
Ly a,1.026427e-05,2.281992e-04,2.384658e-04,1215.959896,0.289896,2.026111e+03,3.721816e+15,1.764301e-05,5.131798e+00,6.835826e+01,1.136231e+06,6.185158e-28,1.475071e-13,1.462994e+00,7.450581e+00,2.180566e+04,3.271582e+04,3.292285e+04,-1.758128e+02,-2.808219e+01,-2.758477e+01
Ly a,9.776264e-06,1.880022e-04,1.977803e-04,1215.910436,0.240436,3.716052e+03,6.826391e+15,1.837643e-05,5.131798e+00,5.631623e+01,1.232661e+06,5.421883e-28,1.400415e-13,2.310499e+00,7.450581e+00,2.180566e+04,3.271582e+04,3.292090e+04,-1.613608e+02,-1.605886e+01,-3.036571e+01
Ly a,9.005556e-06,2.054600e-04,2.144674e-04,1215.930722,0.260722,8.662077e+02,1.591198e+15,1.965917e-05,5.131798e+00,6.153245e+01,1.410756e+06,7.061497e-28,2.085701e-13,2.452325e-01,7.450581e+00,2.180566e+04,3.271582e+04,3.291895e+04,-1.882151e+02,-2.361953e+01,-4.161881e+01
Ly a,8.923755e-06,1.773796e-04,1.863050e-04,1215.896485,0.226485,1.841931e+04,3.383668e+16,1.937710e-05,5.131798e+00,5.308554e+01,1.370563e+06,1.137411e-27,3.265521e-13,2.065266e+00,7.450581e+00,2.180762e+04,3.271582e+04,3.291895e+04,-2.219740e+02,-2.357309e+01,-7.100822e+01
Ly a,8.234848e-06,2.732146e-04,2.814517e-04,1216.012152,0.342152,3.929247e+03,7.217427e+15,2.192074e-05,5.131798e+00,8.182642e+01,1.754009e+06,9.109353e-28,3.342519e-13,6.707357e-01,9.313226e-01,2.180811e+04,3.271631e+04,3.291748e+04,-2.162793e+02,-2.689674e+01,-3.460667e+01
Ly a,8.011112e-06,3.209066e-04,3.289203e-04,1216.069858,0.399858,3.516374e+03,6.458758e+15,2.482259e-05,5.131798e+00,9.611692e+01,2.249135e+06,9.889267e-28,4.645013e-13,4.845136e-01,9.313226e-01,2.180811e+04,3.271729e+04,3.291748e+04,-2.280550e+02,-2.167294e+01,-2.310064e+01
Ly a,7.849494e-06,3.744553e-04,3.823078e-04,1216.134760,0.464760,2.824947e+03,5.188458e+15,2.649248e-05,5.131798e+00,1.121788e+02,2.561927e+06,7.315263e-28,3.913869e-13,7.982095e-01,9.313226e-01,2.180811e+04,3.271729e+04,3.291650e+04,-2.175264e+02,-2.584761e+01,8.577750e-01
Ly a,7.583237e-06,3.845837e-04,3.921698e-04,1216.146749,0.476749,1.372767e+03,2.521277e+15,2.690746e-05,5.131798e+00,1.152164e+02,2.642816e+06,7.422474e-28,4.093110e-13,3.570398e-01,9.313226e-01,2.180908e+04,3.271729e+04,3.291650e+04,-2.157192e+02,-2.614091e+01,5.413252e+00
Ly a,7.464140e-06,4.029652e-04,4.104323e-04,1216.168950,0.498950,3.162350e+03,5.807989e+15,2.797012e-05,5.131798e+00,1.207309e+02,2.855684e+06,6.341448e-28,3.777586e-13,1.155249e+00,9.313226e-01,2.180908e+04,3.271729e+04,3.291553e+04,-2.089978e+02,-3.342317e+01,1.388977e+01
Ly a,7.078786e-06,4.072765e-04,4.143581e-04,1216.173723,0.503723,1.136274e+03,2.086879e+15,2.819971e-05,5.131798e+00,1.220309e+02,2.902757e+06,5.658046e-28,3.424751e-13,4.970733e-01,9.313226e-01,2.180908e+04,3.271729e+04,3.291455e+04,-1.963403e+02,-3.788662e+01,2.153352e+01
Ly a,6.912979e-06,4.249405e-04,4.318564e-04,1216.194995,0.524995,1.791584e+03,3.290362e+15,2.826817e-05,5.131798e+00,1.273200e+02,2.916868e+06,6.345935e-28,3.855190e-13,6.581759e-01,9.313226e-01,2.181006e+04,3.271729e+04,3.291455e+04,-2.064949e+02,-3.450189e+01,2.284038e+01
Ly a,6.693432e-06,4.235248e-04,4.302211e-04,1216.193007,0.523007,1.637660e+03,3.007676e+15,2.788572e-05,5.131798e+00,1.268942e+02,2.838476e+06,7.089125e-28,4.190958e-13,4.514565e-01,9.313226e-01,2.181006e+04,3.271729e+04,3.291357e+04,-2.085762e+02,-3.498689e+01,2.101280e+01
Ly a,6.542841e-06,4.777736e-04,4.843196e-04,1216.258773,0.588773,4.089002e+03,7.509327e+15,3.045857e-05,5.131798e+00,1.431549e+02,3.386418e+06,7.119133e-28,5.012586e-13,7.037928e-01,9.313226e-01,2.181006e+04,3.271826e+04,3.291357e+04,-2.089745e+02,-3.955162e+01,3.882188e+01
Ly a,6.308078e-06,4.574530e-04,4.637639e-04,1216.233784,0.563784,1.268375e+03,2.329380e+15,2.929876e-05,5.131798e+00,1.370592e+02,3.133429e+06,8.265416e-28,5.386917e-13,1.959372e-01,9.313226e-01,2.181006e+04,3.271826e+04,3.291260e+04,-2.162127e+02,-3.865243e+01,2.768524e+01
Ly a,6.242720e-06,4.744672e-04,4.807129e-04,1216.254388,0.584388,5.815410e+03,1.067986e+16,2.874709e-05,5.131798e+00,1.421703e+02,3.016541e+06,7.446460e-28,4.673994e-13,9.593121e-01,9.313226e-01,2.181104e+04,3.271826e+04,3.291260e+04,-1.975579e+02,-4.329025e+01,4.323966e+01
Ly a,5.922724e-06,4.357288e-04,4.416541e-04,1216.206906,0.536906,4.619220e+03,8.483420e+15,2.802570e-05,5.131798e+00,1.305715e+02,2.867045e+06,6.776253e-28,4.046840e-13,1.050050e+00,9.313226e-01,2.181104e+04,3.271826e+04,3.291162e+04,-1.743496e+02,-4.169116e+01,4.328139e+01
Ly a,5.572461e-06,3.867862e-04,3.923608e-04,1216.146981,0.476981,1.795529e+02,3.297758e+14,2.473715e-05,5.131798e+00,1.159214e+02,2.233679e+06,4.395642e-28,2.050509e-13,1.051989e-01,9.313226e-01,2.181201e+04,3.271826e+04,3.291162e+04,-1.263774e+02,-4.036929e+01,5.387847e+01
Ly a,5.537370e-06,3.664852e-04,3.720246e-04,1216.122259,0.452259,1.054175e+03,1.936195e+15,2.548445e-05,5.131798e+00,1.098407e+02,2.370675e+06,4.327646e-28,2.142728e-13,1.155249e+00,9.313226e-01,2.181201e+04,3.271826e+04,3.291064e+04,-1.112375e+02,-4.380181e+01,5.448873e+01
Ly a,5.152016e-06,3.214236e-04,3.265773e-04,1216.067010,0.397010,2.082236e+03,3.824591e+15,2.482538e-05,5.131798e+00,9.633652e+01,2.249642e+06,6.616065e-28,3.107561e-13,2.321773e-01,9.313226e-01,2.181201e+04,3.271826e+04,3.290967e+04,-9.398272e+01,-5.915134e+01,4.440541e+01
Ly a,5.074569e-06,3.743874e-04,3.794639e-04,1216.131303,0.461303,7.002231e+04,1.286073e+17,2.716701e-05,5.131798e+00,1.122119e+02,2.694046e+06,1.506127e-27,8.458628e-13,5.167369e-01,9.313226e-01,2.181201e+04,3.271924e+04,3.290967e+04,-7.639501e+01,-7.264715e+01,6.975528e+01
Ly a,4.902203e-06,3.168721e-04,3.217759e-04,1216.061173,0.391173,3.736220e+04,6.862572e+16,2.530930e-05,5.131798e+00,9.497591e+01,2.338200e+06,1.259804e-27,6.142000e-13,4.063351e-01,9.313226e-01,2.181299e+04,3.271924e+04,3.290967e+04,-8.996934e+01,-3.493266e+01,5.145956e+01
Ly a,4.766662e-06,2.668187e-04,2.715867e-04,1216.000160,0.330160,7.359424e+05,1.351822e+18,2.155982e-05,5.131798e+00,7.996524e+01,1.696726e+06,5.606737e-27,1.984531e-12,1.155249e+00,9.313226e-01,2.181299e+04,3.271924e+04,3.290869e+04,-9.999567e+01,-6.794599e+01,1.927336e+01
Ly a,4.381308e-06,1.544573e-04,1.588393e-04,1215.863096,0.193096,1.113805e+05,2.046137e+17,1.408281e-05,5.131798e+00,4.628705e+01,7.239363e+05,6.513616e-27,9.898245e-13,1.225377e-01,1.164153e-01,2.181323e+04,3.271899e+04,3.290796e+04,-8.542299e+01,-5.878120e+01,-9.783454e+00
Ly a,4.340434e-06,1.810326e-04,1.853739e-04,1215.895353,0.225353,6.670598e+05,1.225401e+18,1.230001e-05,5.131798e+00,5.424172e+01,5.522461e+05,1.278258e-26,1.481203e-12,3.252404e-01,1.164153e-01,2.181323e+04,3.271948e+04,3.290796e+04,-1.096566e+02,-7.680204e+01,-1.903565e+01
Ly a,4.231944e-06,1.647298e-04,1.689625e-04,1215.875403,0.205403,9.848853e+04,1.809288e+17,1.218946e-05,5.131798e+00,4.936734e+01,5.423631e+05,5.840712e-27,6.652019e-13,1.298466e-01,1.164153e-01,2.181372e+04,3.271948e+04,3.290796e+04,-8.148290e+01,-6.152341e+01,-4.593963e+00
Ly a,4.188631e-06,2.858887e-04,2.900786e-04,1216.022640,0.352640,6.784601e+05,1.246213e+18,1.408169e-05,5.131798e+00,8.565330e+01,7.238206e+05,9.808600e-27,1.490543e-12,5.776246e-01,1.164153e-01,2.181372e+04,3.271948e+04,3.290747e+04,-1.474394e+02,-1.025482e+02,-1.035631e+01
Ly a,3.995954e-06,3.555762e-04,3.595735e-04,1216.107123,0.437123,4.604329e+05,8.456760e+17,1.599499e-05,5.131798e+00,1.064966e+02,9.338764e+05,1.316511e-26,2.579454e-12,2.972100e-01,1.164153e-01,2.181372e+04,3.271948e+04,3.290698e+04,-2.050921e+02,-1.363104e+02,-2.770664e+01
Ly a,3.896815e-06,3.800628e-04,3.839611e-04,1216.136770,0.466770,2.830523e+05,5.198694e+17,1.581293e-05,5.131798e+00,1.138522e+02,9.127382e+05,1.001625e-26,1.920178e-12,2.804146e-01,1.164153e-01,2.181421e+04,3.271948e+04,3.290698e+04,-1.896501e+02,-1.286987e+02,-8.129347e+00
Ly a,3.803277e-06,3.678956e-04,3.717003e-04,1216.121865,0.451865,5.582195e+05,1.025268e+18,1.761865e-05,5.131798e+00,1.102050e+02,1.133096e+06,9.427839e-27,2.243756e-12,5.776246e-01,1.164153e-01,2.181421e+04,3.271948e+04,3.290649e+04,-1.850701e+02,-1.340100e+02,-1.120461e+01
Ly a,3.610600e-06,3.072689e-04,3.108807e-04,1216.047928,0.377928,1.085997e+04,1.994753e+16,1.848471e-05,5.131798e+00,9.204027e+01,1.247230e+06,8.038321e-27,2.105375e-12,1.289807e-02,1.164153e-01,2.181421e+04,3.271948e+04,3.290601e+04,-1.685857e+02,-1.304594e+02,-2.228376e+01
Ly a,3.606298e-06,2.460127e-04,2.496199e-04,1215.973455,0.303455,9.106242e+04,1.672731e+17,1.712769e-05,5.131798e+00,7.370551e+01,1.070827e+06,6.544400e-27,1.471855e-12,1.337439e-01,1.164153e-01,2.181421e+04,3.271997e+04,3.290601e+04,-1.331765e+02,-1.016075e+02,-1.604312e+01
Ly a,3.561685e-06,2.665598e-04,2.701224e-04,1215.998380,0.328380,1.930612e+05,3.546271e+17,1.736363e-05,5.131798e+00,7.987426e+01,1.100532e+06,4.472035e-27,1.034231e-12,4.309827e-01,1.164153e-01,2.181470e+04,3.271997e+04,3.290601e+04,-1.164922e+02,-9.703598e+01,2.046553e+00
Ly a,3.417923e-06,2.778537e-04,2.812726e-04,1216.011935,0.341935,4.251983e+05,7.810227e+17,1.747120e-05,5.131798e+00,8.325262e+01,1.114210e+06,6.019479e-27,1.407972e-12,5.736985e-01,1.164153e-01,2.181470e+04,3.271997e+04,3.290552e+04,-1.310356e+02,-1.014332e+02,-3.472477e+00
Ly a,3.226556e-06,3.632873e-04,3.665151e-04,1216.115561,0.445561,5.140267e+03,9.441083e+15,1.709092e-05,5.131798e+00,1.088270e+02,1.066233e+06,1.024031e-26,2.288948e-12,3.926141e-03,1.164153e-01,2.181519e+04,3.271997e+04,3.290552e+04,-1.862869e+02,-1.241152e+02,-1.093745e+01
Ly a,3.225246e-06,3.717653e-04,3.749917e-04,1216.125866,0.455866,1.032923e+06,1.897138e+18,1.728333e-05,5.131798e+00,1.113586e+02,1.090376e+06,1.244624e-26,2.839328e-12,5.776246e-01,1.164153e-01,2.181519e+04,3.271997e+04,3.290503e+04,-1.992312e+02,-1.275816e+02,-1.629451e+01
Ly a,3.032569e-06,4.055508e-04,4.085846e-04,1216.166704,0.496704,9.642575e+05,1.770963e+18,1.870258e-05,5.131798e+00,1.214571e+02,1.276804e+06,1.484276e-26,3.958066e-12,4.231304e-01,1.164153e-01,2.181519e+04,3.271997e+04,3.290454e+04,-2.304277e+02,-1.431298e+02,-2.636482e+01
Ly a,2.891427e-06,4.444515e-04,4.473442e-04,1216.213823,0.543823,1.189776e+05,2.185069e+17,1.971294e-05,5.131798e+00,1.330995e+02,1.418483e+06,1.471486e-26,4.355909e-12,5.775268e-02,1.164153e-01,2.181567e+04,3.271997e+04,3.290454e+04,-2.542204e+02,-1.441947e+02,-2.655087e+01
Ly a,2.872162e-06,4.106959e-04,4.135693e-04,1216.172764,0.502764,7.252350e+04,1.331970e+17,1.962980e-05,5.131798e+00,1.230293e+02,1.406544e+06,7.386911e-27,2.170417e-12,9.674153e-02,1.164153e-01,2.181567e+04,3.272046e+04,3.290454e+04,-2.000873e+02,-1.282819e+02,-3.164413e+00
Ly a,2.839892e-06,4.147064e-04,4.175475e-04,1216.177600,0.507600,4.074904e+05,7.483941e+17,2.055865e-05,5.131798e+00,1.242251e+02,1.542804e+06,7.002984e-27,2.254797e-12,5.776246e-01,1.164153e-01,2.181567e+04,3.272046e+04,3.290405e+04,-2.054271e+02,-1.347797e+02,-6.525183e+00
Ly a,2.647215e-06,3.766280e-04,3.792762e-04,1216.131075,0.461075,1.370592e+05,2.517317e+17,2.038472e-05,5.131798e+00,1.128156e+02,1.516810e+06,5.819660e-27,1.840428e-12,2.725624e-01,1.164153e-01,2.181567e+04,3.272046e+04,3.290356e+04,-1.988337e+02,-1.302617e+02,-1.504578e+01
Ly a,2.556297e-06,4.515044e-04,4.540619e-04,1216.221989,0.551989,3.531588e+05,6.485854e+17,2.069667e-05,5.131798e+00,1.352132e+02,1.563588e+06,1.099852e-26,3.584844e-12,3.050623e-01,1.164153e-01,2.181616e+04,3.272046e+04,3.290356e+04,-2.595189e+02,-1.363158e+02,-2.502887e+01
Ly a,2.454538e-06,4.168414e-04,4.192970e-04,1216.179727,0.509727,5.246153e+05,9.635019e+17,2.061952e-05,5.131798e+00,1.248316e+02,1.551953e+06,9.542839e-27,3.089087e-12,5.776246e-01,1.164153e-01,2.181616e+04,3.272046e+04,3.290308e+04,-2.487784e+02,-1.329374e+02,-3.024824e+01
Ly a,2.261861e-06,4.144675e-04,4.167303e-04,1216.176607,0.506607,9.451035e+04,1.735772e+17,2.006336e-05,5.131798e+00,1.241150e+02,1.469362e+06,9.233361e-27,2.833070e-12,1.219943e-01,1.164153e-01,2.181616e+04,3.272046e+04,3.290259e+04,-2.516606e+02,-1.377290e+02,-3.401063e+01
Ly a,2.221168e-06,4.678732e-04,4.700954e-04,1216.241481,0.571481,3.206791e+05,5.889260e+17,2.150105e-05,5.131798e+00,1.400945e+02,1.687488e+06,1.281164e-26,4.519948e-12,2.492492e-01,1.164153e-01,2.181665e+04,3.272046e+04,3.290259e+04,-2.868578e+02,-1.364033e+02,-3.499544e+01
Ly a,2.138026e-06,5.413513e-04,5.434905e-04,1216.330705,0.660705,3.070532e+05,5.638608e+17,2.014874e-05,5.131798e+00,1.620928e+02,1.481894e+06,1.460918e-26,4.530125e-12,2.063811e-01,1.164153e-01,2.181665e+04,3.272095e+04,3.290259e+04,-3.072844e+02,-1.577124e+02,-2.630852e+01
Ly a,2.069184e-06,5.033692e-04,5.054394e-04,1216.284448,0.614448,5.417178e+05,9.948265e+17,2.016255e-05,5.131798e+00,1.507313e+02,1.483927e+06,1.127545e-26,3.504274e-12,5.490509e-01,1.164153e-01,2.181665e+04,3.272095e+04,3.290210e+04,-2.824280e+02,-1.563717e+02,-2.510623e+01
Ly a,1.886039e-06,4.977465e-04,4.996335e-04,1216.277389,0.607389,3.260128e+04,5.987051e+16,2.036796e-05,5.131798e+00,1.490549e+02,1.514316e+06,1.223098e-26,3.880504e-12,2.857378e-02,1.164153e-01,2.181714e+04,3.272095e+04,3.290210e+04,-2.849480e+02,-1.328498e+02,-2.236481e+01
Ly a,1.876507e-06,4.328282e-04,4.347055e-04,1216.198458,0.528458,3.724889e+05,6.840988e+17,2.067771e-05,5.131798e+00,1.296310e+02,1.560724e+06,8.547939e-27,2.797109e-12,5.776246e-01,1.164153e-01,2.181714e+04,3.272095e+04,3.290161e+04,-2.530327e+02,-1.096749e+02,-2.091131e+01
Ly a,1.683830e-06,4.097780e-04,4.114625e-04,1216.170203,0.500203,2.265191e+05,4.160259e+17,2.107714e-05,5.131798e+00,1.227276e+02,1.621604e+06,7.935231e-27,2.698860e-12,3.984828e-01,1.164153e-01,2.181714e+04,3.272095e+04,3.290112e+04,-2.522077e+02,-9.067607e+01,-2.361721e+01
Ly a,1.550909e-06,4.204356e-04,4.219871e-04,1216.182997,0.512997,1.065697e+05,1.957242e+17,2.066681e-05,5.131798e+00,1.259184e+02,1.559080e+06,8.255572e-27,2.700248e-12,1.791418e-01,1.164153e-01,2.181763e+04,3.272095e+04,3.290112e+04,-2.650298e+02,-6.543178e+01,-2.058901e+01
Ly a,1.491153e-06,4.414252e-04,4.429170e-04,1216.208441,0.538441,2.165035e+05,3.976187e+17,2.069461e-05,5.131798e+00,1.321875e+02,1.563276e+06,1.019471e-26,3.344086e-12,2.616039e-01,1.164153e-01,2.181763e+04,3.272095e+04,3.290063e+04,-2.912497e+02,-5.876273e+01,-2.649717e+01
Ly a,1.403891e-06,3.431051e-04,3.445095e-04,1216.088810,0.418810,1.062048e+05,1.950693e+17,2.054556e-05,5.131798e+00,1.027774e+02,1.540840e+06,5.428071e-27,1.756142e-12,3.160207e-01,1.164153e-01,2.181763e+04,3.272144e+04,3.290063e+04,-2.172499e+02,-4.721182e+01,-1.571194e+01
Ly a,1.298476e-06,3.173869e-04,3.186858e-04,1216.057417,0.387417,8.853378e+04,1.626166e+17,2.057988e-05,5.131798e+00,9.506868e+01,1.545991e+06,5.518591e-27,1.791346e-12,2.479147e-01,1.164153e-01,2.181763e+04,3.272144e+04,3.290015e+04,-2.165315e+02,-3.843782e+01,-2.211545e+01
Ly a,1.215780e-06,3.331977e-04,3.344138e-04,1216.076537,0.406537,1.187373e+05,2.180902e+17,2.072242e-05,5.131798e+00,9.980288e+01,1.567482e+06,5.678720e-27,1.869407e-12,3.297099e-01,1.164153e-01,2.181812e+04,3.272144e+04,3.290015e+04,-2.259983e+02,-2.913163e+01,-1.951533e+01
Ly a,1.105799e-06,2.686639e-04,2.697700e-04,1215.997951,0.327951,1.395193e+05,2.562780e+17,2.102075e-05,5.131798e+00,8.047634e+01,1.612939e+06,4.353685e-27,1.474439e-12,5.776246e-01,1.164153e-01,2.181812e+04,3.272144e+04,3.289966e+04,-1.977126e+02,-2.276331e+01,-2.444434e+01
Ly a,9.131223e-07,1.845613e-04,1.854746e-04,1215.895476,0.225476,9.148827e+03,1.680661e+16,2.138400e-05,5.131798e+00,5.528710e+01,1.669165e+06,2.616565e-27,9.169803e-13,9.734666e-02,1.164153e-01,2.181812e+04,3.272144e+04,3.289917e+04,-1.570662e+02,-1.584552e+01,-2.905804e+01
Ly a,8.806505e-07,1.799141e-04,1.807949e-04,1215.889787,0.219787,2.518500e+04,4.626566e+16,2.158540e-05,5.131798e+00,5.389881e+01,1.700754e+06,2.108204e-27,7.528320e-13,4.802780e-01,1.164153e-01,2.181860e+04,3.272144e+04,3.289917e+04,-1.493385e+02,-2.672681e+00,-2.280018e+01
Ly a,7.204453e-07,1.362675e-04,1.369880e-04,1215.836532,0.166532,2.607326e+03,4.789952e+15,2.208687e-05,5.131798e+00,4.082173e+01,1.780697e+06,1.557473e-27,5.821191e-13,1.519643e-01,1.164153e-01,2.181860e+04,3.272144e+04,3.289868e+04,-1.318124e+02,5.851049e-01,-2.733868e+01
Ly a,6.697548e-07,1.264551e-04,1.271250e-04,1215.824542,0.154542,2.085580e+03,3.831484e+15,2.196035e-05,5.131798e+00,3.788729e+01,1.760355e+06,1.222591e-27,4.516299e-13,3.724389e-01,1.164153e-01,2.181860e+04,3.272192e+04,3.289868e+04,-1.153691e+02,-1.406054e+00,-2.187882e+01
Ly a,5.455212e-07,1.503324e-04,1.508780e-04,1215.853418,0.183418,1.285472e+02,2.361524e+14,2.226138e-05,5.131798e+00,4.504316e+01,1.808945e+06,1.170862e-27,4.445221e-13,5.322141e-02,1.164153e-01,2.181909e+04,3.272192e+04,3.289868e+04,-1.221065e+02,8.927246e+00,-1.457517e+01
Ly a,5.277682e-07,1.226896e-04,1.232175e-04,1215.819792,0.149792,5.217860e+02,9.585932e+14,2.253706e-05,5.131798e+00,3.675816e+01,1.854027e+06,1.085249e-27,4.222553e-13,5.776246e-01,1.164153e-01,2.181909e+04,3.272192e+04,3.289819e+04,-1.158008e+02,1.160404e+01,-2.004822e+01
Ly a,3.350912e-07,1.134579e-04,1.137931e-04,1215.808335,0.138335,1.479444e+02,2.717969e+14,2.269104e-05,5.131798e+00,3.399152e+01,1.879447e+06,1.043321e-27,4.114744e-13,3.738352e-01,1.164153e-01,2.181909e+04,3.272192e+04,3.289771e+04,-1.129624e+02,1.264398e+01,-2.141624e+01
Ly a,2.103919e-07,1.399301e-04,1.401405e-04,1215.840365,0.170365,5.942598e+01,1.091719e+14,2.316238e-05,5.131798e+00,4.192293e+01,1.958340e+06,1.068816e-27,4.392516e-13,2.037895e-01,1.164153e-01,2.181958e+04,3.272192e+04,3.289771e+04,-1.241742e+02,2.348861e+01,-1.563343e+01
Ly a,1.424142e-07,1.433042e-04,1.434466e-04,1215.844384,0.174384,1.562485e+01,2.870444e+13,2.316005e-05,5.131798e+00,4.293534e+01,1.957945e+06,1.050875e-27,4.316253e-13,4.231316e-01,1.164153e-01,2.181958e+04,3.272192e+04,3.289722e+04,-1.225077e+02,2.227624e+01,-1.379580e+01
Si II 1193,1.222668e-05,1.465035e-04,1.587320e-04,1193.479413,0.189413,6.345691e-02,8.857112e+10,2.888526e-06,6.790894e-01,4.389044e+01,8.486359e+05,3.883105e-28,6.934065e-14,4.145898e-01,7.450581e+00,2.180176e+04,3.271387e+04,3.292871e+04,-1.318207e+02,1.961999e+01,-1.871746e+01
Si II 1193,1.208839e-05,1.266255e-04,1.387154e-04,1193.455528,0.165528,2.097244e-01,2.916520e+11,2.736636e-06,6.790894e-01,3.792653e+01,7.617334e+05,4.385022e-28,7.027868e-14,1.449777e+00,7.450581e+00,2.180176e+04,3.271387e+04,3.292676e+04,-1.401232e+02,1.581337e+01,-3.154507e+01
Si II 1193,1.160479e-05,1.649880e-04,1.765947e-04,1193.500729,0.210729,9.049491e-02,1.264450e+11,2.898255e-06,6.790894e-01,4.942691e+01,8.543625e+05,4.461606e-28,8.020958e-14,8.607215e-01,7.450581e+00,2.180371e+04,3.271387e+04,3.292676e+04,-1.434126e+02,2.021916e+00,-2.345119e+01
Si II 1193,1.131768e-05,1.979943e-04,2.093142e-04,1193.539773,0.249773,4.831640e-02,6.711183e+10,2.689916e-06,6.790894e-01,5.931245e+01,7.359466e+05,5.363385e-28,8.304331e-14,1.109294e+00,7.450581e+00,2.180371e+04,3.271387e+04,3.292480e+04,-1.607468e+02,-1.651273e+01,-2.658733e+01
Si II 1193,1.094766e-05,2.378741e-04,2.488243e-04,1193.586920,0.296920,4.943305e-01,6.819613e+11,2.908092e-06,6.790894e-01,7.124468e+01,8.601717e+05,7.311895e-28,1.321160e-13,1.201204e+00,7.450581e+00,2.180371e+04,3.271582e+04,3.292480e+04,-1.982955e+02,-1.862442e+01,-3.461403e+01
Si II 1193,1.054697e-05,2.624604e-04,2.730102e-04,1193.615780,0.325780,8.605284e-02,1.209062e+11,3.086771e-06,6.790894e-01,7.862473e+01,9.691206e+05,5.756532e-28,1.169941e-13,8.475047e-01,7.450581e+00,2.180371e+04,3.271582e+04,3.292285e+04,-1.855774e+02,-2.238705e+01,-1.955909e+01
Si II 1193,1.026427e-05,2.281992e-04,2.384658e-04,1193.574559,0.284559,1.020156e-01,1.448868e+11,3.342326e-06,6.790894e-01,6.835826e+01,1.136231e+06,6.185158e-28,1.475071e-13,1.462994e+00,7.450581e+00,2.180566e+04,3.271582e+04,3.292285e+04,-1.758128e+02,-2.808219e+01,-2.758477e+01
Si II 1193,9.776264e-06,1.880022e-04,1.977803e-04,1193.526009,0.236009,3.154621e-01,4.352360e+11,3.481267e-06,6.790894e-01,5.631623e+01,1.232661e+06,5.421883e-28,1.400415e-13,2.310499e+00,7.450581e+00,2.180566e+04,3.271582e+04,3.292090e+04,-1.613608e+02,-1.605886e+01,-3.036571e+01
Si II 1193,9.005556e-06,2.054600e-04,2.144674e-04,1193.545922,0.255922,8.617789e-02,1.250740e+11,3.724273e-06,6.790894e-01,6.153245e+01,1.410756e+06,7.061497e-28,2.085701e-13,2.452325e-01,7.450581e+00,2.180566e+04,3.271582e+04,3.291895e+04,-1.882151e+02,-2.361953e+01,-4.161881e+01
Si II 1193,8.923755e-06,1.773796e-04,1.863050e-04,1193.512316,0.222316,1.146054e+00,1.581271e+12,3.670837e-06,6.790894e-01,5.308554e+01,1.370563e+06,1.137411e-27,3.265521e-13,2.065266e+00,7.450581e+00,2.180762e+04,3.271582e+04,3.291895e+04,-2.219740e+02,-2.357309e+01,-7.100822e+01
Si II 1193,8.234848e-06,2.732146e-04,2.814517e-04,1193.625853,0.335853,3.605896e-01,4.976555e+11,4.152709e-06,6.790894e-01,8.182642e+01,1.754009e+06,9.109353e-28,3.342519e-13,6.707357e-01,9.313226e-01,2.180811e+04,3.271631e+04,3.291748e+04,-2.162793e+02,-2.689674e+01,-3.460667e+01
Si II 1193,8.011112e-06,3.209066e-04,3.289203e-04,1193.682497,0.392497,2.052057e-01,2.836005e+11,4.702440e-06,6.790894e-01,9.611692e+01,2.249135e+06,9.889267e-28,4.645013e-13,4.845136e-01,9.313226e-01,2.180811e+04,3.271729e+04,3.291748e+04,-2.280550e+02,-2.167294e+01,-2.310064e+01
Si II 1193,7.849494e-06,3.744553e-04,3.823078e-04,1193.746204,0.456204,2.818148e-01,3.901121e+11,5.018789e-06,6.790894e-01,1.121788e+02,2.561927e+06,7.315263e-28,3.913869e-13,7.982095e-01,9.313226e-01,2.180811e+04,3.271729e+04,3.291650e+04,-2.175264e+02,-2.584761e+01,8.577750e-01
Si II 1193,7.583237e-06,3.845837e-04,3.921698e-04,1193.757972,0.467972,1.727839e-01,2.393132e+11,5.097403e-06,6.790894e-01,1.152164e+02,2.642816e+06,7.422474e-28,4.093110e-13,3.570398e-01,9.313226e-01,2.180908e+04,3.271729e+04,3.291650e+04,-2.157192e+02,-2.614091e+01,5.413252e+00
Si II 1193,7.464140e-06,4.029652e-04,4.104323e-04,1193.779765,0.489765,3.943784e-01,5.471426e+11,5.298715e-06,6.790894e-01,1.207309e+02,2.855684e+06,6.341448e-28,3.777586e-13,1.155249e+00,9.313226e-01,2.180908e+04,3.271729e+04,3.291553e+04,-2.089978e+02,-3.342317e+01,1.388977e+01
Si II 1193,7.078786e-06,4.072765e-04,4.143581e-04,1193.784449,0.494449,7.557443e-02,1.048866e+11,5.342209e-06,6.790894e-01,1.220309e+02,2.902757e+06,5.658046e-28,3.424751e-13,4.970733e-01,9.313226e-01,2.180908e+04,3.271729e+04,3.291455e+04,-1.963403e+02,-3.788662e+01,2.153352e+01
Si II 1193,6.912979e-06,4.249405e-04,4.318564e-04,1193.805330,0.515330,2.544830e-01,3.532248e+11,5.355178e-06,6.790894e-01,1.273200e+02,2.916868e+06,6.345935e-28,3.855190e-13,6.581759e-01,9.313226e-01,2.181006e+04,3.271729e+04,3.291455e+04,-2.064949e+02,-3.450189e+01,2.284038e+01
Si II 1193,6.693432e-06,4.235248e-04,4.302211e-04,1193.803378,0.513378,1.582124e-01,2.194522e+11,5.282727e-06,6.790894e-01,1.268942e+02,2.838476e+06,7.089125e-28,4.190958e-13,4.514565e-01,9.313226e-01,2.181006e+04,3.271729e+04,3.291357e+04,-2.085762e+02,-3.498689e+01,2.101280e+01
Si II 1193,6.542841e-06,4.777736e-04,4.843196e-04,1193.867934,0.577934,2.064461e+00,2.847088e+12,5.770133e-06,6.790894e-01,1.431549e+02,3.386418e+06,7.119133e-28,5.012586e-13,7.037928e-01,9.313226e-01,2.181006e+04,3.271826e+04,3.291357e+04,-2.089745e+02,-3.955162e+01,3.882188e+01
Si II 1193,6.308078e-06,4.574530e-04,4.637639e-04,1193.843405,0.553405,4.325375e-01,6.016131e+11,5.550415e-06,6.790894e-01,1.370592e+02,3.133429e+06,8.265416e-28,5.386917e-13,1.959372e-01,9.313226e-01,2.181006e+04,3.271826e+04,3.291260e+04,-2.162127e+02,-3.865243e+01,2.768524e+01
Si II 1193,6.242720e-06,4.744672e-04,4.807129e-04,1193.863630,0.573630,2.496364e+00,3.442732e+12,5.445906e-06,6.790894e-01,1.421703e+02,3.016541e+06,7.446460e-28,4.673994e-13,9.593121e-01,9.313226e-01,2.181104e+04,3.271826e+04,3.291260e+04,-1.975579e+02,-4.329025e+01,4.323966e+01
Si II 1193,5.922724e-06,4.357288e-04,4.416541e-04,1193.817021,0.527021,1.104914e+00,1.523844e+12,5.309245e-06,6.790894e-01,1.305715e+02,2.867045e+06,6.776253e-28,4.046840e-13,1.050050e+00,9.313226e-01,2.181104e+04,3.271826e+04,3.291162e+04,-1.743496e+02,-4.169116e+01,4.328139e+01
Si II 1193,5.572461e-06,3.867862e-04,3.923608e-04,1193.758200,0.468200,3.208416e-02,5.020369e+10,4.686255e-06,6.790894e-01,1.159214e+02,2.233679e+06,4.395642e-28,2.050509e-13,1.051989e-01,9.313226e-01,2.181201e+04,3.271826e+04,3.291162e+04,-1.263774e+02,-4.036929e+01,5.387847e+01
Si II 1193,5.537370e-06,3.664852e-04,3.720246e-04,1193.733933,0.443933,6.309780e-02,9.998196e+10,4.827825e-06,6.790894e-01,1.098407e+02,2.370675e+06,4.327646e-28,2.142728e-13,1.155249e+00,9.313226e-01,2.181201e+04,3.271826e+04,3.291064e+04,-1.112375e+02,-4.380181e+01,5.448873e+01
Si II 1193,5.152016e-06,3.214236e-04,3.265773e-04,1193.679701,0.389701,4.208112e-01,5.815858e+11,4.702970e-06,6.790894e-01,9.633652e+01,2.249642e+06,6.616065e-28,3.107561e-13,2.321773e-01,9.313226e-01,2.181201e+04,3.271826e+04,3.290967e+04,-9.398272e+01,-5.915134e+01,4.440541e+01
Si II 1193,5.074569e-06,3.743874e-04,3.794639e-04,1193.742810,0.452810,3.006591e+00,4.146803e+12,5.146572e-06,6.790894e-01,1.122119e+02,2.694046e+06,1.506127e-27,8.458628e-13,5.167369e-01,9.313226e-01,2.181201e+04,3.271924e+04,3.290967e+04,-7.639501e+01,-7.264715e+01,6.975528e+01
Si II 1193,4.902203e-06,3.168721e-04,3.217759e-04,1193.673972,0.383972,1.900273e+00,2.627325e+12,4.794644e-06,6.790894e-01,9.497591e+01,2.338200e+06,1.259804e-27,6.142000e-13,4.063351e-01,9.313226e-01,2.181299e+04,3.271924e+04,3.290967e+04,-8.996934e+01,-3.493266e+01,5.145956e+01
Si II 1193,4.766662e-06,2.668187e-04,2.715867e-04,1193.614082,0.324082,2.449910e+01,3.379367e+13,4.084335e-06,6.790894e-01,7.996524e+01,1.696726e+06,5.606737e-27,1.984531e-12,1.155249e+00,9.313226e-01,2.181299e+04,3.271924e+04,3.290869e+04,-9.999567e+01,-6.794599e+01,1.927336e+01
Si II 1193,4.381308e-06,1.544573e-04,1.588393e-04,1193.479541,0.189541,2.976007e+00,4.105958e+12,2.667876e-06,6.790894e-01,4.628705e+01,7.239363e+05,6.513616e-27,9.898245e-13,1.225377e-01,1.164153e-01,2.181323e+04,3.271899e+04,3.290796e+04,-8.542299e+01,-5.878120e+01,-9.783454e+00
Si II 1193,4.340434e-06,1.810326e-04,1.853739e-04,1193.511205,0.221205,1.572088e+01,2.168927e+13,2.330139e-06,6.790894e-01,5.424172e+01,5.522461e+05,1.278258e-26,1.481203e-12,3.252404e-01,1.164153e-01,2.181323e+04,3.271948e+04,3.290796e+04,-1.096566e+02,-7.680204e+01,-1.903565e+01
Si II 1193,4.231944e-06,1.647298e-04,1.689625e-04,1193.491621,0.201621,2.824752e+00,3.897226e+12,2.309195e-06,6.790894e-01,4.936734e+01,5.423631e+05,5.840712e-27,6.652019e-13,1.298466e-01,1.164153e-01,2.181372e+04,3.271948e+04,3.290796e+04,-8.148290e+01,-6.152341e+01,-4.593963e+00
Si II 1193,4.188631e-06,2.858887e-04,2.900786e-04,1193.636148,0.346148,1.923959e+01,2.654113e+13,2.667663e-06,6.790894e-01,8.565330e+01,7.238206e+05,9.808600e-27,1.490543e-12,5.776246e-01,1.164153e-01,2.181372e+04,3.271948e+04,3.290747e+04,-1.474394e+02,-1.025482e+02,-1.035631e+01
Si II 1193,3.995954e-06,3.555762e-04,3.595735e-04,1193.719075,0.429075,1.483995e+01,2.047046e+13,3.030123e-06,6.790894e-01,1.064966e+02,9.338764e+05,1.316511e-26,2.579454e-12,2.972100e-01,1.164153e-01,2.181372e+04,3.271948e+04,3.290698e+04,-2.050921e+02,-1.363104e+02,-2.770664e+01
Si II 1193,3.896815e-06,3.800628e-04,3.839611e-04,1193.748177,0.458177,7.440383e+00,1.026312e+13,2.995633e-06,6.790894e-01,1.138522e+02,9.127382e+05,1.001625e-26,1.920178e-12,2.804146e-01,1.164153e-01,2.181421e+04,3.271948e+04,3.290698e+04,-1.896501e+02,-1.286987e+02,-8.129347e+00
Si II 1193,3.803277e-06,3.678956e-04,3.717003e-04,1193.733546,0.443546,1.718532e+01,2.370571e+13,3.337712e-06,6.790894e-01,1.102050e+02,1.133096e+06,9.427839e-27,2.243756e-12,5.776246e-01,1.164153e-01,2.181421e+04,3.271948e+04,3.290649e+04,-1.850701e+02,-1.340100e+02,-1.120461e+01
Si II 1193,3.610600e-06,3.072689e-04,3.108807e-04,1193.660971,0.370971,6.456912e-01,8.907484e+11,3.501780e-06,6.790894e-01,9.204027e+01,1.247230e+06,8.038321e-27,2.105375e-12,1.289807e-02,1.164153e-01,2.181421e+04,3.271948e+04,3.290601e+04,-1.685857e+02,-1.304594e+02,-2.228376e+01
Si II 1193,3.606298e-06,2.460127e-04,2.496199e-04,1193.587869,0.297869,4.223557e+00,5.826719e+12,3.244704e-06,6.790894e-01,7.370551e+01,1.070827e+06,6.544400e-27,1.471855e-12,1.337439e-01,1.164153e-01,2.181421e+04,3.271997e+04,3.290601e+04,-1.331765e+02,-1.016075e+02,-1.604312e+01
Si II 1193,3.561685e-06,2.665598e-04,2.701224e-04,1193.612334,0.322334,9.765901e+00,1.347256e+13,3.289402e-06,6.790894e-01,7.987426e+01,1.100532e+06,4.472035e-27,1.034231e-12,4.309827e-01,1.164153e-01,2.181470e+04,3.271997e+04,3.290601e+04,-1.164922e+02,-9.703598e+01,2.046553e+00
Si II 1193,3.417923e-06,2.778537e-04,2.812726e-04,1193.625640,0.335640,3.579498e+01,4.938053e+13,3.309779e-06,6.790894e-01,8.325262e+01,1.114210e+06,6.019479e-27,1.407972e-12,5.736985e-01,1.164153e-01,2.181470e+04,3.271997e+04,3.290552e+04,-1.310356e+02,-1.014332e+02,-3.472477e+00
Si II 1193,3.226556e-06,3.632873e-04,3.665151e-04,1193.727359,0.437359,6.065516e-01,8.366863e+11,3.237737e-06,6.790894e-01,1.088270e+02,1.066233e+06,1.024031e-26,2.288948e-12,3.926141e-03,1.164153e-01,2.181519e+04,3.271997e+04,3.290552e+04,-1.862869e+02,-1.241152e+02,-1.093745e+01
Si II 1193,3.225246e-06,3.717653e-04,3.749917e-04,1193.737474,0.447474,1.091832e+02,1.506080e+14,3.274189e-06,6.790894e-01,1.113586e+02,1.090376e+06,1.244624e-26,2.839328e-12,5.776246e-01,1.164153e-01,2.181519e+04,3.271997e+04,3.290503e+04,-1.992312e+02,-1.275816e+02,-1.629451e+01
Si II 1193,3.032569e-06,4.055508e-04,4.085846e-04,1193.777560,0.487560,5.823285e+01,8.031443e+13,3.543054e-06,6.790894e-01,1.214571e+02,1.276804e+06,1.484276e-26,3.958066e-12,4.231304e-01,1.164153e-01,2.181519e+04,3.271997e+04,3.290454e+04,-2.304277e+02,-1.431298e+02,-2.636482e+01
Si II 1193,2.891427e-06,4.444515e-04,4.473442e-04,1193.823811,0.533811,7.649591e+00,1.055202e+13,3.734458e-06,6.790894e-01,1.330995e+02,1.418483e+06,1.471486e-26,4.355909e-12,5.775268e-02,1.164153e-01,2.181567e+04,3.271997e+04,3.290454e+04,-2.542204e+02,-1.441947e+02,-2.655087e+01
Si II 1193,2.872162e-06,4.106959e-04,4.135693e-04,1193.783508,0.493508,3.718402e+00,5.129391e+12,3.718709e-06,6.790894e-01,1.230293e+02,1.406544e+06,7.386911e-27,2.170417e-12,9.674153e-02,1.164153e-01,2.181567e+04,3.272046e+04,3.290454e+04,-2.000873e+02,-1.282819e+02,-3.164413e+00
Si II 1193,2.839892e-06,4.147064e-04,4.175475e-04,1193.788255,0.498255,2.278682e+01,3.142718e+13,3.894672e-06,6.790894e-01,1.242251e+02,1.542804e+06,7.002984e-27,2.254797e-12,5.776246e-01,1.164153e-01,2.181567e+04,3.272046e+04,3.290405e+04,-2.054271e+02,-1.347797e+02,-6.525183e+00
Si II 1193,2.647215e-06,3.766280e-04,3.792762e-04,1193.742586,0.452586,1.067645e+01,1.472928e+13,3.861723e-06,6.790894e-01,1.128156e+02,1.516810e+06,5.819660e-27,1.840428e-12,2.725624e-01,1.164153e-01,2.181567e+04,3.272046e+04,3.290356e+04,-1.988337e+02,-1.302617e+02,-1.504578e+01
Si II 1193,2.556297e-06,4.515044e-04,4.540619e-04,1193.831827,0.541827,2.319557e+01,3.198976e+13,3.920819e-06,6.790894e-01,1.352132e+02,1.563588e+06,1.099852e-26,3.584844e-12,3.050623e-01,1.164153e-01,2.181616e+04,3.272046e+04,3.290356e+04,-2.595189e+02,-1.363158e+02,-2.502887e+01
Si II 1193,2.454538e-06,4.168414e-04,4.192970e-04,1193.790343,0.500343,3.739619e+01,5.157609e+13,3.906203e-06,6.790894e-01,1.248316e+02,1.551953e+06,9.542839e-27,3.089087e-12,5.776246e-01,1.164153e-01,2.181616e+04,3.272046e+04,3.290308e+04,-2.487784e+02,-1.329374e+02,-3.024824e+01
Si II 1193,2.261861e-06,4.144675e-04,4.167303e-04,1193.787280,0.497280,7.197370e+00,9.928818e+12,3.800843e-06,6.790894e-01,1.241150e+02,1.469362e+06,9.233361e-27,2.833070e-12,1.219943e-01,1.164153e-01,2.181616e+04,3.272046e+04,3.290259e+04,-2.516606e+02,-1.377290e+02,-3.401063e+01
Si II 1193,2.221168e-06,4.678732e-04,4.700954e-04,1193.850960,0.560960,3.188700e+01,4.397570e+13,4.073201e-06,6.790894e-01,1.400945e+02,1.687488e+06,1.281164e-26,4.519948e-12,2.492492e-01,1.164153e-01,2.181665e+04,3.272046e+04,3.290259e+04,-2.868578e+02,-1.364033e+02,-3.499544e+01
Si II 1193,2.138026e-06,5.413513e-04,5.434905e-04,1193.938542,0.648542,3.007688e+01,4.147628e+13,3.817017e-06,6.790894e-01,1.620928e+02,1.481894e+06,1.460918e-26,4.530125e-12,2.063811e-01,1.164153e-01,2.181665e+04,3.272095e+04,3.290259e+04,-3.072844e+02,-1.577124e+02,-2.630852e+01
Si II 1193,2.069184e-06,5.033692e-04,5.054394e-04,1193.893136,0.603136,5.560265e+01,7.667947e+13,3.819634e-06,6.790894e-01,1.507313e+02,1.483927e+06,1.127545e-26,3.504274e-12,5.490509e-01,1.164153e-01,2.181665e+04,3.272095e+04,3.290210e+04,-2.824280e+02,-1.563717e+02,-2.510623e+01
Si II 1193,1.886039e-06,4.977465e-04,4.996335e-04,1193.886208,0.596208,4.510185e+00,6.221507e+12,3.858547e-06,6.790894e-01,1.490549e+02,1.514316e+06,1.223098e-26,3.880504e-12,2.857378e-02,1.164153e-01,2.181714e+04,3.272095e+04,3.290210e+04,-2.849480e+02,-1.328498e+02,-2.236481e+01
Si II 1193,1.876507e-06,4.328282e-04,4.347055e-04,1193.808730,0.518730,4.348855e+01,5.997762e+13,3.917226e-06,6.790894e-01,1.296310e+02,1.560724e+06,8.547939e-27,2.797109e-12,5.776246e-01,1.164153e-01,2.181714e+04,3.272095e+04,3.290161e+04,-2.530327e+02,-1.096749e+02,-2.091131e+01
Si II 1193,1.683830e-06,4.097780e-04,4.114625e-04,1193.780994,0.490994,2.293646e+01,3.163376e+13,3.992896e-06,6.790894e-01,1.227276e+02,1.621604e+06,7.935231e-27,2.698860e-12,3.984828e-01,1.164153e-01,2.181714e+04,3.272095e+04,3.290112e+04,-2.522077e+02,-9.067607e+01,-2.361721e+01
Si II 1193,1.550909e-06,4.204356e-04,4.219871e-04,1193.793553,0.503553,7.806186e+00,1.076936e+13,3.915162e-06,6.790894e-01,1.259184e+02,1.559080e+06,8.255572e-27,2.700248e-12,1.791418e-01,1.164153e-01,2.181763e+04,3.272095e+04,3.290112e+04,-2.650298e+02,-6.543178e+01,-2.058901e+01
Si II 1193,1.491153e-06,4.414252e-04,4.429170e-04,1193.818528,0.528528,1.387848e+01,1.914636e+13,3.920427e-06,6.790894e-01,1.321875e+02,1.563276e+06,1.019471e-26,3.344086e-12,2.616039e-01,1.164153e-01,2.181763e+04,3.272095e+04,3.290063e+04,-2.912497e+02,-5.876273e+01,-2.649717e+01
Si II 1193,1.403891e-06,3.431051e-04,3.445095e-04,1193.701100,0.411100,8.727337e+00,1.204094e+13,3.892193e-06,6.790894e-01,1.027774e+02,1.540840e+06,5.428071e-27,1.756142e-12,3.160207e-01,1.164153e-01,2.181763e+04,3.272144e+04,3.290063e+04,-2.172499e+02,-4.721182e+01,-1.571194e+01
Si II 1193,1.298476e-06,3.173869e-04,3.186858e-04,1193.670285,0.380285,6.706564e+00,9.253207e+12,3.898693e-06,6.790894e-01,9.506868e+01,1.545991e+06,5.518591e-27,1.791346e-12,2.479147e-01,1.164153e-01,2.181763e+04,3.272144e+04,3.290015e+04,-2.165315e+02,-3.843782e+01,-2.211545e+01
Si II 1193,1.215780e-06,3.331977e-04,3.344138e-04,1193.689053,0.399053,7.723680e+00,1.065658e+13,3.925697e-06,6.790894e-01,9.980288e+01,1.567482e+06,5.678720e-27,1.869407e-12,3.297099e-01,1.164153e-01,2.181812e+04,3.272144e+04,3.290015e+04,-2.259983e+02,-2.913163e+01,-1.951533e+01
Si II 1193,1.105799e-06,2.686639e-04,2.697700e-04,1193.611914,0.321914,1.035337e+01,1.428637e+13,3.982213e-06,6.790894e-01,8.047634e+01,1.612939e+06,4.353685e-27,1.474439e-12,5.776246e-01,1.164153e-01,2.181812e+04,3.272144e+04,3.289966e+04,-1.977126e+02,-2.276331e+01,-2.444434e+01
Si II 1193,9.131223e-07,1.845613e-04,1.854746e-04,1193.511325,0.221325,7.810719e-01,1.077945e+12,4.051028e-06,6.790894e-01,5.528710e+01,1.669165e+06,2.616565e-27,9.169803e-13,9.734666e-02,1.164153e-01,2.181812e+04,3.272144e+04,3.289917e+04,-1.570662e+02,-1.584552e+01,-2.905804e+01
Si II 1193,8.806505e-07,1.799141e-04,1.807949e-04,1193.505741,0.215741,2.589046e+00,3.573256e+12,4.089181e-06,6.790894e-01,5.389881e+01,1.700754e+06,2.108204e-27,7.528320e-13,4.802780e-01,1.164153e-01,2.181860e+04,3.272144e+04,3.289917e+04,-1.493385e+02,-2.672681e+00,-2.280018e+01
Si II 1193,7.204453e-07,1.362675e-04,1.369880e-04,1193.453466,0.163466,3.925177e-01,5.418222e+11,4.184182e-06,6.790894e-01,4.082173e+01,1.780697e+06,1.557473e-27,5.821191e-13,1.519643e-01,1.164153e-01,2.181860e+04,3.272144e+04,3.289868e+04,-1.318124e+02,5.851049e-01,-2.733868e+01
Si II 1193,6.697548e-07,1.264551e-04,1.271250e-04,1193.441697,0.151697,2.652377e-01,3.661200e+11,4.160213e-06,6.790894e-01,3.788729e+01,1.760355e+06,1.222591e-27,4.516299e-13,3.724389e-01,1.164153e-01,2.181860e+04,3.272192e+04,3.289868e+04,-1.153691e+02,-1.406054e+00,-2.187882e+01
Si II 1193,5.455212e-07,1.503324e-04,1.508780e-04,1193.470041,0.180041,1.397818e-03,2.234761e+10,4.217239e-06,6.790894e-01,4.504316e+01,1.808945e+06,1.170862e-27,4.445221e-13,5.322141e-02,1.164153e-01,2.181909e+04,3.272192e+04,3.289868e+04,-1.221065e+02,8.927246e+00,-1.457517e+01
Si II 1193,5.277682e-07,1.226896e-04,1.232175e-04,1193.437034,0.147034,7.615846e-02,1.150249e+11,4.269465e-06,6.790894e-01,3.675816e+01,1.854027e+06,1.085249e-27,4.222553e-13,5.776246e-01,1.164153e-01,2.181909e+04,3.272192e+04,3.289819e+04,-1.158008e+02,1.160404e+01,-2.004822e+01
Si II 1193,3.350912e-07,1.134579e-04,1.137931e-04,1193.425788,0.135788,1.826033e-03,2.971316e+10,4.298635e-06,6.790894e-01,3.399152e+01,1.879447e+06,1.043321e-27,4.114744e-13,3.738352e-01,1.164153e-01,2.181909e+04,3.272192e+04,3.289771e+04,-1.129624e+02,1.264398e+01,-2.141624e+01
Si II 1193,2.103919e-07,1.399301e-04,1.401405e-04,1193.457228,0.167228,5.913335e-04,9.823605e+09,4.387928e-06,6.790894e-01,4.192293e+01,1.958340e+06,1.068816e-27,4.392516e-13,2.037895e-01,1.164153e-01,2.181958e+04,3.272192e+04,3.289771e+04,-1.241742e+02,2.348861e+01,-1.563343e+01
Si II 1193,1.424142e-07,1.433042e-04,1.434466e-04,1193.461173,0.171173,1.403344e-04,2.332313e+09,4.387486e-06,6.790894e-01,4.293534e+01,1.957945e+06,1.050875e-27,4.316253e-13,4.231316e-01,1.164153e-01,2.181958e+04,3.272192e+04,3.289722e+04,-1.225077e+02,2.227624e+01,-1.379580e+01
Si III 1206,1.222668e-05,1.465035e-04,1.587320e-04,1206.691510,0.191510,9.166315e-01,4.364040e+11,2.888526e-06,6.560080e-01,4.389044e+01,8.486359e+05,3.883105e-28,6.934065e-14,4.145898e-01,7.450581e+00,2.180176e+04,3.271387e+04,3.292871e+04,-1.318207e+02,1.961999e+01,-1.871746e+01
Si III 1206,1.208839e-05,1.266255e-04,1.387154e-04,1206.667360,0.167360,3.216272e+00,1.531280e+12,2.736636e-06,6.560080e-01,3.792653e+01,7.617334e+05,4.385022e-28,7.027868e-14,1.449777e+00,7.450581e+00,2.180176e+04,3.271387e+04,3.292676e+04,-1.401232e+02,1.581337e+01,-3.154507e+01
Si III 1206,1.160479e-05,1.649880e-04,1.765947e-04,1206.713061,0.213061,1.297183e+00,6.175720e+11,2.898255e-06,6.560080e-01,4.942691e+01,8.543625e+05,4.461606e-28,8.020958e-14,8.607215e-01,7.450581e+00,2.180371e+04,3.271387e+04,3.292676e+04,-1.434126e+02,2.021916e+00,-2.345119e+01
Si III 1206,1.131768e-05,1.979943e-04,2.093142e-04,1206.752538,0.252538,5.331222e-01,2.538037e+11,2.689916e-06,6.560080e-01,5.931245e+01,7.359466e+05,5.363385e-28,8.304331e-14,1.109294e+00,7.450581e+00,2.180371e+04,3.271387e+04,3.292480e+04,-1.607468e+02,-1.651273e+01,-2.658733e+01
Si III 1206,1.094766e-05,2.378741e-04,2.488243e-04,1206.800207,0.300207,3.509856e+00,1.670876e+12,2.908092e-06,6.560080e-01,7.124468e+01,8.601717e+05,7.311895e-28,1.321160e-13,1.201204e+00,7.450581e+00,2.180371e+04,3.271582e+04,3.292480e+04,-1.982955e+02,-1.862442e+01,-3.461403e+01
Si III 1206,1.054697e-05,2.624604e-04,2.730102e-04,1206.829387,0.329387,5.492356e-01,2.614595e+11,3.086771e-06,6.560080e-01,7.862473e+01,9.691206e+05,5.756532e-28,1.169941e-13,8.475047e-01,7.450581e+00,2.180371e+04,3.271582e+04,3.292285e+04,-1.855774e+02,-2.238705e+01,-1.955909e+01
Si III 1206,1.026427e-05,2.281992e-04,2.384658e-04,1206.787709,0.287709,6.546055e-01,3.116353e+11,3.342326e-06,6.560080e-01,6.835826e+01,1.136231e+06,6.185158e-28,1.475071e-13,1.462994e+00,7.450581e+00,2.180566e+04,3.271582e+04,3.292285e+04,-1.758128e+02,-2.808219e+01,-2.758477e+01
Si III 1206,9.776264e-06,1.880022e-04,1.977803e-04,1206.738622,0.238622,2.298320e+00,1.094216e+12,3.481267e-06,6.560080e-01,5.631623e+01,1.232661e+06,5.421883e-28,1.400415e-13,2.310499e+00,7.450581e+00,2.180566e+04,3.271582e+04,3.292090e+04,-1.613608e+02,-1.605886e+01,-3.036571e+01
Si III 1206,9.005556e-06,2.054600e-04,2.144674e-04,1206.758755,0.258755,6.738621e-01,3.208395e+11,3.724273e-06,6.560080e-01,6.153245e+01,1.410756e+06,7.061497e-28,2.085701e-13,2.452325e-01,7.450581e+00,2.180566e+04,3.271582e+04,3.291895e+04,-1.882151e+02,-2.361953e+01,-4.161881e+01
Si III 1206,8.923755e-06,1.773796e-04,1.863050e-04,1206.724777,0.224777,8.098373e+00,3.855819e+12,3.670837e-06,6.560080e-01,5.308554e+01,1.370563e+06,1.137411e-27,3.265521e-13,2.065266e+00,7.450581e+00,2.180762e+04,3.271582e+04,3.291895e+04,-2.219740e+02,-2.357309e+01,-7.100822e+01
Si III 1206,8.234848e-06,2.732146e-04,2.814517e-04,1206.839571,0.339571,2.439526e+00,1.161890e+12,4.152709e-06,6.560080e-01,8.182642e+01,1.754009e+06,9.109353e-28,3.342519e-13,6.707357e-01,9.313226e-01,2.180811e+04,3.271631e+04,3.291748e+04,-2.162793e+02,-2.689674e+01,-3.460667e+01
Si III 1206,8.011112e-06,3.209066e-04,3.289203e-04,1206.896842,0.396842,1.386417e+00,6.613335e+11,4.702440e-06,6.560080e-01,9.611692e+01,2.249135e+06,9.889267e-28,4.645013e-13,4.845136e-01,9.313226e-01,2.180811e+04,3.271729e+04,3.291748e+04,-2.280550e+02,-2.167294e+01,-2.310064e+01
Si III 1206,7.849494e-06,3.744553e-04,3.823078e-04,1206.961254,0.461254,1.954130e+00,9.300495e+11,5.018789e-06,6.560080e-01,1.121788e+02,2.561927e+06,7.315263e-28,3.913869e-13,7.982095e-01,9.313226e-01,2.180811e+04,3.271729e+04,3.291650e+04,-2.175264e+02,-2.584761e+01,8.577750e-01
Si III 1206,7.583237e-06,3.845837e-04,3.921698e-04,1206.973153,0.473153,1.186109e+00,5.671274e+11,5.097403e-06,6.560080e-01,1.152164e+02,2.642816e+06,7.422474e-28,4.093110e-13,3.570398e-01,9.313226e-01,2.180908e+04,3.271729e+04,3.291650e+04,-2.157192e+02,-2.614091e+01,5.413252e+00
Si III 1206,7.464140e-06,4.029652e-04,4.104323e-04,1206.995187,0.495187,2.802429e+00,1.333753e+12,5.298715e-06,6.560080e-01,1.207309e+02,2.855684e+06,6.341448e-28,3.777586e-13,1.155249e+00,9.313226e-01,2.180908e+04,3.271729e+04,3.291553e+04,-2.089978e+02,-3.342317e+01,1.388977e+01
Si III 1206,7.078786e-06,4.072765e-04,4.143581e-04,1206.999923,0.499923,5.419397e-01,2.597070e+11,5.342209e-06,6.560080e-01,1.220309e+02,2.902757e+06,5.658046e-28,3.424751e-13,4.970733e-01,9.313226e-01,2.180908e+04,3.271729e+04,3.291455e+04,-1.963403e+02,-3.788662e+01,2.153352e+01
Si III 1206,6.912979e-06,4.249405e-04,4.318564e-04,1207.021035,0.521035,1.640660e+00,7.808185e+11,5.355178e-06,6.560080e-01,1.273200e+02,2.916868e+06,6.345935e-28,3.855190e-13,6.581759e-01,9.313226e-01,2.181006e+04,3.271729e+04,3.291455e+04,-2.064949e+02,-3.450189e+01,2.284038e+01
Si III 1206,6.693432e-06,4.235248e-04,4.302211e-04,1207.019062,0.519062,6.773941e-01,3.244151e+11,5.282727e-06,6.560080e-01,1.268942e+02,2.838476e+06,7.089125e-28,4.190958e-13,4.514565e-01,9.313226e-01,2.181006e+04,3.271729e+04,3.291357e+04,-2.085762e+02,-3.498689e+01,2.101280e+01
Si III 1206,6.542841e-06,4.777736e-04,4.843196e-04,1207.084332,0.584332,5.346704e+00,2.544458e+12,5.770133e-06,6.560080e-01,1.431549e+02,3.386418e+06,7.119133e-28,5.012586e-13,7.037928e-01,9.313226e-01,2.181006e+04,3.271826e+04,3.291357e+04,-2.089745e+02,-3.955162e+01,3.882188e+01
Si III 1206,6.308078e-06,4.574530e-04,4.637639e-04,1207.059531,0.559531,1.082823e+00,5.153178e+11,5.550415e-06,6.560080e-01,1.370592e+02,3.133429e+06,8.265416e-28,5.386917e-13,1.959372e-01,9.313226e-01,2.181006e+04,3.271826e+04,3.291260e+04,-2.162127e+02,-3.865243e+01,2.768524e+01
Si III 1206,6.242720e-06,4.744672e-04,4.807129e-04,1207.079980,0.579980,6.375741e+00,3.034178e+12,5.445906e-06,6.560080e-01,1.421703e+02,3.016541e+06,7.446460e-28,4.673994e-13,9.593121e-01,9.313226e-01,2.181104e+04,3.271826e+04,3.291260e+04,-1.975579e+02,-4.329025e+01,4.323966e+01
Si III 1206,5.922724e-06,4.357288e-04,4.416541e-04,1207.032856,0.532856,2.917456e+00,1.388454e+12,5.309245e-06,6.560080e-01,1.305715e+02,2.867045e+06,6.776253e-28,4.046840e-13,1.050050e+00,9.313226e-01,2.181104e+04,3.271826e+04,3.291162e+04,-1.743496e+02,-4.169116e+01,4.328139e+01
Si III 1206,5.572461e-06,3.867862e-04,3.923608e-04,1206.973383,0.473383,1.060271e-01,5.056897e+10,4.686255e-06,6.560080e-01,1.159214e+02,2.233679e+06,4.395642e-28,2.050509e-13,1.051989e-01,9.313226e-01,2.181201e+04,3.271826e+04,3.291162e+04,-1.263774e+02,-4.036929e+01,5.387847e+01
Si III 1206,5.537370e-06,3.664852e-04,3.720246e-04,1206.948848,0.448848,1.962837e-01,9.368563e+10,4.827825e-06,6.560080e-01,1.098407e+02,2.370675e+06,4.327646e-28,2.142728e-13,1.155249e+00,9.313226e-01,2.181201e+04,3.271826e+04,3.291064e+04,-1.112375e+02,-4.380181e+01,5.448873e+01
Si III 1206,5.152016e-06,3.214236e-04,3.265773e-04,1206.894016,0.394016,6.520789e-01,3.110480e+11,4.702970e-06,6.560080e-01,9.633652e+01,2.249642e+06,6.616065e-28,3.107561e-13,2.321773e-01,9.313226e-01,2.181201e+04,3.271826e+04,3.290967e+04,-9.398272e+01,-5.915134e+01,4.440541e+01
Si III 1206,5.074569e-06,3.743874e-04,3.794639e-04,1206.957823,0.457823,1.211751e+00,5.796317e+11,5.146572e-06,6.560080e-01,1.122119e+02,2.694046e+06,1.506127e-27,8.458628e-13,5.167369e-01,9.313226e-01,2.181201e+04,3.271924e+04,3.290967e+04,-7.639501e+01,-7.264715e+01,6.975528e+01
Si III 1206,4.902203e-06,3.168721e-04,3.217759e-04,1206.888223,0.388223,8.963503e-01,4.277673e+11,4.794644e-06,6.560080e-01,9.497591e+01,2.338200e+06,1.259804e-27,6.142000e-13,4.063351e-01,9.313226e-01,2.181299e+04,3.271924e+04,3.290967e+04,-8.996934e+01,-3.493266e+01,5.145956e+01
Si III 1206,4.766662e-06,2.668187e-04,2.715867e-04,1206.827669,0.327669,1.032701e+01,4.915582e+12,4.084335e-06,6.560080e-01,7.996524e+01,1.696726e+06,5.606737e-27,1.984531e-12,1.155249e+00,9.313226e-01,2.181299e+04,3.271924e+04,3.290869e+04,-9.999567e+01,-6.794599e+01,1.927336e+01
Si III 1206,4.381308e-06,1.544573e-04,1.588393e-04,1206.691640,0.191640,1.132023e+00,5.389495e+11,2.667876e-06,6.560080e-01,4.628705e+01,7.239363e+05,6.513616e-27,9.898245e-13,1.225377e-01,1.164153e-01,2.181323e+04,3.271899e+04,3.290796e+04,-8.542299e+01,-5.878120e+01,-9.783454e+00
Si III 1206,4.340434e-06,1.810326e-04,1.853739e-04,1206.723654,0.223654,4.080063e+00,1.942439e+12,2.330139e-06,6.560080e-01,5.424172e+01,5.522461e+05,1.278258e-26,1.481203e-12,3.252404e-01,1.164153e-01,2.181323e+04,3.271948e+04,3.290796e+04,-1.096566e+02,-7.680204e+01,-1.903565e+01
Si III 1206,4.231944e-06,1.647298e-04,1.689625e-04,1206.703853,0.203853,9.605443e-01,4.582508e+11,2.309195e-06,6.560080e-01,4.936734e+01,5.423631e+05,5.840712e-27,6.652019e-13,1.298466e-01,1.164153e-01,2.181372e+04,3.271948e+04,3.290796e+04,-8.148290e+01,-6.152341e+01,-4.593963e+00
Si III 1206,4.188631e-06,2.858887e-04,2.900786e-04,1206.849980,0.349980,6.589725e+00,3.136918e+12,2.667663e-06,6.560080e-01,8.565330e+01,7.238206e+05,9.808600e-27,1.490543e-12,5.776246e-01,1.164153e-01,2.181372e+04,3.271948e+04,3.290747e+04,-1.474394e+02,-1.025482e+02,-1.035631e+01
Si III 1206,3.995954e-06,3.555762e-04,3.595735e-04,1206.933825,0.433825,5.118772e+00,2.436540e+12,3.030123e-06,6.560080e-01,1.064966e+02,9.338764e+05,1.316511e-26,2.579454e-12,2.972100e-01,1.164153e-01,2.181372e+04,3.271948e+04,3.290698e+04,-2.050921e+02,-1.363104e+02,-2.770664e+01
Si III 1206,3.896815e-06,3.800628e-04,3.839611e-04,1206.963249,0.463249,2.867320e+00,1.364813e+12,2.995633e-06,6.560080e-01,1.138522e+02,9.127382e+05,1.001625e-26,1.920178e-12,2.804146e-01,1.164153e-01,2.181421e+04,3.271948e+04,3.290698e+04,-1.896501e+02,-1.286987e+02,-8.129347e+00
Si III 1206,3.803277e-06,3.678956e-04,3.717003e-04,1206.948456,0.448456,7.011129e+00,3.337313e+12,3.337712e-06,6.560080e-01,1.102050e+02,1.133096e+06,9.427839e-27,2.243756e-12,5.776246e-01,1.164153e-01,2.181421e+04,3.271948e+04,3.290649e+04,-1.850701e+02,-1.340100e+02,-1.120461e+01
Si III 1206,3.610600e-06,3.072689e-04,3.108807e-04,1206.875078,0.375078,2.607523e-01,1.241290e+11,3.501780e-06,6.560080e-01,9.204027e+01,1.247230e+06,8.038321e-27,2.105375e-12,1.289807e-02,1.164153e-01,2.181421e+04,3.271948e+04,3.290601e+04,-1.685857e+02,-1.304594e+02,-2.228376e+01
Si III 1206,3.606298e-06,2.460127e-04,2.496199e-04,1206.801166,0.301166,2.444075e+00,1.163519e+12,3.244704e-06,6.560080e-01,7.370551e+01,1.070827e+06,6.544400e-27,1.471855e-12,1.337439e-01,1.164153e-01,2.181421e+04,3.271997e+04,3.290601e+04,-1.331765e+02,-1.016075e+02,-1.604312e+01
Si III 1206,3.561685e-06,2.665598e-04,2.701224e-04,1206.825903,0.325903,3.422075e+00,1.629073e+12,3.289402e-06,6.560080e-01,7.987426e+01,1.100532e+06,4.472035e-27,1.034231e-12,4.309827e-01,1.164153e-01,2.181470e+04,3.271997e+04,3.290601e+04,-1.164922e+02,-9.703598e+01,2.046553e+00
Si III 1206,3.417923e-06,2.778537e-04,2.812726e-04,1206.839355,0.339355,1.066717e+01,5.078043e+12,3.309779e-06,6.560080e-01,8.325262e+01,1.114210e+06,6.019479e-27,1.407972e-12,5.736985e-01,1.164153e-01,2.181470e+04,3.271997e+04,3.290552e+04,-1.310356e+02,-1.014332e+02,-3.472477e+00
Si III 1206,3.226556e-06,3.632873e-04,3.665151e-04,1206.942200,0.442200,1.823687e-01,8.680768e+10,3.237737e-06,6.560080e-01,1.088270e+02,1.066233e+06,1.024031e-26,2.288948e-12,3.926141e-03,1.164153e-01,2.181519e+04,3.271997e+04,3.290552e+04,-1.862869e+02,-1.241152e+02,-1.093745e+01
Si III 1206,3.225246e-06,3.717653e-04,3.749917e-04,1206.952427,0.452427,3.073553e+01,1.463006e+13,3.274189e-06,6.560080e-01,1.113586e+02,1.090376e+06,1.244624e-26,2.839328e-12,5.776246e-01,1.164153e-01,2.181519e+04,3.271997e+04,3.290503e+04,-1.992312e+02,-1.275816e+02,-1.629451e+01
Si III 1206,3.032569e-06,4.055508e-04,4.085846e-04,1206.992957,0.492957,1.552300e+01,7.388941e+12,3.543054e-06,6.560080e-01,1.214571e+02,1.276804e+06,1.484276e-26,3.958066e-12,4.231304e-01,1.164153e-01,2.181519e+04,3.271997e+04,3.290454e+04,-2.304277e+02,-1.431298e+02,-2.636482e+01
Si III 1206,2.891427e-06,4.444515e-04,4.473442e-04,1207.039721,0.539721,2.298603e+00,1.094164e+12,3.734458e-06,6.560080e-01,1.330995e+02,1.418483e+06,1.471486e-26,4.355909e-12,5.775268e-02,1.164153e-01,2.181567e+04,3.271997e+04,3.290454e+04,-2.542204e+02,-1.441947e+02,-2.655087e+01
Si III 1206,2.872162e-06,4.106959e-04,4.135693e-04,1206.998971,0.498971,1.860948e+00,8.858575e+11,3.718709e-06,6.560080e-01,1.230293e+02,1.406544e+06,7.386911e-27,2.170417e-12,9.674153e-02,1.164153e-01,2.181567e+04,3.272046e+04,3.290454e+04,-2.000873e+02,-1.282819e+02,-3.164413e+00
Si III 1206,2.839892e-06,4.147064e-04,4.175475e-04,1207.003771,0.503771,1.229193e+01,5.851833e+12,3.894672e-06,6.560080e-01,1.242251e+02,1.542804e+06,7.002984e-27,2.254797e-12,5.776246e-01,1.164153e-01,2.181567e+04,3.272046e+04,3.290405e+04,-2.054271e+02,-1.347797e+02,-6.525183e+00
Si III 1206,2.647215e-06,3.766280e-04,3.792762e-04,1206.957597,0.457597,5.726018e+00,2.726034e+12,3.861723e-06,6.560080e-01,1.128156e+02,1.516810e+06,5.819660e-27,1.840428e-12,2.725624e-01,1.164153e-01,2.181567e+04,3.272046e+04,3.290356e+04,-1.988337e+02,-1.302617e+02,-1.504578e+01
Si III 1206,2.556297e-06,4.515044e-04,4.540619e-04,1207.047826,0.547826,1.012284e+01,4.819124e+12,3.920819e-06,6.560080e-01,1.352132e+02,1.563588e+06,1.099852e-26,3.584844e-12,3.050623e-01,1.164153e-01,2.181616e+04,3.272046e+04,3.290356e+04,-2.595189e+02,-1.363158e+02,-2.502887e+01
Si III 1206,2.454538e-06,4.168414e-04,4.192970e-04,1207.005882,0.505882,1.672784e+01,7.961152e+12,3.906203e-06,6.560080e-01,1.248316e+02,1.551953e+06,9.542839e-27,3.089087e-12,5.776246e-01,1.164153e-01,2.181616e+04,3.272046e+04,3.290308e+04,-2.487784e+02,-1.329374e+02,-3.024824e+01
Si III 1206,2.261861e-06,4.144675e-04,4.167303e-04,1207.002785,0.502785,3.649969e+00,1.737539e+12,3.800843e-06,6.560080e-01,1.241150e+02,1.469362e+06,9.233361e-27,2.833070e-12,1.219943e-01,1.164153e-01,2.181616e+04,3.272046e+04,3.290259e+04,-2.516606e+02,-1.377290e+02,-3.401063e+01
Si III 1206,2.221168e-06,4.678732e-04,4.700954e-04,1207.067170,0.567170,1.337283e+01,6.364104e+12,4.073201e-06,6.560080e-01,1.400945e+02,1.687488e+06,1.281164e-26,4.519948e-12,2.492492e-01,1.164153e-01,2.181665e+04,3.272046e+04,3.290259e+04,-2.868578e+02,-1.364033e+02,-3.499544e+01
Si III 1206,2.138026e-06,5.413513e-04,5.434905e-04,1207.155721,0.655721,1.283448e+01,6.109036e+12,3.817017e-06,6.560080e-01,1.620928e+02,1.481894e+06,1.460918e-26,4.530125e-12,2.063811e-01,1.164153e-01,2.181665e+04,3.272095e+04,3.290259e+04,-3.072844e+02,-1.577124e+02,-2.630852e+01
Si III 1206,2.069184e-06,5.033692e-04,5.054394e-04,1207.109813,0.609813,2.684856e+01,1.277673e+13,3.819634e-06,6.560080e-01,1.507313e+02,1.483927e+06,1.127545e-26,3.504274e-12,5.490509e-01,1.164153e-01,2.181665e+04,3.272095e+04,3.290210e+04,-2.824280e+02,-1.563717e+02,-2.510623e+01
Si III 1206,1.886039e-06,4.977465e-04,4.996335e-04,1207.102808,0.602808,2.048536e+00,9.751443e+11,3.858547e-06,6.560080e-01,1.490549e+02,1.514316e+06,1.223098e-26,3.880504e-12,2.857378e-02,1.164153e-01,2.181714e+04,3.272095e+04,3.290210e+04,-2.849480e+02,-1.328498e+02,-2.236481e+01
Si III 1206,1.876507e-06,4.328282e-04,4.347055e-04,1207.024472,0.524472,2.239849e+01,1.065978e+13,3.917226e-06,6.560080e-01,1.296310e+02,1.560724e+06,8.547939e-27,2.797109e-12,5.776246e-01,1.164153e-01,2.181714e+04,3.272095e+04,3.290161e+04,-2.530327e+02,-1.096749e+02,-2.091131e+01
Si III 1206,1.683830e-06,4.097780e-04,4.114625e-04,1206.996429,0.496429,1.236728e+01,5.885909e+12,3.992896e-06,6.560080e-01,1.227276e+02,1.621604e+06,7.935231e-27,2.698860e-12,3.984828e-01,1.164153e-01,2.181714e+04,3.272095e+04,3.290112e+04,-2.522077e+02,-9.067607e+01,-2.361721e+01
Si III 1206,1.550909e-06,4.204356e-04,4.219871e-04,1207.009127,0.509127,4.426042e+00,2.107144e+12,3.915162e-06,6.560080e-01,1.259184e+02,1.559080e+06,8.255572e-27,2.700248e-12,1.791418e-01,1.164153e-01,2.181763e+04,3.272095e+04,3.290112e+04,-2.650298e+02,-6.543178e+01,-2.058901e+01
Si III 1206,1.491153e-06,4.414252e-04,4.429170e-04,1207.034379,0.534379,7.664646e+00,3.648900e+12,3.920427e-06,6.560080e-01,1.321875e+02,1.563276e+06,1.019471e-26,3.344086e-12,2.616039e-01,1.164153e-01,2.181763e+04,3.272095e+04,3.290063e+04,-2.912497e+02,-5.876273e+01,-2.649717e+01
Si III 1206,1.403891e-06,3.431051e-04,3.445095e-04,1206.915651,0.415651,5.428643e+00,2.584604e+12,3.892193e-06,6.560080e-01,1.027774e+02,1.540840e+06,5.428071e-27,1.756142e-12,3.160207e-01,1.164153e-01,2.181763e+04,3.272144e+04,3.290063e+04,-2.172499e+02,-4.721182e+01,-1.571194e+01
Si III 1206,1.298476e-06,3.173869e-04,3.186858e-04,1206.884494,0.384494,4.268102e+00,2.032127e+12,3.898693e-06,6.560080e-01,9.506868e+01,1.545991e+06,5.518591e-27,1.791346e-12,2.479147e-01,1.164153e-01,2.181763e+04,3.272144e+04,3.290015e+04,-2.165315e+02,-3.843782e+01,-2.211545e+01
Si III 1206,1.215780e-06,3.331977e-04,3.344138e-04,1206.903470,0.403470,5.112003e+00,2.433940e+12,3.925697e-06,6.560080e-01,9.980288e+01,1.567482e+06,5.678720e-27,1.869407e-12,3.297099e-01,1.164153e-01,2.181812e+04,3.272144e+04,3.290015e+04,-2.259983e+02,-2.913163e+01,-1.951533e+01
Si III 1206,1.105799e-06,2.686639e-04,2.697700e-04,1206.825478,0.325478,6.891885e+00,3.281761e+12,3.982213e-06,6.560080e-01,8.047634e+01,1.612939e+06,4.353685e-27,1.474439e-12,5.776246e-01,1.164153e-01,2.181812e+04,3.272144e+04,3.289966e+04,-1.977126e+02,-2.276331e+01,-2.444434e+01
Si III 1206,9.131223e-07,1.845613e-04,1.854746e-04,1206.723775,0.223775,5.493779e-01,2.616430e+11,4.051028e-06,6.560080e-01,5.528710e+01,1.669165e+06,2.616565e-27,9.169803e-13,9.734666e-02,1.164153e-01,2.181812e+04,3.272144e+04,3.289917e+04,-1.570662e+02,-1.584552e+01,-2.905804e+01
Si III 1206,8.806505e-07,1.799141e-04,1.807949e-04,1206.718129,0.218129,1.912812e+00,9.110332e+11,4.089181e-06,6.560080e-01,5.389881e+01,1.700754e+06,2.108204e-27,7.528320e-13,4.802780e-01,1.164153e-01,2.181860e+04,3.272144e+04,3.289917e+04,-1.493385e+02,-2.672681e+00,-2.280018e+01
Si III 1206,7.204453e-07,1.362675e-04,1.369880e-04,1206.665276,0.165276,3.134843e-01,1.493331e+11,4.184182e-06,6.560080e-01,4.082173e+01,1.780697e+06,1.557473e-27,5.821191e-13,1.519643e-01,1.164153e-01,2.181860e+04,3.272144e+04,3.289868e+04,-1.318124e+02,5.851049e-01,-2.733868e+01
Si III 1206,6.697548e-07,1.264551e-04,1.271250e-04,1206.653376,0.153376,2.789918e-01,1.328984e+11,4.160213e-06,6.560080e-01,3.788729e+01,1.760355e+06,1.222591e-27,4.516299e-13,3.724389e-01,1.164153e-01,2.181860e+04,3.272192e+04,3.289868e+04,-1.153691e+02,-1.406054e+00,-2.187882e+01
Si III 1206,5.455212e-07,1.503324e-04,1.508780e-04,1206.682034,0.182034,2.981049e-02,1.553042e+10,4.217239e-06,6.560080e-01,4.504316e+01,1.808945e+06,1.170862e-27,4.445221e-13,5.322141e-02,1.164153e-01,2.181909e+04,3.272192e+04,3.289868e+04,-1.221065e+02,8.927246e+00,-1.457517e+01
Si III 1206,5.277682e-07,1.226896e-04,1.232175e-04,1206.648662,0.148662,1.586310e-01,7.557965e+10,4.269465e-06,6.560080e-01,3.675816e+01,1.854027e+06,1.085249e-27,4.222553e-13,5.776246e-01,1.164153e-01,2.181909e+04,3.272192e+04,3.289819e+04,-1.158008e+02,1.160404e+01,-2.004822e+01
Si III 1206,3.350912e-07,1.134579e-04,1.137931e-04,1206.637291,0.137291,3.030537e-02,1.589367e+10,4.298635e-06,6.560080e-01,3.399152e+01,1.879447e+06,1.043321e-27,4.114744e-13,3.738352e-01,1.164153e-01,2.181909e+04,3.272192e+04,3.289771e+04,-1.129624e+02,1.264398e+01,-2.141624e+01
Si III 1206,2.103919e-07,1.399301e-04,1.401405e-04,1206.669079,0.169079,7.969150e-03,1.186097e+10,4.387928e-06,6.560080e-01,4.192293e+01,1.958340e+06,1.068816e-27,4.392516e-13,2.037895e-01,1.164153e-01,2.181958e+04,3.272192e+04,3.289771e+04,-1.241742e+02,2.348861e+01,-1.563343e+01
Si III 1206,1.424142e-07,1.433042e-04,1.434466e-04,1206.673068,0.173068,5.765208e-04,3.340719e+09,4.387486e-06,6.560080e-01,4.293534e+01,1.957945e+06,1.050875e-27,4.316253e-13,4.231316e-01,1.164153e-01,2.181958e+04,3.272192e+04,3.289722e+04,-1.225077e+02,2.227624e+01,-1.379580e+01
