Line	 z_cosmo	 z_doppler	 z_effective	 wavelength [A]	delta wavelength [A]	 optical depth	column density [cm^-2]	 thermal broadening [km/s]	equivalent width [A]	 velocity_los [km/s]	temperature [K]	 density [g/cm^3]	 pressure [dyne/cm^2]	dl [kpccm/h]	 cell_volume [kpccm/h^3]	 x [kpccm/h]	y [kpccm/h]	 z [kpccm/h]	 v_x [km/s]	 v_y [km/s]	v_z [km/s]	 
Line,z_cosmo,z_dopp,z_eff,lambda,delta_lamdba,tau,N,thermal_b,EW,v_los,T,rho,p,dl,cell_volume,x,y,z,vx,vy,vz
C II 1335,2.733895e-05,1.150286e-04,1.423707e-04,1334.721998,0.189998,1.691632e-06,1.935462e+08,7.597033e-06,1.124148e-02,3.448087e+01,2.510401e+06,3.293191e-29,1.699976e-14,3.389315e-01,5.960464e+01,2.174805e+04,3.274805e+04,3.286133e+04,-1.226039e+01,2.315041e+01,-4.019129e+01
C II 1335,2.722589e-05,9.449004e-05,1.217185e-04,1334.694437,0.162437,1.627505e-05,1.615461e+09,6.590806e-06,1.124148e-02,2.832462e+01,1.889436e+06,3.798362e-29,1.486155e-14,7.330661e-01,5.960464e+01,2.175195e+04,3.274805e+04,3.286133e+04,-1.135875e+01,8.317605e+00,-3.836115e+01
C II 1335,2.698136e-05,1.406604e-04,1.676456e-04,1334.755728,0.223728,6.182132e-04,6.958333e+10,7.474461e-06,1.124148e-02,4.216393e+01,2.430048e+06,5.447871e-29,2.736477e-14,3.844935e+00,5.960464e+01,2.175195e+04,3.274805e+04,3.286523e+04,-1.856963e+01,2.200035e+01,-4.654764e+01
C II 1335,2.569880e-05,1.584122e-04,1.841150e-04,1334.777707,0.245707,2.109046e-05,2.142606e+09,6.744889e-06,1.124148e-02,4.748627e+01,1.978813e+06,4.798903e-29,1.977272e-14,1.102953e-01,5.960464e+01,2.175586e+04,3.274805e+04,3.286523e+04,-3.036118e+01,1.823291e+01,-3.802182e+01
C II 1335,2.566200e-05,1.569001e-04,1.825661e-04,1334.775640,0.243640,3.718624e-02,2.625467e+11,6.368500e-06,1.124148e-02,4.703112e+01,1.764125e+06,6.225568e-29,2.287962e-14,4.467706e+00,5.960464e+01,2.175586e+04,3.274414e+04,3.286523e+04,-2.320503e+01,1.258015e+01,-5.574781e+01
C II 1335,2.417170e-05,1.740980e-04,1.982739e-04,1334.796603,0.264603,1.046943e-04,8.705740e+09,5.519825e-06,1.124148e-02,5.218760e+01,1.325274e+06,5.309328e-29,1.473214e-14,9.186548e-01,5.960464e+01,2.175977e+04,3.274414e+04,3.286523e+04,-3.246034e+01,1.873503e+01,-4.460725e+01
C II 1335,2.386526e-05,2.565363e-04,2.804077e-04,1334.906213,0.374213,1.341587e-03,1.178731e+11,5.832921e-06,1.124148e-02,7.689750e+01,1.479883e+06,7.022289e-29,2.177924e-14,3.659347e+00,5.960464e+01,2.175977e+04,3.274414e+04,3.286914e+04,-5.896095e+01,2.745058e+01,-4.312989e+01
C II 1335,2.264460e-05,2.341668e-04,2.568167e-04,1334.874730,0.342730,2.833418e-04,2.271177e+10,5.320945e-06,1.124148e-02,7.019314e+01,1.231495e+06,7.737252e-29,2.004037e-14,3.491136e+00,5.960464e+01,2.176367e+04,3.274414e+04,3.286914e+04,-5.883939e+01,1.725620e+01,-3.494099e+01
C II 1335,2.148006e-05,2.806708e-04,3.021569e-04,1334.935238,0.403238,1.500596e-05,1.183436e+09,5.235019e-06,1.124148e-02,8.413088e+01,1.192042e+06,8.401867e-29,2.103923e-14,1.086865e+00,5.960464e+01,2.176367e+04,3.274023e+04,3.286914e+04,-7.398591e+01,1.403461e+01,-3.976580e+01
C II 1335,2.111751e-05,2.421057e-04,2.632284e-04,1334.883287,0.351287,4.225469e-06,3.420426e+08,5.373091e-06,1.124148e-02,7.257215e+01,1.255751e+06,9.013533e-29,2.375314e-14,1.104244e+00,5.960464e+01,2.176758e+04,3.274023e+04,3.286914e+04,-5.832998e+01,1.277234e+01,-4.501079e+01
C II 1335,2.074916e-05,2.406890e-04,2.614432e-04,1334.880904,0.348904,2.730760e-04,2.100875e+10,5.103910e-06,1.124148e-02,7.214350e+01,1.133082e+06,1.085042e-28,2.581204e-14,3.473758e+00,5.960464e+01,2.176758e+04,3.274023e+04,3.287305e+04,-5.739554e+01,-1.492346e+01,-6.652947e+01
C II 1335,1.959041e-05,1.683231e-04,1.879169e-04,1334.782781,0.250781,3.328217e-04,2.529600e+10,5.044073e-06,1.124148e-02,5.045380e+01,1.106669e+06,9.266370e-29,2.153860e-14,4.578001e+00,5.960464e+01,2.177148e+04,3.274023e+04,3.287305e+04,-3.638942e+01,-1.551003e+01,-5.796057e+01
C II 1335,1.806332e-05,2.021964e-04,2.202634e-04,1334.825949,0.293949,2.049121e-05,1.728953e+09,5.601279e-06,1.124148e-02,6.060944e+01,1.364676e+06,8.868990e-29,2.540818e-14,1.289832e+00,5.960464e+01,2.177539e+04,3.274023e+04,3.287305e+04,-5.223822e+01,-4.768254e+00,-4.190312e+01
C II 1335,1.763307e-05,1.821334e-04,1.997697e-04,1334.798599,0.266599,1.369482e-05,1.181098e+09,5.723753e-06,1.124148e-02,5.459486e+01,1.425006e+06,8.129544e-29,2.435844e-14,1.004144e+00,5.960464e+01,2.177539e+04,3.274023e+04,3.287695e+04,-4.751793e+01,-1.428056e+01,-4.423941e+01
C II 1335,1.729811e-05,2.045680e-04,2.218696e-04,1334.828092,0.296092,7.753256e-05,6.558786e+09,5.614521e-06,1.124148e-02,6.131461e+01,1.371136e+06,9.187488e-29,2.649025e-14,2.284025e+00,5.960464e+01,2.177539e+04,3.273633e+04,3.287695e+04,-5.255253e+01,-3.328040e+01,-6.419342e+01
C II 1335,1.653622e-05,1.456454e-04,1.621840e-04,1334.748440,0.216440,8.340285e-06,7.158217e+08,5.696179e-06,1.124148e-02,4.365753e+01,1.411310e+06,8.412559e-29,2.491505e-14,4.578001e+00,5.960464e+01,2.177930e+04,3.273633e+04,3.287695e+04,-3.264678e+01,-1.323241e+01,-4.764754e+01
C II 1335,1.500913e-05,1.236358e-04,1.386468e-04,1334.717029,0.185029,4.418903e-06,4.037127e+08,6.065188e-06,1.124148e-02,3.706097e+01,1.600087e+06,8.278449e-29,2.768873e-14,1.475421e+00,5.960464e+01,2.178320e+04,3.273633e+04,3.287695e+04,-2.220337e+01,-1.501245e+00,-4.444113e+01
C II 1335,1.451697e-05,1.127067e-04,1.272253e-04,1334.701786,0.169786,0.000000e+00,0.000000e+00,5.658551e-06,1.124148e-02,3.378251e+01,1.392726e+06,9.498524e-29,2.777314e-14,3.102580e+00,5.960464e+01,2.178320e+04,3.273633e+04,3.288086e+04,-1.891754e+01,-1.702798e+01,-5.487519e+01
C II 1335,1.348203e-05,1.064955e-04,1.199789e-04,1334.692116,0.160116,0.000000e+00,0.000000e+00,5.345926e-06,1.124148e-02,3.192089e+01,1.243086e+06,1.262102e-28,3.297196e-14,1.096816e+00,5.960464e+01,2.178711e+04,3.273633e+04,3.288086e+04,-1.675147e+01,-1.530368e+01,-5.355835e+01
C II 1335,1.311617e-05,1.280357e-04,1.411535e-04,1334.720374,0.188374,2.894046e-06,2.467892e+08,5.658040e-06,1.124148e-02,3.837437e+01,1.392474e+06,1.222504e-28,3.573753e-14,4.713992e-01,7.450581e+00,2.178613e+04,3.273340e+04,3.287988e+04,-1.454160e+01,-1.527428e+01,-7.347893e+01
C II 1335,1.295892e-05,1.643106e-04,1.772717e-04,1334.768575,0.236575,4.250331e-07,3.621061e+07,5.653998e-06,1.124148e-02,4.924740e+01,1.390485e+06,1.335258e-28,3.904814e-14,7.207853e-01,7.450581e+00,2.178613e+04,3.273340e+04,3.288184e+04,-2.461040e+01,-1.481669e+01,-7.859444e+01
C II 1335,1.271849e-05,1.735915e-04,1.863121e-04,1334.780640,0.248640,1.536534e-05,1.291544e+09,5.577304e-06,1.124148e-02,5.202918e+01,1.353018e+06,1.554270e-28,4.424202e-14,2.289001e+00,7.450581e+00,2.178809e+04,3.273340e+04,3.288184e+04,-2.571746e+01,-1.185989e+01,-8.078475e+01
C II 1335,1.195494e-05,1.578319e-04,1.697888e-04,1334.758589,0.226589,1.324906e-05,1.102008e+09,5.519748e-06,1.124148e-02,4.730665e+01,1.325237e+06,1.640574e-28,4.575194e-14,1.661010e+00,7.450581e+00,2.179004e+04,3.273340e+04,3.288184e+04,-2.512999e+01,-1.433929e+01,-7.253728e+01
C II 1335,1.140087e-05,1.701552e-04,1.815580e-04,1334.774295,0.242295,6.603100e-10,5.451300e+04,5.480431e-06,1.124148e-02,5.100151e+01,1.306425e+06,1.482260e-28,4.073972e-14,6.279909e-01,7.450581e+00,2.179004e+04,3.273340e+04,3.288379e+04,-3.194510e+01,-1.478882e+01,-6.780181e+01
C II 1335,1.119139e-05,1.343812e-04,1.455741e-04,1334.726273,0.194273,0.000000e+00,0.000000e+00,5.388802e-06,1.124148e-02,4.027924e+01,1.263105e+06,1.516182e-28,4.029924e-14,4.982361e-01,7.450581e+00,2.179199e+04,3.273340e+04,3.288379e+04,-3.065534e+01,-2.518033e+01,-5.253488e+01
C II 1335,1.102519e-05,1.418240e-04,1.528508e-04,1334.735984,0.203984,5.235418e-04,4.537690e+10,5.754015e-06,1.124148e-02,4.250914e+01,1.440115e+06,1.429641e-28,4.333010e-14,1.790765e+00,7.450581e+00,2.179199e+04,3.273145e+04,3.288379e+04,-3.174107e+01,-2.835489e+01,-5.801759e+01
C II 1335,1.042784e-05,1.378485e-04,1.482778e-04,1334.729881,0.197881,1.408494e-03,1.215140e+11,5.724034e-06,1.124148e-02,4.131603e+01,1.425146e+06,1.682519e-28,5.046152e-14,1.753804e+00,7.450581e+00,2.179395e+04,3.273145e+04,3.288379e+04,-3.814371e+01,-4.198765e+01,-5.225766e+01
C II 1335,9.842822e-06,1.317893e-04,1.416335e-04,1334.721014,0.189014,1.407406e-04,1.207650e+10,5.694242e-06,1.124148e-02,3.949731e+01,1.410350e+06,1.739915e-28,5.164241e-14,5.351966e-01,7.450581e+00,2.179395e+04,3.273145e+04,3.288574e+04,-4.055205e+01,-5.410269e+01,-5.202130e+01
C II 1335,9.664295e-06,1.265539e-04,1.362194e-04,1334.713789,0.181789,3.053267e-04,2.690487e+10,5.850028e-06,1.124148e-02,3.792460e+01,1.488576e+06,2.046443e-28,6.411042e-14,2.188657e+00,7.450581e+00,2.179590e+04,3.273145e+04,3.288574e+04,-4.470398e+01,-6.816752e+01,-5.026821e+01
C II 1335,8.934220e-06,1.255156e-04,1.344509e-04,1334.711429,0.179429,2.322053e-04,2.123648e+10,6.070325e-06,1.124148e-02,3.761093e+01,1.602799e+06,2.319245e-28,7.823408e-14,1.003440e-01,7.450581e+00,2.179590e+04,3.272949e+04,3.288574e+04,-4.347165e+01,-7.425538e+01,-5.656895e+01
C II 1335,8.900748e-06,1.357652e-04,1.446672e-04,1334.725063,0.193063,9.104010e-04,8.035440e+10,5.859834e-06,1.124148e-02,4.068426e+01,1.493570e+06,2.343409e-28,7.366133e-14,1.846598e+00,7.450581e+00,2.179785e+04,3.272949e+04,3.288574e+04,-4.368695e+01,-6.922144e+01,-5.972837e+01
C II 1335,8.284773e-06,1.153677e-04,1.236534e-04,1334.697019,0.165019,1.169580e-04,1.015896e+10,5.765989e-06,1.124148e-02,3.456975e+01,1.446114e+06,2.646170e-28,8.052941e-14,4.424022e-01,7.450581e+00,2.179785e+04,3.272949e+04,3.288770e+04,-4.084023e+01,-7.334099e+01,-5.398430e+01
C II 1335,8.137200e-06,1.501805e-04,1.583190e-04,1334.743282,0.211282,0.000000e+00,0.000000e+00,5.446400e-06,1.124148e-02,4.500728e+01,1.290251e+06,2.612591e-28,7.092281e-14,2.289001e+00,7.450581e+00,2.179980e+04,3.272949e+04,3.288770e+04,-4.428264e+01,-6.007814e+01,-6.203818e+01
C II 1335,7.373652e-06,1.992900e-04,2.066651e-04,1334.807801,0.275801,0.000000e+00,0.000000e+00,5.629780e-06,1.124148e-02,5.972931e+01,1.378599e+06,2.438748e-28,7.072587e-14,1.590077e+00,7.450581e+00,2.180176e+04,3.272949e+04,3.288770e+04,-5.263909e+01,-4.620058e+01,-6.985285e+01
C II 1335,6.843247e-06,2.315096e-04,2.383545e-04,1334.850092,0.318092,0.000000e+00,0.000000e+00,6.226034e-06,1.124148e-02,6.938142e+01,1.686080e+06,2.558823e-28,9.069250e-14,3.493163e-01,7.450581e+00,2.180176e+04,3.272754e+04,3.288770e+04,-5.429576e+01,-5.024868e+01,-9.257124e+01
C II 1335,6.726724e-06,2.054901e-04,2.122182e-04,1334.815212,0.283212,0.000000e+00,0.000000e+00,5.904928e-06,1.124148e-02,6.158483e+01,1.516646e+06,2.712808e-28,8.649457e-14,3.496078e-01,7.450581e+00,2.180176e+04,3.272754e+04,3.288965e+04,-5.093761e+01,-5.057332e+01,-8.102043e+01
C II 1335,6.610105e-06,2.240367e-04,2.306482e-04,1334.839807,0.307807,2.772114e-07,2.589206e+07,6.198334e-06,1.124148e-02,6.714416e+01,1.671110e+06,2.534073e-28,8.901504e-14,2.289001e+00,7.450581e+00,2.180371e+04,3.272754e+04,3.288965e+04,-5.468076e+01,-4.669850e+01,-8.379001e+01
C II 1335,5.846557e-06,2.022493e-04,2.080970e-04,1334.809712,0.277712,7.089243e-06,6.727252e+08,6.297676e-06,1.124148e-02,6.061420e+01,1.725106e+06,2.692337e-28,9.765683e-14,2.032187e+00,7.450581e+00,2.180566e+04,3.272754e+04,3.288965e+04,-5.637200e+01,-5.468115e+01,-7.067099e+01
C II 1335,5.168676e-06,2.129304e-04,2.181002e-04,1334.823062,0.291062,2.191447e-04,2.019507e+10,6.117999e-06,1.124148e-02,6.380926e+01,1.628073e+06,3.303900e-28,1.130781e-13,2.568135e-01,7.450581e+00,2.180566e+04,3.272754e+04,3.289160e+04,-7.230106e+01,-7.837563e+01,-6.346343e+01
C II 1335,5.083010e-06,2.004511e-04,2.055351e-04,1334.806293,0.274293,2.999664e-04,2.806839e+10,6.212527e-06,1.124148e-02,6.006373e+01,1.678772e+06,3.619350e-28,1.277357e-13,9.914965e-01,7.450581e+00,2.180762e+04,3.272754e+04,3.289160e+04,-8.237666e+01,-9.507360e+01,-4.638875e+01
C II 1335,4.752274e-06,1.931277e-04,1.978809e-04,1334.796078,0.264078,8.780638e-06,8.246970e+08,6.235892e-06,1.124148e-02,5.787026e+01,1.691423e+06,3.651434e-28,1.298219e-13,1.530038e-01,9.313226e-01,2.180713e+04,3.272607e+04,3.289111e+04,-7.072623e+01,-8.971571e+01,-6.092399e+01
C II 1335,4.701236e-06,1.652641e-04,1.699661e-04,1334.758825,0.226825,8.133935e-06,7.479920e+08,6.103568e-06,1.124148e-02,4.952080e+01,1.620402e+06,3.493214e-28,1.189762e-13,9.340840e-01,9.313226e-01,2.180811e+04,3.272607e+04,3.289111e+04,-6.670830e+01,-8.791293e+01,-4.781214e+01
C II 1335,4.389651e-06,1.701133e-04,1.745037e-04,1334.764881,0.232881,2.325829e-05,2.156929e+09,6.157333e-06,1.124148e-02,5.096857e+01,1.649075e+06,3.750236e-28,1.299927e-13,2.104163e-01,9.313226e-01,2.180811e+04,3.272607e+04,3.289209e+04,-7.548435e+01,-1.021174e+02,-4.395072e+01
C II 1335,4.319462e-06,1.518678e-04,1.561880e-04,1334.740438,0.208438,1.513025e-05,1.386523e+09,6.081418e-06,1.124148e-02,4.550551e+01,1.608662e+06,3.375018e-28,1.140330e-13,1.144500e+00,9.313226e-01,2.180908e+04,3.272607e+04,3.289209e+04,-6.846874e+01,-8.951501e+01,-3.581130e+01
C II 1335,3.937688e-06,1.519545e-04,1.558928e-04,1334.740044,0.208044,2.064154e-04,1.921425e+10,6.177089e-06,1.124148e-02,4.553766e+01,1.659674e+06,3.044776e-28,1.059833e-13,6.922064e-01,9.313226e-01,2.181006e+04,3.272607e+04,3.289209e+04,-6.415292e+01,-7.189765e+01,-3.156754e+01
C II 1335,3.706787e-06,1.311147e-04,1.348219e-04,1334.711924,0.179924,8.273577e-04,7.889104e+10,6.329901e-06,1.124148e-02,3.929250e+01,1.742805e+06,3.202884e-28,1.170393e-13,2.882748e-01,9.313226e-01,2.181006e+04,3.272510e+04,3.289209e+04,-5.384722e+01,-6.839341e+01,-3.505061e+01
C II 1335,3.610627e-06,1.111498e-04,1.147609e-04,1334.685152,0.153152,3.846961e-04,3.700639e+10,6.387211e-06,1.124148e-02,3.330630e+01,1.774507e+06,3.334337e-28,1.240600e-13,1.640191e-01,9.313226e-01,2.181006e+04,3.272510e+04,3.289307e+04,-5.374231e+01,-7.584618e+01,-2.650231e+01
C II 1335,3.555914e-06,1.291386e-04,1.326950e-04,1334.709086,0.177086,1.783738e-01,9.226078e+11,6.668095e-06,1.124148e-02,3.870192e+01,1.934010e+06,3.465194e-28,1.402989e-13,1.144500e+00,9.313226e-01,2.181104e+04,3.272510e+04,3.289307e+04,-5.700387e+01,-6.269438e+01,-2.295050e+01
C II 1335,3.174141e-06,1.684135e-04,1.715882e-04,1334.760990,0.228990,2.717929e-01,1.336383e+12,7.068550e-06,1.124148e-02,5.047727e+01,2.173280e+06,3.775358e-28,1.716006e-13,1.026878e+00,9.313226e-01,2.181201e+04,3.272510e+04,3.289307e+04,-6.717280e+01,-4.723135e+01,-1.883854e+01
C II 1335,2.831602e-06,1.490446e-04,1.518766e-04,1334.734684,0.202684,6.896967e-04,7.212856e+10,6.944442e-06,1.124148e-02,4.466941e+01,2.097635e+06,3.838630e-28,1.684767e-13,1.176219e-01,9.313226e-01,2.181201e+04,3.272510e+04,3.289404e+04,-6.758667e+01,-5.590951e+01,-1.057122e+01
C II 1335,2.792367e-06,1.966410e-04,1.994340e-04,1334.798151,0.266151,1.960581e-03,2.122987e+11,7.189440e-06,1.124148e-02,5.893824e+01,2.248253e+06,3.997467e-28,1.880301e-13,3.929164e-01,9.313226e-01,2.181299e+04,3.272510e+04,3.289404e+04,-7.909658e+01,-4.006927e+01,-9.404893e+00
C II 1335,2.661301e-06,1.834771e-04,1.861389e-04,1334.780408,0.248408,3.638473e-01,1.788999e+12,7.090278e-06,1.124148e-02,5.499564e+01,2.186662e+06,4.628359e-28,2.118947e-13,7.515839e-01,9.313226e-01,2.181299e+04,3.272412e+04,3.289404e+04,-6.876637e+01,-2.785603e+01,-1.195510e+01
C II 1335,2.410593e-06,2.346715e-04,2.370827e-04,1334.848394,0.316394,2.713263e-01,1.334052e+12,7.148214e-06,1.124148e-02,7.034179e+01,2.222543e+06,4.605238e-28,2.143567e-13,1.073276e+00,9.313226e-01,2.181396e+04,3.272412e+04,3.289404e+04,-7.834716e+01,-1.182240e+01,-1.715749e+01
C II 1335,2.052578e-06,2.474764e-04,2.495295e-04,1334.865005,0.333005,1.929494e-04,2.041034e+10,7.024257e-06,1.124148e-02,7.417637e+01,2.146129e+06,4.745412e-28,2.134842e-13,7.122475e-02,9.313226e-01,2.181396e+04,3.272412e+04,3.289502e+04,-8.837923e+01,-3.011948e+01,-1.949056e+01
C II 1335,2.028819e-06,2.717308e-04,2.737602e-04,1334.897342,0.365342,3.278384e-04,3.442411e+10,6.971922e-06,1.124148e-02,8.144679e+01,2.114269e+06,4.812480e-28,2.133225e-13,1.144500e+00,9.313226e-01,2.181494e+04,3.272412e+04,3.289502e+04,-9.175342e+01,-2.384999e+01,-2.532062e+01
C II 1335,1.647045e-06,2.691438e-04,2.707912e-04,1334.893380,0.361380,0.000000e+00,0.000000e+00,6.913428e-06,1.124148e-02,8.067217e+01,2.078940e+06,5.085437e-28,2.216529e-13,9.362636e-02,9.313226e-01,2.181592e+04,3.272412e+04,3.289502e+04,-8.973875e+01,-1.982792e+01,-2.458221e+01
C II 1335,1.615814e-06,2.692618e-04,2.708781e-04,1334.893495,0.361495,4.282670e-06,4.446296e+08,6.893702e-06,1.124148e-02,8.070904e+01,2.067094e+06,5.725460e-28,2.481915e-13,1.026046e+00,9.313226e-01,2.181592e+04,3.272314e+04,3.289502e+04,-8.194796e+01,-1.327578e+01,-3.568558e+01
C II 1335,1.273553e-06,2.499070e-04,2.511809e-04,1334.867209,0.335209,1.438649e-14,1.429552e+00,6.597386e-06,1.124148e-02,7.490502e+01,1.893210e+06,5.836182e-28,2.318831e-13,2.482757e-02,9.313226e-01,2.181592e+04,3.272314e+04,3.289600e+04,-8.490059e+01,-3.205722e+01,-2.977527e+01
C II 1335,1.265272e-06,2.496206e-04,2.508862e-04,1334.866816,0.334816,0.000000e+00,0.000000e+00,6.661856e-06,1.124148e-02,7.482101e+01,1.930393e+06,5.733509e-28,2.320851e-13,5.162315e-01,1.164153e-01,2.181665e+04,3.272339e+04,3.289575e+04,-8.315791e+01,-2.142348e+01,-2.520682e+01
C II 1335,1.093071e-06,2.434929e-04,2.445863e-04,1334.858408,0.326408,0.000000e+00,0.000000e+00,6.569957e-06,1.124148e-02,7.298504e+01,1.877501e+06,6.155416e-28,2.423708e-13,5.601866e-02,1.164153e-01,2.181665e+04,3.272290e+04,3.289575e+04,-7.860742e+01,-1.947125e+01,-2.864699e+01
C II 1335,1.074385e-06,2.455309e-04,2.466056e-04,1334.861103,0.329103,0.000000e+00,0.000000e+00,6.606615e-06,1.124148e-02,7.359639e+01,1.898511e+06,6.371127e-28,2.535668e-13,5.706212e-01,1.164153e-01,2.181714e+04,3.272290e+04,3.289575e+04,-7.978997e+01,-1.447160e+01,-2.397057e+01
C II 1335,8.840411e-07,2.375462e-04,2.384305e-04,1334.850193,0.318193,0.000000e+00,0.000000e+00,6.489432e-06,1.124148e-02,7.120247e+01,1.831760e+06,6.649892e-28,2.554253e-13,1.628982e-03,1.164153e-01,2.181714e+04,3.272290e+04,3.289624e+04,-7.958952e+01,-2.003162e+01,-2.279760e+01
C II 1335,8.834977e-07,2.479676e-04,2.488513e-04,1334.864100,0.332100,0.000000e+00,0.000000e+00,6.591094e-06,1.124148e-02,7.432644e+01,1.889601e+06,6.939017e-28,2.748431e-13,5.722502e-01,1.164153e-01,2.181763e+04,3.272290e+04,3.289624e+04,-8.309704e+01,-1.353602e+01,-1.827111e+01
C II 1335,6.926108e-07,2.679058e-04,2.685986e-04,1334.890453,0.358453,0.000000e+00,0.000000e+00,6.740794e-06,1.124148e-02,8.030225e+01,1.976411e+06,7.373899e-28,3.053968e-13,3.665865e-01,1.164153e-01,2.181812e+04,3.272290e+04,3.289624e+04,-9.000937e+01,-6.555023e+00,-1.325532e+01
C II 1335,5.703277e-07,2.784376e-04,2.790081e-04,1334.904345,0.372345,0.000000e+00,0.000000e+00,6.562293e-06,1.124148e-02,8.345895e+01,1.873123e+06,8.127138e-28,3.191262e-13,2.056637e-01,1.164153e-01,2.181812e+04,3.272241e+04,3.289624e+04,-9.185939e+01,-5.153163e+00,-1.598479e+01
C II 1335,5.017239e-07,3.050567e-04,3.055586e-04,1334.939778,0.407778,0.000000e+00,0.000000e+00,6.673637e-06,1.124148e-02,9.143642e+01,1.937226e+06,8.630065e-28,3.504120e-13,2.156961e-02,1.164153e-01,2.181860e+04,3.272241e+04,3.289624e+04,-1.012135e+02,2.548878e+00,-1.023596e+01
C II 1335,4.945289e-07,3.040017e-04,3.044963e-04,1334.938360,0.406360,0.000000e+00,0.000000e+00,6.626018e-06,1.124148e-02,9.112070e+01,1.909679e+06,8.842769e-28,3.540620e-13,5.506806e-01,1.164153e-01,2.181860e+04,3.272241e+04,3.289673e+04,-9.886356e+01,9.332385e-01,-1.547999e+01
C II 1335,3.108370e-07,3.318776e-04,3.321885e-04,1334.975316,0.443316,0.000000e+00,0.000000e+00,6.695515e-06,1.124148e-02,9.947466e+01,1.949948e+06,9.245547e-28,3.779400e-13,5.722502e-01,1.164153e-01,2.181909e+04,3.272241e+04,3.289673e+04,-1.077788e+02,9.425559e+00,-1.093834e+01
C II 1335,1.199501e-07,3.555215e-04,3.556415e-04,1335.006615,0.474615,3.116933e-07,3.135730e+07,6.679791e-06,1.124148e-02,1.065600e+02,1.940800e+06,9.527076e-28,3.875254e-13,4.476820e-02,1.164153e-01,2.181958e+04,3.272241e+04,3.289673e+04,-1.151095e+02,1.793461e+01,-6.583446e+00
C II 1335,1.050167e-07,3.626324e-04,3.627374e-04,1335.016085,0.484085,1.230581e-04,1.241597e+10,6.699387e-06,1.124148e-02,1.086916e+02,1.952204e+06,9.587603e-28,3.924058e-13,1.721733e-01,1.164153e-01,2.181958e+04,3.272241e+04,3.289722e+04,-1.149359e+02,1.810710e+01,-1.190686e+01
C II 1335,4.758443e-08,3.911620e-04,3.912096e-04,1335.054082,0.522082,5.163563e-05,5.217401e+09,6.709230e-06,1.124148e-02,1.172412e+02,1.957945e+06,1.050875e-27,4.316253e-13,1.401426e-01,1.164153e-01,2.181958e+04,3.272192e+04,3.289722e+04,-1.225077e+02,2.227624e+01,-1.379580e+01
C IV 1548,2.733895e-05,1.150286e-04,1.423707e-04,1548.407416,0.220416,1.434667e-04,9.605227e+09,7.597033e-06,3.765043e-02,3.448087e+01,2.510401e+06,3.293191e-29,1.699976e-14,3.389315e-01,5.960464e+01,2.174805e+04,3.274805e+04,3.286133e+04,-1.226039e+01,2.315041e+01,-4.019129e+01
C IV 1548,2.722589e-05,9.449004e-05,1.217185e-04,1548.375443,0.188443,8.030559e-04,4.664587e+10,6.590806e-06,3.765043e-02,2.832462e+01,1.889436e+06,3.798362e-29,1.486155e-14,7.330661e-01,5.960464e+01,2.175195e+04,3.274805e+04,3.286133e+04,-1.135875e+01,8.317605e+00,-3.836115e+01
C IV 1548,2.698136e-05,1.406604e-04,1.676456e-04,1548.446547,0.259547,2.983175e-01,7.416975e+11,7.474461e-06,3.765043e-02,4.216393e+01,2.430048e+06,5.447871e-29,2.736477e-14,3.844935e+00,5.960464e+01,2.175195e+04,3.274805e+04,3.286523e+04,-1.856963e+01,2.200035e+01,-4.654764e+01
C IV 1548,2.569880e-05,1.584122e-04,1.841150e-04,1548.472044,0.285044,3.966521e-04,2.358068e+10,6.744889e-06,3.765043e-02,4.748627e+01,1.978813e+06,4.798903e-29,1.977272e-14,1.102953e-01,5.960464e+01,2.175586e+04,3.274805e+04,3.286523e+04,-3.036118e+01,1.823291e+01,-3.802182e+01
C IV 1548,2.566200e-05,1.569001e-04,1.825661e-04,1548.469646,0.282646,1.024666e+00,2.542139e+12,6.368500e-06,3.765043e-02,4.703112e+01,1.764125e+06,6.225568e-29,2.287962e-14,4.467706e+00,5.960464e+01,2.175586e+04,3.274414e+04,3.286523e+04,-2.320503e+01,1.258015e+01,-5.574781e+01
C IV 1548,2.417170e-05,1.740980e-04,1.982739e-04,1548.493965,0.306965,7.934856e-02,2.051515e+11,5.519825e-06,3.765043e-02,5.218760e+01,1.325274e+06,5.309328e-29,1.473214e-14,9.186548e-01,5.960464e+01,2.175977e+04,3.274414e+04,3.286523e+04,-3.246034e+01,1.873503e+01,-4.460725e+01
C IV 1548,2.386526e-05,2.565363e-04,2.804077e-04,1548.621124,0.434124,1.031935e+00,2.559195e+12,5.832921e-06,3.765043e-02,7.689750e+01,1.479883e+06,7.022289e-29,2.177924e-14,3.659347e+00,5.960464e+01,2.175977e+04,3.274414e+04,3.286914e+04,-5.896095e+01,2.745058e+01,-4.312989e+01
C IV 1548,2.264460e-05,2.341668e-04,2.568167e-04,1548.584600,0.397600,3.194792e-01,8.200011e+11,5.320945e-06,3.765043e-02,7.019314e+01,1.231495e+06,7.737252e-29,2.004037e-14,3.491136e+00,5.960464e+01,2.176367e+04,3.274414e+04,3.286914e+04,-5.883939e+01,1.725620e+01,-3.494099e+01
C IV 1548,2.148006e-05,2.806708e-04,3.021569e-04,1548.654795,0.467795,9.555961e-04,4.409808e+10,5.235019e-06,3.765043e-02,8.413088e+01,1.192042e+06,8.401867e-29,2.103923e-14,1.086865e+00,5.960464e+01,2.176367e+04,3.274023e+04,3.286914e+04,-7.398591e+01,1.403461e+01,-3.976580e+01
C IV 1548,2.111751e-05,2.421057e-04,2.632284e-04,1548.594527,0.407527,2.487564e-04,1.178186e+10,5.373091e-06,3.765043e-02,7.257215e+01,1.255751e+06,9.013533e-29,2.375314e-14,1.104244e+00,5.960464e+01,2.176758e+04,3.274023e+04,3.286914e+04,-5.832998e+01,1.277234e+01,-4.501079e+01
C IV 1548,2.074916e-05,2.406890e-04,2.614432e-04,1548.591763,0.404763,1.286468e-01,3.278685e+11,5.103910e-06,3.765043e-02,7.214350e+01,1.133082e+06,1.085042e-28,2.581204e-14,3.473758e+00,5.960464e+01,2.176758e+04,3.274023e+04,3.287305e+04,-5.739554e+01,-1.492346e+01,-6.652947e+01
C IV 1548,1.959041e-05,1.683231e-04,1.879169e-04,1548.477930,0.290930,2.191314e-01,5.575004e+11,5.044073e-06,3.765043e-02,5.045380e+01,1.106669e+06,9.266370e-29,2.153860e-14,4.578001e+00,5.960464e+01,2.177148e+04,3.274023e+04,3.287305e+04,-3.638942e+01,-1.551003e+01,-5.796057e+01
C IV 1548,1.806332e-05,2.021964e-04,2.202634e-04,1548.528009,0.341009,7.720425e-04,3.812408e+10,5.601279e-06,3.765043e-02,6.060944e+01,1.364676e+06,8.868990e-29,2.540818e-14,1.289832e+00,5.960464e+01,2.177539e+04,3.274023e+04,3.287305e+04,-5.223822e+01,-4.768254e+00,-4.190312e+01
C IV 1548,1.763307e-05,1.821334e-04,1.997697e-04,1548.496281,0.309281,5.145277e-04,2.595890e+10,5.723753e-06,3.765043e-02,5.459486e+01,1.425006e+06,8.129544e-29,2.435844e-14,1.004144e+00,5.960464e+01,2.177539e+04,3.274023e+04,3.287695e+04,-4.751793e+01,-1.428056e+01,-4.423941e+01
C IV 1548,1.729811e-05,2.045680e-04,2.218696e-04,1548.530496,0.343496,3.974203e-02,1.438433e+11,5.614521e-06,3.765043e-02,6.131461e+01,1.371136e+06,9.187488e-29,2.649025e-14,2.284025e+00,5.960464e+01,2.177539e+04,3.273633e+04,3.287695e+04,-5.255253e+01,-3.328040e+01,-6.419342e+01
C IV 1548,1.653622e-05,1.456454e-04,1.621840e-04,1548.438091,0.251091,9.070678e-05,4.554998e+09,5.696179e-06,3.765043e-02,4.365753e+01,1.411310e+06,8.412559e-29,2.491505e-14,4.578001e+00,5.960464e+01,2.177930e+04,3.273633e+04,3.287695e+04,-3.264678e+01,-1.323241e+01,-4.764754e+01
C IV 1548,1.500913e-05,1.236358e-04,1.386468e-04,1548.401651,0.214651,3.739366e-05,1.999324e+09,6.065188e-06,3.765043e-02,3.706097e+01,1.600087e+06,8.278449e-29,2.768873e-14,1.475421e+00,5.960464e+01,2.178320e+04,3.273633e+04,3.287695e+04,-2.220337e+01,-1.501245e+00,-4.444113e+01
C IV 1548,1.451697e-05,1.127067e-04,1.272253e-04,1548.383969,0.196969,1.843442e-05,9.194581e+08,5.658551e-06,3.765043e-02,3.378251e+01,1.392726e+06,9.498524e-29,2.777314e-14,3.102580e+00,5.960464e+01,2.178320e+04,3.273633e+04,3.288086e+04,-1.891754e+01,-1.702798e+01,-5.487519e+01
C IV 1548,1.348203e-05,1.064955e-04,1.199789e-04,1548.372750,0.185750,1.010407e-06,4.761931e+07,5.345926e-06,3.765043e-02,3.192089e+01,1.243086e+06,1.262102e-28,3.297196e-14,1.096816e+00,5.960464e+01,2.178711e+04,3.273633e+04,3.288086e+04,-1.675147e+01,-1.530368e+01,-5.355835e+01
C IV 1548,1.311617e-05,1.280357e-04,1.411535e-04,1548.405532,0.218532,2.963249e-05,1.477832e+09,5.658040e-06,3.765043e-02,3.837437e+01,1.392474e+06,1.222504e-28,3.573753e-14,4.713992e-01,7.450581e+00,2.178613e+04,3.273340e+04,3.287988e+04,-1.454160e+01,-1.527428e+01,-7.347893e+01
C IV 1548,1.295892e-05,1.643106e-04,1.772717e-04,1548.461450,0.274450,4.493548e-06,2.239960e+08,5.653998e-06,3.765043e-02,4.924740e+01,1.390485e+06,1.335258e-28,3.904814e-14,7.207853e-01,7.450581e+00,2.178613e+04,3.273340e+04,3.288184e+04,-2.461040e+01,-1.481669e+01,-7.859444e+01
C IV 1548,1.271849e-05,1.735915e-04,1.863121e-04,1548.475446,0.288446,1.563328e-04,7.685482e+09,5.577304e-06,3.765043e-02,5.202918e+01,1.353018e+06,1.554270e-28,4.424202e-14,2.289001e+00,7.450581e+00,2.178809e+04,3.273340e+04,3.288184e+04,-2.571746e+01,-1.185989e+01,-8.078475e+01
C IV 1548,1.195494e-05,1.578319e-04,1.697888e-04,1548.449865,0.262865,1.347021e-04,6.556973e+09,5.519748e-06,3.765043e-02,4.730665e+01,1.325237e+06,1.640574e-28,4.575194e-14,1.661010e+00,7.450581e+00,2.179004e+04,3.273340e+04,3.288184e+04,-2.512999e+01,-1.433929e+01,-7.253728e+01
C IV 1548,1.140087e-05,1.701552e-04,1.815580e-04,1548.468086,0.281086,1.724570e-07,8.332677e+06,5.480431e-06,3.765043e-02,5.100151e+01,1.306425e+06,1.482260e-28,4.073972e-14,6.279909e-01,7.450581e+00,2.179004e+04,3.273340e+04,3.288379e+04,-3.194510e+01,-1.478882e+01,-6.780181e+01
C IV 1548,1.119139e-05,1.343812e-04,1.455741e-04,1548.412376,0.225376,1.859193e-07,8.832680e+06,5.388802e-06,3.765043e-02,4.027924e+01,1.263105e+06,1.516182e-28,4.029924e-14,4.982361e-01,7.450581e+00,2.179199e+04,3.273340e+04,3.288379e+04,-3.065534e+01,-2.518033e+01,-5.253488e+01
C IV 1548,1.102519e-05,1.418240e-04,1.528508e-04,1548.423642,0.236642,1.824228e-03,9.252219e+10,5.754015e-06,3.765043e-02,4.250914e+01,1.440115e+06,1.429641e-28,4.333010e-14,1.790765e+00,7.450581e+00,2.179199e+04,3.273145e+04,3.288379e+04,-3.174107e+01,-2.835489e+01,-5.801759e+01
C IV 1548,1.042784e-05,1.378485e-04,1.482778e-04,1548.416562,0.229562,9.352793e-02,2.437909e+11,5.724034e-06,3.765043e-02,4.131603e+01,1.425146e+06,1.682519e-28,5.046152e-14,1.753804e+00,7.450581e+00,2.179395e+04,3.273145e+04,3.288379e+04,-3.814371e+01,-4.198765e+01,-5.225766e+01
C IV 1548,9.842822e-06,1.317893e-04,1.416335e-04,1548.406275,0.219275,4.682423e-04,2.350204e+10,5.694242e-06,3.765043e-02,3.949731e+01,1.410350e+06,1.739915e-28,5.164241e-14,5.351966e-01,7.450581e+00,2.179395e+04,3.273145e+04,3.288574e+04,-4.055205e+01,-5.410269e+01,-5.202130e+01
C IV 1548,9.664295e-06,1.265539e-04,1.362194e-04,1548.397893,0.210893,1.046403e-03,5.396304e+10,5.850028e-06,3.765043e-02,3.792460e+01,1.488576e+06,2.046443e-28,6.411042e-14,2.188657e+00,7.450581e+00,2.179590e+04,3.273145e+04,3.288574e+04,-4.470398e+01,-6.816752e+01,-5.026821e+01
C IV 1548,8.934220e-06,1.255156e-04,1.344509e-04,1548.395155,0.208155,7.240706e-04,3.873925e+10,6.070325e-06,3.765043e-02,3.761093e+01,1.602799e+06,2.319245e-28,7.823408e-14,1.003440e-01,7.450581e+00,2.179590e+04,3.272949e+04,3.288574e+04,-4.347165e+01,-7.425538e+01,-5.656895e+01
C IV 1548,8.900748e-06,1.357652e-04,1.446672e-04,1548.410972,0.223972,3.933072e-02,1.467793e+11,5.859834e-06,3.765043e-02,4.068426e+01,1.493570e+06,2.343409e-28,7.366133e-14,1.846598e+00,7.450581e+00,2.179785e+04,3.272949e+04,3.288574e+04,-4.368695e+01,-6.922144e+01,-5.972837e+01
C IV 1548,8.284773e-06,1.153677e-04,1.236534e-04,1548.378439,0.191439,3.078149e-04,1.564730e+10,5.765989e-06,3.765043e-02,3.456975e+01,1.446114e+06,2.646170e-28,8.052941e-14,4.424022e-01,7.450581e+00,2.179785e+04,3.272949e+04,3.288770e+04,-4.084023e+01,-7.334099e+01,-5.398430e+01
C IV 1548,8.137200e-06,1.501805e-04,1.583190e-04,1548.432107,0.245107,1.013970e-05,4.868749e+08,5.446400e-06,3.765043e-02,4.500728e+01,1.290251e+06,2.612591e-28,7.092281e-14,2.289001e+00,7.450581e+00,2.179980e+04,3.272949e+04,3.288770e+04,-4.428264e+01,-6.007814e+01,-6.203818e+01
C IV 1548,7.373652e-06,1.992900e-04,2.066651e-04,1548.506956,0.319956,3.146925e-06,1.561712e+08,5.629780e-06,3.765043e-02,5.972931e+01,1.378599e+06,2.438748e-28,7.072587e-14,1.590077e+00,7.450581e+00,2.180176e+04,3.272949e+04,3.288770e+04,-5.263909e+01,-4.620058e+01,-6.985285e+01
C IV 1548,6.843247e-06,2.315096e-04,2.383545e-04,1548.556017,0.369017,3.113964e-07,1.708758e+07,6.226034e-06,3.765043e-02,6.938142e+01,1.686080e+06,2.558823e-28,9.069250e-14,3.493163e-01,7.450581e+00,2.180176e+04,3.272754e+04,3.288770e+04,-5.429576e+01,-5.024868e+01,-9.257124e+01
C IV 1548,6.726724e-06,2.054901e-04,2.122182e-04,1548.515553,0.328553,1.433217e-06,7.459305e+07,5.904928e-06,3.765043e-02,6.158483e+01,1.516646e+06,2.712808e-28,8.649457e-14,3.496078e-01,7.450581e+00,2.180176e+04,3.272754e+04,3.288965e+04,-5.093761e+01,-5.057332e+01,-8.102043e+01
C IV 1548,6.610105e-06,2.240367e-04,2.306482e-04,1548.544087,0.357087,1.458514e-06,7.967853e+07,6.198334e-06,3.765043e-02,6.714416e+01,1.671110e+06,2.534073e-28,8.901504e-14,2.289001e+00,7.450581e+00,2.180371e+04,3.272754e+04,3.288965e+04,-5.468076e+01,-4.669850e+01,-8.379001e+01
C IV 1548,5.846557e-06,2.022493e-04,2.080970e-04,1548.509173,0.322173,4.024476e-06,2.234355e+08,6.297676e-06,3.765043e-02,6.061420e+01,1.725106e+06,2.692337e-28,9.765683e-14,2.032187e+00,7.450581e+00,2.180566e+04,3.272754e+04,3.288965e+04,-5.637200e+01,-5.468115e+01,-7.067099e+01
C IV 1548,5.168676e-06,2.129304e-04,2.181002e-04,1548.524660,0.337660,1.003280e-04,5.409876e+09,6.117999e-06,3.765043e-02,6.380926e+01,1.628073e+06,3.303900e-28,1.130781e-13,2.568135e-01,7.450581e+00,2.180566e+04,3.272754e+04,3.289160e+04,-7.230106e+01,-7.837563e+01,-6.346343e+01
C IV 1548,5.083010e-06,2.004511e-04,2.055351e-04,1548.505207,0.318207,1.413113e-04,7.737390e+09,6.212527e-06,3.765043e-02,6.006373e+01,1.678772e+06,3.619350e-28,1.277357e-13,9.914965e-01,7.450581e+00,2.180762e+04,3.272754e+04,3.289160e+04,-8.237666e+01,-9.507360e+01,-4.638875e+01
C IV 1548,4.752274e-06,1.931277e-04,1.978809e-04,1548.493357,0.306357,4.517945e-06,2.483167e+08,6.235892e-06,3.765043e-02,5.787026e+01,1.691423e+06,3.651434e-28,1.298219e-13,1.530038e-01,9.313226e-01,2.180713e+04,3.272607e+04,3.289111e+04,-7.072623e+01,-8.971571e+01,-6.092399e+01
C IV 1548,4.701236e-06,1.652641e-04,1.699661e-04,1548.450139,0.263139,8.512273e-06,4.580961e+08,6.103568e-06,3.765043e-02,4.952080e+01,1.620402e+06,3.493214e-28,1.189762e-13,9.340840e-01,9.313226e-01,2.180811e+04,3.272607e+04,3.289111e+04,-6.670830e+01,-8.791293e+01,-4.781214e+01
C IV 1548,4.389651e-06,1.701133e-04,1.745037e-04,1548.457164,0.270164,1.210951e-05,6.572116e+08,6.157333e-06,3.765043e-02,5.096857e+01,1.649075e+06,3.750236e-28,1.299927e-13,2.104163e-01,9.313226e-01,2.180811e+04,3.272607e+04,3.289209e+04,-7.548435e+01,-1.021174e+02,-4.395072e+01
C IV 1548,4.319462e-06,1.518678e-04,1.561880e-04,1548.428808,0.241808,2.366255e-05,1.268615e+09,6.081418e-06,3.765043e-02,4.550551e+01,1.608662e+06,3.375018e-28,1.140330e-13,1.144500e+00,9.313226e-01,2.180908e+04,3.272607e+04,3.289209e+04,-6.846874e+01,-8.951501e+01,-3.581130e+01
C IV 1548,3.937688e-06,1.519545e-04,1.558928e-04,1548.428351,0.241351,3.732785e-04,2.032580e+10,6.177089e-06,3.765043e-02,4.553766e+01,1.659674e+06,3.044776e-28,1.059833e-13,6.922064e-01,9.313226e-01,2.181006e+04,3.272607e+04,3.289209e+04,-6.415292e+01,-7.189765e+01,-3.156754e+01
C IV 1548,3.706787e-06,1.311147e-04,1.348219e-04,1548.395730,0.208730,4.188401e-04,2.336635e+10,6.329901e-06,3.765043e-02,3.929250e+01,1.742805e+06,3.202884e-28,1.170393e-13,2.882748e-01,9.313226e-01,2.181006e+04,3.272510e+04,3.289209e+04,-5.384722e+01,-6.839341e+01,-3.505061e+01
C IV 1548,3.610627e-06,1.111498e-04,1.147609e-04,1548.364671,0.177671,1.954956e-04,1.100494e+10,6.387211e-06,3.765043e-02,3.330630e+01,1.774507e+06,3.334337e-28,1.240600e-13,1.640191e-01,9.313226e-01,2.181006e+04,3.272510e+04,3.289307e+04,-5.374231e+01,-7.584618e+01,-2.650231e+01
C IV 1548,3.555914e-06,1.291386e-04,1.326950e-04,1548.392437,0.205437,9.964169e-02,2.716860e+11,6.668095e-06,3.765043e-02,3.870192e+01,1.934010e+06,3.465194e-28,1.402989e-13,1.144500e+00,9.313226e-01,2.181104e+04,3.272510e+04,3.289307e+04,-5.700387e+01,-6.269438e+01,-2.295050e+01
C IV 1548,3.174141e-06,1.684135e-04,1.715882e-04,1548.452651,0.265651,1.418778e-01,3.954385e+11,7.068550e-06,3.765043e-02,5.047727e+01,2.173280e+06,3.775358e-28,1.716006e-13,1.026878e+00,9.313226e-01,2.181201e+04,3.272510e+04,3.289307e+04,-6.717280e+01,-4.723135e+01,-1.883854e+01
C IV 1548,2.831602e-06,1.490446e-04,1.518766e-04,1548.422133,0.235133,3.472042e-04,2.125099e+10,6.944442e-06,3.765043e-02,4.466941e+01,2.097635e+06,3.838630e-28,1.684767e-13,1.176219e-01,9.313226e-01,2.181201e+04,3.272510e+04,3.289404e+04,-6.758667e+01,-5.590951e+01,-1.057122e+01
C IV 1548,2.792367e-06,1.966410e-04,1.994340e-04,1548.495761,0.308761,9.857921e-04,6.245737e+10,7.189440e-06,3.765043e-02,5.893824e+01,2.248253e+06,3.997467e-28,1.880301e-13,3.929164e-01,9.313226e-01,2.181299e+04,3.272510e+04,3.289404e+04,-7.909658e+01,-4.006927e+01,-9.404893e+00
C IV 1548,2.661301e-06,1.834771e-04,1.861389e-04,1548.475178,0.288178,2.112140e-01,5.245622e+11,7.090278e-06,3.765043e-02,5.499564e+01,2.186662e+06,4.628359e-28,2.118947e-13,7.515839e-01,9.313226e-01,2.181299e+04,3.272412e+04,3.289404e+04,-6.876637e+01,-2.785603e+01,-1.195510e+01
C IV 1548,2.410593e-06,2.346715e-04,2.370827e-04,1548.554048,0.367048,1.397343e-01,3.912091e+11,7.148214e-06,3.765043e-02,7.034179e+01,2.222543e+06,4.605238e-28,2.143567e-13,1.073276e+00,9.313226e-01,2.181396e+04,3.272412e+04,3.289404e+04,-7.834716e+01,-1.182240e+01,-1.715749e+01
C IV 1548,2.052578e-06,2.474764e-04,2.495295e-04,1548.573318,0.386318,9.716540e-05,6.014986e+09,7.024257e-06,3.765043e-02,7.417637e+01,2.146129e+06,4.745412e-28,2.134842e-13,7.122475e-02,9.313226e-01,2.181396e+04,3.272412e+04,3.289502e+04,-8.837923e+01,-3.011948e+01,-1.949056e+01
C IV 1548,2.028819e-06,2.717308e-04,2.737602e-04,1548.610832,0.423832,1.697498e-04,1.043200e+10,6.971922e-06,3.765043e-02,8.144679e+01,2.114269e+06,4.812480e-28,2.133225e-13,1.144500e+00,9.313226e-01,2.181494e+04,3.272412e+04,3.289502e+04,-9.175342e+01,-2.384999e+01,-2.532062e+01
C IV 1548,1.647045e-06,2.691438e-04,2.707912e-04,1548.606235,0.419235,4.273367e-07,2.603660e+07,6.913428e-06,3.765043e-02,8.067217e+01,2.078940e+06,5.085437e-28,2.216529e-13,9.362636e-02,9.313226e-01,2.181592e+04,3.272412e+04,3.289502e+04,-8.973875e+01,-1.982792e+01,-2.458221e+01
C IV 1548,1.615814e-06,2.692618e-04,2.708781e-04,1548.606370,0.419370,1.064208e-05,6.465510e+08,6.893702e-06,3.765043e-02,8.070904e+01,2.067094e+06,5.725460e-28,2.481915e-13,1.026046e+00,9.313226e-01,2.181592e+04,3.272314e+04,3.289502e+04,-8.194796e+01,-1.327578e+01,-3.568558e+01
C IV 1548,1.273553e-06,2.499070e-04,2.511809e-04,1548.575875,0.388875,2.068203e-07,1.202533e+07,6.597386e-06,3.765043e-02,7.490502e+01,1.893210e+06,5.836182e-28,2.318831e-13,2.482757e-02,9.313226e-01,2.181592e+04,3.272314e+04,3.289600e+04,-8.490059e+01,-3.205722e+01,-2.977527e+01
C IV 1548,1.265272e-06,2.496206e-04,2.508862e-04,1548.575419,0.388419,3.532526e-06,2.073986e+08,6.661856e-06,3.765043e-02,7.482101e+01,1.930393e+06,5.733509e-28,2.320851e-13,5.162315e-01,1.164153e-01,2.181665e+04,3.272339e+04,3.289575e+04,-8.315791e+01,-2.142348e+01,-2.520682e+01
C IV 1548,1.093071e-06,2.434929e-04,2.445863e-04,1548.565665,0.378665,7.024403e-07,4.067274e+07,6.569957e-06,3.765043e-02,7.298504e+01,1.877501e+06,6.155416e-28,2.423708e-13,5.601866e-02,1.164153e-01,2.181665e+04,3.272290e+04,3.289575e+04,-7.860742e+01,-1.947125e+01,-2.864699e+01
C IV 1548,1.074385e-06,2.455309e-04,2.466056e-04,1548.568792,0.381792,8.101306e-06,4.717912e+08,6.606615e-06,3.765043e-02,7.359639e+01,1.898511e+06,6.371127e-28,2.535668e-13,5.706212e-01,1.164153e-01,2.181714e+04,3.272290e+04,3.289575e+04,-7.978997e+01,-1.447160e+01,-2.397057e+01
C IV 1548,8.840411e-07,2.375462e-04,2.384305e-04,1548.556135,0.369135,3.189233e-08,1.824039e+06,6.489432e-06,3.765043e-02,7.120247e+01,1.831760e+06,6.649892e-28,2.554253e-13,1.628982e-03,1.164153e-01,2.181714e+04,3.272290e+04,3.289624e+04,-7.958952e+01,-2.003162e+01,-2.279760e+01
C IV 1548,8.834977e-07,2.479676e-04,2.488513e-04,1548.572268,0.385268,1.161046e-05,6.744984e+08,6.591094e-06,3.765043e-02,7.432644e+01,1.889601e+06,6.939017e-28,2.748431e-13,5.722502e-01,1.164153e-01,2.181763e+04,3.272290e+04,3.289624e+04,-8.309704e+01,-1.353602e+01,-1.827111e+01
C IV 1548,6.926108e-07,2.679058e-04,2.685986e-04,1548.602841,0.415841,8.957930e-06,5.321898e+08,6.740794e-06,3.765043e-02,8.030225e+01,1.976411e+06,7.373899e-28,3.053968e-13,3.665865e-01,1.164153e-01,2.181812e+04,3.272290e+04,3.289624e+04,-9.000937e+01,-6.555023e+00,-1.325532e+01
C IV 1548,5.703277e-07,2.784376e-04,2.790081e-04,1548.618957,0.431957,9.631294e-06,5.571441e+08,6.562293e-06,3.765043e-02,8.345895e+01,1.873123e+06,8.127138e-28,3.191262e-13,2.056637e-01,1.164153e-01,2.181812e+04,3.272241e+04,3.289624e+04,-9.185939e+01,-5.153163e+00,-1.598479e+01
C IV 1548,5.017239e-07,3.050567e-04,3.055586e-04,1548.660062,0.473062,1.195887e-06,7.035972e+07,6.673637e-06,3.765043e-02,9.143642e+01,1.937226e+06,8.630065e-28,3.504120e-13,2.156961e-02,1.164153e-01,2.181860e+04,3.272241e+04,3.289624e+04,-1.012135e+02,2.548878e+00,-1.023596e+01
C IV 1548,4.945289e-07,3.040017e-04,3.044963e-04,1548.658417,0.471417,2.846614e-05,1.662566e+09,6.626018e-06,3.765043e-02,9.112070e+01,1.909679e+06,8.842769e-28,3.540620e-13,5.506806e-01,1.164153e-01,2.181860e+04,3.272241e+04,3.289673e+04,-9.886356e+01,9.332385e-01,-1.547999e+01
C IV 1548,3.108370e-07,3.318776e-04,3.321885e-04,1548.701290,0.514290,3.516537e-05,2.075413e+09,6.695515e-06,3.765043e-02,9.947466e+01,1.949948e+06,9.245547e-28,3.779400e-13,5.722502e-01,1.164153e-01,2.181909e+04,3.272241e+04,3.289673e+04,-1.077788e+02,9.425559e+00,-1.093834e+01
C IV 1548,1.199501e-07,3.555215e-04,3.556415e-04,1548.737600,0.550600,3.656623e-06,2.152817e+08,6.679791e-06,3.765043e-02,1.065600e+02,1.940800e+06,9.527076e-28,3.875254e-13,4.476820e-02,1.164153e-01,2.181958e+04,3.272241e+04,3.289673e+04,-1.151095e+02,1.793461e+01,-6.583446e+00
C IV 1548,1.050167e-07,3.626324e-04,3.627374e-04,1548.748585,0.561585,1.657865e-05,9.790020e+08,6.699387e-06,3.765043e-02,1.086916e+02,1.952204e+06,9.587603e-28,3.924058e-13,1.721733e-01,1.164153e-01,2.181958e+04,3.272241e+04,3.289722e+04,-1.149359e+02,1.810710e+01,-1.190686e+01
C IV 1548,4.758443e-08,3.911620e-04,3.912096e-04,1548.792666,0.605666,1.247845e-05,7.378830e+08,6.709230e-06,3.765043e-02,1.172412e+02,1.957945e+06,1.050875e-27,4.316253e-13,1.401426e-01,1.164153e-01,2.181958e+04,3.272192e+04,3.289722e+04,-1.225077e+02,2.227624e+01,-1.379580e+01
Ly a,2.733895e-05,1.150286e-04,1.423707e-04,1215.843076,0.173076,4.124985e-01,7.798700e+11,2.622472e-05,2.255463e+00,3.448087e+01,2.510401e+06,3.293191e-29,1.699976e-14,3.389315e-01,5.960464e+01,2.174805e+04,3.274805e+04,3.286133e+04,-1.226039e+01,2.315041e+01,-4.019129e+01
Ly a,2.722589e-05,9.449004e-05,1.217185e-04,1215.817970,0.147970,1.922975e+00,3.573789e+12,2.275125e-05,2.255463e+00,2.832462e+01,1.889436e+06,3.798362e-29,1.486155e-14,7.330661e-01,5.960464e+01,2.175195e+04,3.274805e+04,3.286133e+04,-1.135875e+01,8.317605e+00,-3.836115e+01
Ly a,2.698136e-05,1.406604e-04,1.676456e-04,1215.873802,0.203802,4.685804e+01,8.608155e+13,2.580161e-05,2.255463e+00,4.216393e+01,2.430048e+06,5.447871e-29,2.736477e-14,3.844935e+00,5.960464e+01,2.175195e+04,3.274805e+04,3.286523e+04,-1.856963e+01,2.200035e+01,-4.654764e+01
Ly a,2.569880e-05,1.584122e-04,1.841150e-04,1215.893823,0.223823,5.475197e-01,1.019582e+12,2.328314e-05,2.255463e+00,4.748627e+01,1.978813e+06,4.798903e-29,1.977272e-14,1.102953e-01,5.960464e+01,2.175586e+04,3.274805e+04,3.286523e+04,-3.036118e+01,1.823291e+01,-3.802182e+01
Ly a,2.566200e-05,1.569001e-04,1.825661e-04,1215.891940,0.221940,3.861280e+01,7.093284e+13,2.198386e-05,2.255463e+00,4.703112e+01,1.764125e+06,6.225568e-29,2.287962e-14,4.467706e+00,5.960464e+01,2.175586e+04,3.274414e+04,3.286523e+04,-2.320503e+01,1.258015e+01,-5.574781e+01
Ly a,2.417170e-05,1.740980e-04,1.982739e-04,1215.911036,0.241036,2.362457e+00,4.350917e+12,1.905426e-05,2.255463e+00,5.218760e+01,1.325274e+06,5.309328e-29,1.473214e-14,9.186548e-01,5.960464e+01,2.175977e+04,3.274414e+04,3.286523e+04,-3.246034e+01,1.873503e+01,-4.460725e+01
Ly a,2.386526e-05,2.565363e-04,2.804077e-04,1216.010883,0.340883,2.893663e+01,5.315224e+13,2.013506e-05,2.255463e+00,7.689750e+01,1.479883e+06,7.022289e-29,2.177924e-14,3.659347e+00,5.960464e+01,2.175977e+04,3.274414e+04,3.286914e+04,-5.896095e+01,2.745058e+01,-4.312989e+01
Ly a,2.264460e-05,2.341668e-04,2.568167e-04,1215.982204,0.312204,1.168353e+01,2.149897e+13,1.836773e-05,2.255463e+00,7.019314e+01,1.231495e+06,7.737252e-29,2.004037e-14,3.491136e+00,5.960464e+01,2.176367e+04,3.274414e+04,3.286914e+04,-5.883939e+01,1.725620e+01,-3.494099e+01
Ly a,2.148006e-05,2.806708e-04,3.021569e-04,1216.037323,0.367323,6.651402e-01,1.223531e+12,1.807112e-05,2.255463e+00,8.413088e+01,1.192042e+06,8.401867e-29,2.103923e-14,1.086865e+00,5.960464e+01,2.176367e+04,3.274023e+04,3.286914e+04,-7.398591e+01,1.403461e+01,-3.976580e+01
Ly a,2.111751e-05,2.421057e-04,2.632284e-04,1215.989999,0.319999,4.764478e-01,8.768781e+11,1.854774e-05,2.255463e+00,7.257215e+01,1.255751e+06,9.013533e-29,2.375314e-14,1.104244e+00,5.960464e+01,2.176758e+04,3.274023e+04,3.286914e+04,-5.832998e+01,1.277234e+01,-4.501079e+01
Ly a,2.074916e-05,2.406890e-04,2.614432e-04,1215.987829,0.317829,2.130115e+01,3.912775e+13,1.761854e-05,2.255463e+00,7.214350e+01,1.133082e+06,1.085042e-28,2.581204e-14,3.473758e+00,5.960464e+01,2.176758e+04,3.274023e+04,3.287305e+04,-5.739554e+01,-1.492346e+01,-6.652947e+01
Ly a,1.959041e-05,1.683231e-04,1.879169e-04,1215.898445,0.228445,5.234948e+01,9.616699e+13,1.741198e-05,2.255463e+00,5.045380e+01,1.106669e+06,9.266370e-29,2.153860e-14,4.578001e+00,5.960464e+01,2.177148e+04,3.274023e+04,3.287305e+04,-3.638942e+01,-1.551003e+01,-5.796057e+01
Ly a,1.806332e-05,2.021964e-04,2.202634e-04,1215.937768,0.267768,3.585164e+00,6.605235e+12,1.933544e-05,2.255463e+00,6.060944e+01,1.364676e+06,8.868990e-29,2.540818e-14,1.289832e+00,5.960464e+01,2.177539e+04,3.274023e+04,3.287305e+04,-5.223822e+01,-4.768254e+00,-4.190312e+01
Ly a,1.763307e-05,1.821334e-04,1.997697e-04,1215.912854,0.242854,2.448275e+00,4.513769e+12,1.975821e-05,2.255463e+00,5.459486e+01,1.425006e+06,8.129544e-29,2.435844e-14,1.004144e+00,5.960464e+01,2.177539e+04,3.274023e+04,3.287695e+04,-4.751793e+01,-1.428056e+01,-4.423941e+01
Ly a,1.729811e-05,2.045680e-04,2.218696e-04,1215.939720,0.269720,1.358719e+01,2.495909e+13,1.938115e-05,2.255463e+00,6.131461e+01,1.371136e+06,9.187488e-29,2.649025e-14,2.284025e+00,5.960464e+01,2.177539e+04,3.273633e+04,3.287695e+04,-5.255253e+01,-3.328040e+01,-6.419342e+01
Ly a,1.653622e-05,1.456454e-04,1.621840e-04,1215.867162,0.197162,2.057043e-01,4.412630e+11,1.966303e-05,2.255463e+00,4.365753e+01,1.411310e+06,8.412559e-29,2.491505e-14,4.578001e+00,5.960464e+01,2.177930e+04,3.273633e+04,3.287695e+04,-3.264678e+01,-1.323241e+01,-4.764754e+01
Ly a,1.500913e-05,1.236358e-04,1.386468e-04,1215.838549,0.168549,3.816327e-01,7.053472e+11,2.093684e-05,2.255463e+00,3.706097e+01,1.600087e+06,8.278449e-29,2.768873e-14,1.475421e+00,5.960464e+01,2.178320e+04,3.273633e+04,3.287695e+04,-2.220337e+01,-1.501245e+00,-4.444113e+01
Ly a,1.451697e-05,1.127067e-04,1.272253e-04,1215.824664,0.154664,9.618673e-04,9.628078e+10,1.953314e-05,2.255463e+00,3.378251e+01,1.392726e+06,9.498524e-29,2.777314e-14,3.102580e+00,5.960464e+01,2.178320e+04,3.273633e+04,3.288086e+04,-1.891754e+01,-1.702798e+01,-5.487519e+01
Ly a,1.348203e-05,1.064955e-04,1.199789e-04,1215.815855,0.145855,6.308342e-04,5.965715e+10,1.845397e-05,2.255463e+00,3.192089e+01,1.243086e+06,1.262102e-28,3.297196e-14,1.096816e+00,5.960464e+01,2.178711e+04,3.273633e+04,3.288086e+04,-1.675147e+01,-1.530368e+01,-5.355835e+01
Ly a,1.311617e-05,1.280357e-04,1.411535e-04,1215.841596,0.171596,3.177968e-01,5.857223e+11,1.953137e-05,2.255463e+00,3.837437e+01,1.392474e+06,1.222504e-28,3.573753e-14,4.713992e-01,7.450581e+00,2.178613e+04,3.273340e+04,3.287988e+04,-1.454160e+01,-1.527428e+01,-7.347893e+01
Ly a,1.295892e-05,1.643106e-04,1.772717e-04,1215.885504,0.215504,1.217990e-03,1.218201e+11,1.951742e-05,2.255463e+00,4.924740e+01,1.390485e+06,1.335258e-28,3.904814e-14,7.207853e-01,7.450581e+00,2.178613e+04,3.273340e+04,3.288184e+04,-2.461040e+01,-1.481669e+01,-7.859444e+01
Ly a,1.271849e-05,1.735915e-04,1.863121e-04,1215.896494,0.226494,1.686451e+00,3.106811e+12,1.925268e-05,2.255463e+00,5.202918e+01,1.353018e+06,1.554270e-28,4.424202e-14,2.289001e+00,7.450581e+00,2.178809e+04,3.273340e+04,3.288184e+04,-2.571746e+01,-1.185989e+01,-8.078475e+01
Ly a,1.195494e-05,1.578319e-04,1.697888e-04,1215.876407,0.206407,1.432110e+00,2.637578e+12,1.905399e-05,2.255463e+00,4.730665e+01,1.325237e+06,1.640574e-28,4.575194e-14,1.661010e+00,7.450581e+00,2.179004e+04,3.273340e+04,3.288184e+04,-2.512999e+01,-1.433929e+01,-7.253728e+01
Ly a,1.140087e-05,1.701552e-04,1.815580e-04,1215.890715,0.220715,4.313339e-04,4.181887e+10,1.891828e-05,2.255463e+00,5.100151e+01,1.306425e+06,1.482260e-28,4.073972e-14,6.279909e-01,7.450581e+00,2.179004e+04,3.273340e+04,3.288379e+04,-3.194510e+01,-1.478882e+01,-6.780181e+01
Ly a,1.119139e-05,1.343812e-04,1.455741e-04,1215.846970,0.176970,3.345143e-04,3.188853e+10,1.860197e-05,2.255463e+00,4.027924e+01,1.263105e+06,1.516182e-28,4.029924e-14,4.982361e-01,7.450581e+00,2.179199e+04,3.273340e+04,3.288379e+04,-3.065534e+01,-2.518033e+01,-5.253488e+01
Ly a,1.102519e-05,1.418240e-04,1.528508e-04,1215.855816,0.185816,1.148544e+01,2.109971e+13,1.986268e-05,2.255463e+00,4.250914e+01,1.440115e+06,1.429641e-28,4.333010e-14,1.790765e+00,7.450581e+00,2.179199e+04,3.273145e+04,3.288379e+04,-3.174107e+01,-2.835489e+01,-5.801759e+01
Ly a,1.042784e-05,1.378485e-04,1.482778e-04,1215.850257,0.180257,2.969896e+01,5.455972e+13,1.975918e-05,2.255463e+00,4.131603e+01,1.425146e+06,1.682519e-28,5.046152e-14,1.753804e+00,7.450581e+00,2.179395e+04,3.273145e+04,3.288379e+04,-3.814371e+01,-4.198765e+01,-5.225766e+01
Ly a,9.842822e-06,1.317893e-04,1.416335e-04,1215.842180,0.172180,4.393737e+00,8.099599e+12,1.965634e-05,2.255463e+00,3.949731e+01,1.410350e+06,1.739915e-28,5.164241e-14,5.351966e-01,7.450581e+00,2.179395e+04,3.273145e+04,3.288574e+04,-4.055205e+01,-5.410269e+01,-5.202130e+01
Ly a,9.664295e-06,1.265539e-04,1.362194e-04,1215.835598,0.165598,6.698360e+00,1.230565e+13,2.019411e-05,2.255463e+00,3.792460e+01,1.488576e+06,2.046443e-28,6.411042e-14,2.188657e+00,7.450581e+00,2.179590e+04,3.273145e+04,3.288574e+04,-4.470398e+01,-6.816752e+01,-5.026821e+01
Ly a,8.934220e-06,1.255156e-04,1.344509e-04,1215.833448,0.163448,3.503277e+00,6.475167e+12,2.095457e-05,2.255463e+00,3.761093e+01,1.602799e+06,2.319245e-28,7.823408e-14,1.003440e-01,7.450581e+00,2.179590e+04,3.272949e+04,3.288574e+04,-4.347165e+01,-7.425538e+01,-5.656895e+01
Ly a,8.900748e-06,1.357652e-04,1.446672e-04,1215.845868,0.175868,1.347703e+01,2.475863e+13,2.022796e-05,2.255463e+00,4.068426e+01,1.493570e+06,2.343409e-28,7.366133e-14,1.846598e+00,7.450581e+00,2.179785e+04,3.272949e+04,3.288574e+04,-4.368695e+01,-6.922144e+01,-5.972837e+01
Ly a,8.284773e-06,1.153677e-04,1.236534e-04,1215.820322,0.150322,4.366457e-01,8.052882e+11,1.990401e-05,2.255463e+00,3.456975e+01,1.446114e+06,2.646170e-28,8.052941e-14,4.424022e-01,7.450581e+00,2.179785e+04,3.272949e+04,3.288770e+04,-4.084023e+01,-7.334099e+01,-5.398430e+01
Ly a,8.137200e-06,1.501805e-04,1.583190e-04,1215.862464,0.192464,1.243795e-01,2.614733e+11,1.880080e-05,2.255463e+00,4.500728e+01,1.290251e+06,2.612591e-28,7.092281e-14,2.289001e+00,7.450581e+00,2.179980e+04,3.272949e+04,3.288770e+04,-4.428264e+01,-6.007814e+01,-6.203818e+01
Ly a,7.373652e-06,1.992900e-04,2.066651e-04,1215.921237,0.251237,1.570030e-03,1.563634e+11,1.943382e-05,2.255463e+00,5.972931e+01,1.378599e+06,2.438748e-28,7.072587e-14,1.590077e+00,7.450581e+00,2.180176e+04,3.272949e+04,3.288770e+04,-5.263909e+01,-4.620058e+01,-6.985285e+01
Ly a,6.843247e-06,2.315096e-04,2.383545e-04,1215.959760,0.289760,2.434678e-04,2.681558e+10,2.149207e-05,2.255463e+00,6.938142e+01,1.686080e+06,2.558823e-28,9.069250e-14,3.493163e-01,7.450581e+00,2.180176e+04,3.272754e+04,3.288770e+04,-5.429576e+01,-5.024868e+01,-9.257124e+01
Ly a,6.726724e-06,2.054901e-04,2.122182e-04,1215.927987,0.257987,2.818237e-04,2.943863e+10,2.038363e-05,2.255463e+00,6.158483e+01,1.516646e+06,2.712808e-28,8.649457e-14,3.496078e-01,7.450581e+00,2.180176e+04,3.272754e+04,3.288965e+04,-5.093761e+01,-5.057332e+01,-8.102043e+01
Ly a,6.610105e-06,2.240367e-04,2.306482e-04,1215.950392,0.280392,1.329449e-03,1.457740e+11,2.139645e-05,2.255463e+00,6.714416e+01,1.671110e+06,2.534073e-28,8.901504e-14,2.289001e+00,7.450581e+00,2.180371e+04,3.272754e+04,3.288965e+04,-5.468076e+01,-4.669850e+01,-8.379001e+01
Ly a,5.846557e-06,2.022493e-04,2.080970e-04,1215.922977,0.252977,3.280199e-02,2.325431e+11,2.173938e-05,2.255463e+00,6.061420e+01,1.725106e+06,2.692337e-28,9.765683e-14,2.032187e+00,7.450581e+00,2.180566e+04,3.272754e+04,3.288965e+04,-5.637200e+01,-5.468115e+01,-7.067099e+01
Ly a,5.168676e-06,2.129304e-04,2.181002e-04,1215.935138,0.265138,1.607133e+00,2.971472e+12,2.111914e-05,2.255463e+00,6.380926e+01,1.628073e+06,3.303900e-28,1.130781e-13,2.568135e-01,7.450581e+00,2.180566e+04,3.272754e+04,3.289160e+04,-7.230106e+01,-7.837563e+01,-6.346343e+01
Ly a,5.083010e-06,2.004511e-04,2.055351e-04,1215.919863,0.249863,2.273393e+00,4.207043e+12,2.144545e-05,2.255463e+00,6.006373e+01,1.678772e+06,3.619350e-28,1.277357e-13,9.914965e-01,7.450581e+00,2.180762e+04,3.272754e+04,3.289160e+04,-8.237666e+01,-9.507360e+01,-4.638875e+01
Ly a,4.752274e-06,1.931277e-04,1.978809e-04,1215.910558,0.240558,1.247009e-03,1.375623e+11,2.152610e-05,2.255463e+00,5.787026e+01,1.691423e+06,3.651434e-28,1.298219e-13,1.530038e-01,9.313226e-01,2.180713e+04,3.272607e+04,3.289111e+04,-7.072623e+01,-8.971571e+01,-6.092399e+01
Ly a,4.701236e-06,1.652641e-04,1.699661e-04,1215.876623,0.206623,1.962518e-03,2.118916e+11,2.106932e-05,2.255463e+00,4.952080e+01,1.620402e+06,3.493214e-28,1.189762e-13,9.340840e-01,9.313226e-01,2.180811e+04,3.272607e+04,3.289111e+04,-6.670830e+01,-8.791293e+01,-4.781214e+01
Ly a,4.389651e-06,1.701133e-04,1.745037e-04,1215.882139,0.212139,1.524752e-01,3.399635e+11,2.125492e-05,2.255463e+00,5.096857e+01,1.649075e+06,3.750236e-28,1.299927e-13,2.104163e-01,9.313226e-01,2.180811e+04,3.272607e+04,3.289209e+04,-7.548435e+01,-1.021174e+02,-4.395072e+01
Ly a,4.319462e-06,1.518678e-04,1.561880e-04,1215.859873,0.189873,1.639244e-01,3.631522e+11,2.099286e-05,2.255463e+00,4.550551e+01,1.608662e+06,3.375018e-28,1.140330e-13,1.144500e+00,9.313226e-01,2.180908e+04,3.272607e+04,3.289209e+04,-6.846874e+01,-8.951501e+01,-3.581130e+01
Ly a,3.937688e-06,1.519545e-04,1.558928e-04,1215.859514,0.189514,2.646159e+00,4.895466e+12,2.132312e-05,2.255463e+00,4.553766e+01,1.659674e+06,3.044776e-28,1.059833e-13,6.922064e-01,9.313226e-01,2.181006e+04,3.272607e+04,3.289209e+04,-6.415292e+01,-7.189765e+01,-3.156754e+01
Ly a,3.706787e-06,1.311147e-04,1.348219e-04,1215.833899,0.163899,7.984422e+00,1.466832e+13,2.185062e-05,2.255463e+00,3.929250e+01,1.742805e+06,3.202884e-28,1.170393e-13,2.882748e-01,9.313226e-01,2.181006e+04,3.272510e+04,3.289209e+04,-5.384722e+01,-6.839341e+01,-3.505061e+01
Ly a,3.610627e-06,1.111498e-04,1.147609e-04,1215.809511,0.139511,3.745888e+00,6.881773e+12,2.204845e-05,2.255463e+00,3.330630e+01,1.774507e+06,3.334337e-28,1.240600e-13,1.640191e-01,9.313226e-01,2.181006e+04,3.272510e+04,3.289307e+04,-5.374231e+01,-7.584618e+01,-2.650231e+01
Ly a,3.555914e-06,1.291386e-04,1.326950e-04,1215.831313,0.161313,9.325970e+01,1.713294e+14,2.301805e-05,2.255463e+00,3.870192e+01,1.934010e+06,3.465194e-28,1.402989e-13,1.144500e+00,9.313226e-01,2.181104e+04,3.272510e+04,3.289307e+04,-5.700387e+01,-6.269438e+01,-2.295050e+01
Ly a,3.174141e-06,1.684135e-04,1.715882e-04,1215.878595,0.208595,1.351953e+02,2.483609e+14,2.440041e-05,2.255463e+00,5.047727e+01,2.173280e+06,3.775358e-28,1.716006e-13,1.026878e+00,9.313226e-01,2.181201e+04,3.272510e+04,3.289307e+04,-6.717280e+01,-4.723135e+01,-1.883854e+01
Ly a,2.831602e-06,1.490446e-04,1.518766e-04,1215.854632,0.184632,7.291751e+00,1.339559e+13,2.397200e-05,2.255463e+00,4.466941e+01,2.097635e+06,3.838630e-28,1.684767e-13,1.176219e-01,9.313226e-01,2.181201e+04,3.272510e+04,3.289404e+04,-6.758667e+01,-5.590951e+01,-1.057122e+01
Ly a,2.792367e-06,1.966410e-04,1.994340e-04,1215.912446,0.242446,2.146421e+01,3.942984e+13,2.481772e-05,2.255463e+00,5.893824e+01,2.248253e+06,3.997467e-28,1.880301e-13,3.929164e-01,9.313226e-01,2.181299e+04,3.272510e+04,3.289404e+04,-7.909658e+01,-4.006927e+01,-9.404893e+00
Ly a,2.661301e-06,1.834771e-04,1.861389e-04,1215.896283,0.226283,1.811134e+02,3.327102e+14,2.447542e-05,2.255463e+00,5.499564e+01,2.186662e+06,4.628359e-28,2.118947e-13,7.515839e-01,9.313226e-01,2.181299e+04,3.272412e+04,3.289404e+04,-6.876637e+01,-2.785603e+01,-1.195510e+01
Ly a,2.410593e-06,2.346715e-04,2.370827e-04,1215.958214,0.288214,1.353118e+02,2.485588e+14,2.467541e-05,2.255463e+00,7.034179e+01,2.222543e+06,4.605238e-28,2.143567e-13,1.073276e+00,9.313226e-01,2.181396e+04,3.272412e+04,3.289404e+04,-7.834716e+01,-1.182240e+01,-1.715749e+01
Ly a,2.052578e-06,2.474764e-04,2.495295e-04,1215.973345,0.303345,2.056985e+00,3.846599e+12,2.424751e-05,2.255463e+00,7.417637e+01,2.146129e+06,4.745412e-28,2.134842e-13,7.122475e-02,9.313226e-01,2.181396e+04,3.272412e+04,3.289502e+04,-8.837923e+01,-3.011948e+01,-1.949056e+01
Ly a,2.028819e-06,2.717308e-04,2.737602e-04,1216.002802,0.332802,3.534095e+00,6.491653e+12,2.406685e-05,2.255463e+00,8.144679e+01,2.114269e+06,4.812480e-28,2.133225e-13,1.144500e+00,9.313226e-01,2.181494e+04,3.272412e+04,3.289502e+04,-9.175342e+01,-2.384999e+01,-2.532062e+01
Ly a,1.647045e-06,2.691438e-04,2.707912e-04,1215.999193,0.329193,7.351690e-05,8.990856e+09,2.386493e-05,2.255463e+00,8.067217e+01,2.078940e+06,5.085437e-28,2.216529e-13,9.362636e-02,9.313226e-01,2.181592e+04,3.272412e+04,3.289502e+04,-8.973875e+01,-1.982792e+01,-2.458221e+01
Ly a,1.615814e-06,2.692618e-04,2.708781e-04,1215.999298,0.329298,1.609141e-03,1.962312e+11,2.379684e-05,2.255463e+00,8.070904e+01,2.067094e+06,5.725460e-28,2.481915e-13,1.026046e+00,9.313226e-01,2.181592e+04,3.272314e+04,3.289502e+04,-8.194796e+01,-1.327578e+01,-3.568558e+01
Ly a,1.273553e-06,2.499070e-04,2.511809e-04,1215.975353,0.305353,2.519028e-05,2.939777e+09,2.277397e-05,2.255463e+00,7.490502e+01,1.893210e+06,5.836182e-28,2.318831e-13,2.482757e-02,9.313226e-01,2.181592e+04,3.272314e+04,3.289600e+04,-8.490059e+01,-3.205722e+01,-2.977527e+01
Ly a,1.265272e-06,2.496206e-04,2.508862e-04,1215.974995,0.304995,4.979343e-04,5.867811e+10,2.299652e-05,2.255463e+00,7.482101e+01,1.930393e+06,5.733509e-28,2.320851e-13,5.162315e-01,1.164153e-01,2.181665e+04,3.272339e+04,3.289575e+04,-8.315791e+01,-2.142348e+01,-2.520682e+01
Ly a,1.093071e-06,2.434929e-04,2.445863e-04,1215.967336,0.297336,6.147810e-05,7.144918e+09,2.267928e-05,2.255463e+00,7.298504e+01,1.877501e+06,6.155416e-28,2.423708e-13,5.601866e-02,1.164153e-01,2.181665e+04,3.272290e+04,3.289575e+04,-7.860742e+01,-1.947125e+01,-2.864699e+01
Ly a,1.074385e-06,2.455309e-04,2.466056e-04,1215.969791,0.299791,6.525225e-04,7.626111e+10,2.280583e-05,2.255463e+00,7.359639e+01,1.898511e+06,6.371127e-28,2.535668e-13,5.706212e-01,1.164153e-01,2.181714e+04,3.272290e+04,3.289575e+04,-7.978997e+01,-1.447160e+01,-2.397057e+01
Ly a,8.840411e-07,2.375462e-04,2.384305e-04,1215.959853,0.289853,2.071927e-06,2.378548e+08,2.240131e-05,2.255463e+00,7.120247e+01,1.831760e+06,6.649892e-28,2.554253e-13,1.628982e-03,1.164153e-01,2.181714e+04,3.272290e+04,3.289624e+04,-7.958952e+01,-2.003162e+01,-2.279760e+01
Ly a,8.834977e-07,2.479676e-04,2.488513e-04,1215.972521,0.302521,7.536466e-04,8.786984e+10,2.275225e-05,2.255463e+00,7.432644e+01,1.889601e+06,6.939017e-28,2.748431e-13,5.722502e-01,1.164153e-01,2.181763e+04,3.272290e+04,3.289624e+04,-8.309704e+01,-1.353602e+01,-1.827111e+01
Ly a,6.926108e-07,2.679058e-04,2.685986e-04,1215.996527,0.326527,5.179777e-04,6.176354e+10,2.326901e-05,2.255463e+00,8.030225e+01,1.976411e+06,7.373899e-28,3.053968e-13,3.665865e-01,1.164153e-01,2.181812e+04,3.272290e+04,3.289624e+04,-9.000937e+01,-6.555023e+00,-1.325532e+01
Ly a,5.703277e-07,2.784376e-04,2.790081e-04,1216.009182,0.339182,3.674079e-04,4.265094e+10,2.265283e-05,2.255463e+00,8.345895e+01,1.873123e+06,8.127138e-28,3.191262e-13,2.056637e-01,1.164153e-01,2.181812e+04,3.272241e+04,3.289624e+04,-9.185939e+01,-5.153163e+00,-1.598479e+01
Ly a,5.017239e-07,3.050567e-04,3.055586e-04,1216.041458,0.371458,4.259779e-05,5.028850e+09,2.303718e-05,2.255463e+00,9.143642e+01,1.937226e+06,8.630065e-28,3.504120e-13,2.156961e-02,1.164153e-01,2.181860e+04,3.272241e+04,3.289624e+04,-1.012135e+02,2.548878e+00,-1.023596e+01
Ly a,4.945289e-07,3.040017e-04,3.044963e-04,1216.040167,0.370167,1.086083e-03,1.273046e+11,2.287281e-05,2.255463e+00,9.112070e+01,1.909679e+06,8.842769e-28,3.540620e-13,5.506806e-01,1.164153e-01,2.181860e+04,3.272241e+04,3.289673e+04,-9.886356e+01,9.332385e-01,-1.547999e+01
Ly a,3.108370e-07,3.318776e-04,3.321885e-04,1216.073832,0.403832,1.233465e-03,1.460900e+11,2.311271e-05,2.255463e+00,9.947466e+01,1.949948e+06,9.245547e-28,3.779400e-13,5.722502e-01,1.164153e-01,2.181909e+04,3.272241e+04,3.289673e+04,-1.077788e+02,9.425559e+00,-1.093834e+01
Ly a,1.199501e-07,3.555215e-04,3.556415e-04,1216.102343,0.432343,5.889949e-04,6.959673e+10,2.305843e-05,2.255463e+00,1.065600e+02,1.940800e+06,9.527076e-28,3.875254e-13,4.476820e-02,1.164153e-01,2.181958e+04,3.272241e+04,3.289673e+04,-1.151095e+02,1.793461e+01,-6.583446e+00
Ly a,1.050167e-07,3.626324e-04,3.627374e-04,1216.110969,0.440969,1.228879e+01,2.257080e+13,2.312607e-05,2.255463e+00,1.086916e+02,1.952204e+06,9.587603e-28,3.924058e-13,1.721733e-01,1.164153e-01,2.181958e+04,3.272241e+04,3.289722e+04,-1.149359e+02,1.810710e+01,-1.190686e+01
Ly a,4.758443e-08,3.911620e-04,3.912096e-04,1216.145582,0.475582,5.176285e+00,9.507009e+12,2.316005e-05,2.255463e+00,1.172412e+02,1.957945e+06,1.050875e-27,4.316253e-13,1.401426e-01,1.164153e-01,2.181958e+04,3.272192e+04,3.289722e+04,-1.225077e+02,2.227624e+01,-1.379580e+01
Si II 1193,2.733895e-05,1.150286e-04,1.423707e-04,1193.459890,0.169890,1.670219e-07,3.142602e+06,4.968063e-06,4.254652e-03,3.448087e+01,2.510401e+06,3.293191e-29,1.699976e-14,3.389315e-01,5.960464e+01,2.174805e+04,3.274805e+04,3.286133e+04,-1.226039e+01,2.315041e+01,-4.019129e+01
Si II 1193,2.722589e-05,9.449004e-05,1.217185e-04,1193.435245,0.145245,1.449920e-06,2.365470e+07,4.310043e-06,4.254652e-03,2.832462e+01,1.889436e+06,3.798362e-29,1.486155e-14,7.330661e-01,5.960464e+01,2.175195e+04,3.274805e+04,3.286133e+04,-1.135875e+01,8.317605e+00,-3.836115e+01
Si II 1193,2.698136e-05,1.406604e-04,1.676456e-04,1193.490050,0.200050,3.724172e-05,6.894898e+08,4.887908e-06,4.254652e-03,4.216393e+01,2.430048e+06,5.447871e-29,2.736477e-14,3.844935e+00,5.960464e+01,2.175195e+04,3.274805e+04,3.286523e+04,-1.856963e+01,2.200035e+01,-4.654764e+01
Si II 1193,2.569880e-05,1.584122e-04,1.841150e-04,1193.509703,0.219703,1.317343e-06,2.201841e+07,4.410805e-06,4.254652e-03,4.748627e+01,1.978813e+06,4.798903e-29,1.977272e-14,1.102953e-01,5.960464e+01,2.175586e+04,3.274805e+04,3.286523e+04,-3.036118e+01,1.823291e+01,-3.802182e+01
Si II 1193,2.566200e-05,1.569001e-04,1.825661e-04,1193.507854,0.217854,1.627946e-04,2.567909e+09,4.164666e-06,4.254652e-03,4.703112e+01,1.764125e+06,6.225568e-29,2.287962e-14,4.467706e+00,5.960464e+01,2.175586e+04,3.274414e+04,3.286523e+04,-2.320503e+01,1.258015e+01,-5.574781e+01
Si II 1193,2.417170e-05,1.740980e-04,1.982739e-04,1193.526598,0.236598,7.695258e-06,1.052454e+08,3.609677e-06,4.254652e-03,5.218760e+01,1.325274e+06,5.309328e-29,1.473214e-14,9.186548e-01,5.960464e+01,2.175977e+04,3.274414e+04,3.286523e+04,-3.246034e+01,1.873503e+01,-4.460725e+01
Si II 1193,2.386526e-05,2.565363e-04,2.804077e-04,1193.624608,0.334608,1.095914e-04,1.583136e+09,3.814426e-06,4.254652e-03,7.689750e+01,1.479883e+06,7.022289e-29,2.177924e-14,3.659347e+00,5.960464e+01,2.175977e+04,3.274414e+04,3.286914e+04,-5.896095e+01,2.745058e+01,-4.312989e+01
Si II 1193,2.264460e-05,2.341668e-04,2.568167e-04,1193.596457,0.306457,2.887065e-05,3.806919e+08,3.479620e-06,4.254652e-03,7.019314e+01,1.231495e+06,7.737252e-29,2.004037e-14,3.491136e+00,5.960464e+01,2.176367e+04,3.274414e+04,3.286914e+04,-5.883939e+01,1.725620e+01,-3.494099e+01
Si II 1193,2.148006e-05,2.806708e-04,3.021569e-04,1193.650561,0.360561,1.715960e-06,2.229840e+07,3.423429e-06,4.254652e-03,8.413088e+01,1.192042e+06,8.401867e-29,2.103923e-14,1.086865e+00,5.960464e+01,2.176367e+04,3.274023e+04,3.286914e+04,-7.398591e+01,1.403461e+01,-3.976580e+01
Si II 1193,2.111751e-05,2.421057e-04,2.632284e-04,1193.604108,0.314108,5.129346e-07,6.828758e+06,3.513721e-06,4.254652e-03,7.257215e+01,1.255751e+06,9.013533e-29,2.375314e-14,1.104244e+00,5.960464e+01,2.176758e+04,3.274023e+04,3.286914e+04,-5.832998e+01,1.277234e+01,-4.501079e+01
Si II 1193,2.074916e-05,2.406890e-04,2.614432e-04,1193.601978,0.311978,6.013615e-05,7.613067e+08,3.337691e-06,4.254652e-03,7.214350e+01,1.133082e+06,1.085042e-28,2.581204e-14,3.473758e+00,5.960464e+01,2.176758e+04,3.274023e+04,3.287305e+04,-5.739554e+01,-1.492346e+01,-6.652947e+01
Si II 1193,1.959041e-05,1.683231e-04,1.879169e-04,1193.514239,0.224239,5.298618e-05,6.624427e+08,3.298561e-06,4.254652e-03,5.045380e+01,1.106669e+06,9.266370e-29,2.153860e-14,4.578001e+00,5.960464e+01,2.177148e+04,3.274023e+04,3.287305e+04,-3.638942e+01,-1.551003e+01,-5.796057e+01
Si II 1193,1.806332e-05,2.021964e-04,2.202634e-04,1193.552838,0.262838,3.261137e-06,4.526351e+07,3.662944e-06,4.254652e-03,6.060944e+01,1.364676e+06,8.868990e-29,2.540818e-14,1.289832e+00,5.960464e+01,2.177539e+04,3.274023e+04,3.287305e+04,-5.223822e+01,-4.768254e+00,-4.190312e+01
Si II 1193,1.763307e-05,1.821334e-04,1.997697e-04,1193.528383,0.238383,2.179270e-06,3.092082e+07,3.743035e-06,4.254652e-03,5.459486e+01,1.425006e+06,8.129544e-29,2.435844e-14,1.004144e+00,5.960464e+01,2.177539e+04,3.274023e+04,3.287695e+04,-4.751793e+01,-1.428056e+01,-4.423941e+01
Si II 1193,1.729811e-05,2.045680e-04,2.218696e-04,1193.554755,0.264755,1.234652e-05,1.717073e+08,3.671604e-06,4.254652e-03,6.131461e+01,1.371136e+06,9.187488e-29,2.649025e-14,2.284025e+00,5.960464e+01,2.177539e+04,3.273633e+04,3.287695e+04,-5.255253e+01,-3.328040e+01,-6.419342e+01
Si II 1193,1.653622e-05,1.456454e-04,1.621840e-04,1193.483533,0.193533,3.558306e-06,5.021070e+07,3.725004e-06,4.254652e-03,4.365753e+01,1.411310e+06,8.412559e-29,2.491505e-14,4.578001e+00,5.960464e+01,2.177930e+04,3.273633e+04,3.287695e+04,-3.264678e+01,-1.323241e+01,-4.764754e+01
Si II 1193,1.500913e-05,1.236358e-04,1.386468e-04,1193.455446,0.165446,2.099198e-06,3.152677e+07,3.966316e-06,4.254652e-03,3.706097e+01,1.600087e+06,8.278449e-29,2.768873e-14,1.475421e+00,5.960464e+01,2.178320e+04,3.273633e+04,3.287695e+04,-2.220337e+01,-1.501245e+00,-4.444113e+01
Si II 1193,1.451697e-05,1.127067e-04,1.272253e-04,1193.441817,0.151817,0.000000e+00,0.000000e+00,3.700397e-06,4.254652e-03,3.378251e+01,1.392726e+06,9.498524e-29,2.777314e-14,3.102580e+00,5.960464e+01,2.178320e+04,3.273633e+04,3.288086e+04,-1.891754e+01,-1.702798e+01,-5.487519e+01
Si II 1193,1.348203e-05,1.064955e-04,1.199789e-04,1193.433170,0.143170,0.000000e+00,0.000000e+00,3.495957e-06,4.254652e-03,3.192089e+01,1.243086e+06,1.262102e-28,3.297196e-14,1.096816e+00,5.960464e+01,2.178711e+04,3.273633e+04,3.288086e+04,-1.675147e+01,-1.530368e+01,-5.355835e+01
Si II 1193,1.311617e-05,1.280357e-04,1.411535e-04,1193.458437,0.168437,9.552079e-07,1.339886e+07,3.700063e-06,4.254652e-03,3.837437e+01,1.392474e+06,1.222504e-28,3.573753e-14,4.713992e-01,7.450581e+00,2.178613e+04,3.273340e+04,3.287988e+04,-1.454160e+01,-1.527428e+01,-7.347893e+01
Si II 1193,1.295892e-05,1.643106e-04,1.772717e-04,1193.501536,0.211536,1.402523e-07,1.965973e+06,3.697419e-06,4.254652e-03,4.924740e+01,1.390485e+06,1.335258e-28,3.904814e-14,7.207853e-01,7.450581e+00,2.178613e+04,3.273340e+04,3.288184e+04,-2.461040e+01,-1.481669e+01,-7.859444e+01
Si II 1193,1.271849e-05,1.735915e-04,1.863121e-04,1193.512324,0.222324,5.072701e-06,7.012142e+07,3.647265e-06,4.254652e-03,5.202918e+01,1.353018e+06,1.554270e-28,4.424202e-14,2.289001e+00,7.450581e+00,2.178809e+04,3.273340e+04,3.288184e+04,-2.571746e+01,-1.185989e+01,-8.078475e+01
Si II 1193,1.195494e-05,1.578319e-04,1.697888e-04,1193.492607,0.202607,4.373630e-06,5.983100e+07,3.609627e-06,4.254652e-03,4.730665e+01,1.325237e+06,1.640574e-28,4.575194e-14,1.661010e+00,7.450581e+00,2.179004e+04,3.273340e+04,3.288184e+04,-2.512999e+01,-1.433929e+01,-7.253728e+01
Si II 1193,1.140087e-05,1.701552e-04,1.815580e-04,1193.506651,0.216651,2.179461e-10,2.959659e+03,3.583916e-06,4.254652e-03,5.100151e+01,1.306425e+06,1.482260e-28,4.073972e-14,6.279909e-01,7.450581e+00,2.179004e+04,3.273340e+04,3.288379e+04,-3.194510e+01,-1.478882e+01,-6.780181e+01
Si II 1193,1.119139e-05,1.343812e-04,1.455741e-04,1193.463712,0.173712,0.000000e+00,0.000000e+00,3.523995e-06,4.254652e-03,4.027924e+01,1.263105e+06,1.516182e-28,4.029924e-14,4.982361e-01,7.450581e+00,2.179199e+04,3.273340e+04,3.288379e+04,-3.065534e+01,-2.518033e+01,-5.253488e+01
Si II 1193,1.102519e-05,1.418240e-04,1.528508e-04,1193.472395,0.182395,3.178384e-04,4.531820e+09,3.762825e-06,4.254652e-03,4.250914e+01,1.440115e+06,1.429641e-28,4.333010e-14,1.790765e+00,7.450581e+00,2.179199e+04,3.273145e+04,3.288379e+04,-3.174107e+01,-2.835489e+01,-5.801759e+01
Si II 1193,1.042784e-05,1.378485e-04,1.482778e-04,1193.466938,0.176938,8.590345e-04,1.218213e+10,3.743219e-06,4.254652e-03,4.131603e+01,1.425146e+06,1.682519e-28,5.046152e-14,1.753804e+00,7.450581e+00,2.179395e+04,3.273145e+04,3.288379e+04,-3.814371e+01,-4.198765e+01,-5.225766e+01
Si II 1193,9.842822e-06,1.317893e-04,1.416335e-04,1193.459010,0.169010,8.560743e-05,1.208850e+09,3.723737e-06,4.254652e-03,3.949731e+01,1.410350e+06,1.739915e-28,5.164241e-14,5.351966e-01,7.450581e+00,2.179395e+04,3.273145e+04,3.288574e+04,-4.055205e+01,-5.410269e+01,-5.202130e+01
Si II 1193,9.664295e-06,1.265539e-04,1.362194e-04,1193.452549,0.162549,1.860915e-04,2.697215e+09,3.825613e-06,4.254652e-03,3.792460e+01,1.488576e+06,2.046443e-28,6.411042e-14,2.188657e+00,7.450581e+00,2.179590e+04,3.273145e+04,3.288574e+04,-4.470398e+01,-6.816752e+01,-5.026821e+01
Si II 1193,8.934220e-06,1.255156e-04,1.344509e-04,1193.450439,0.160439,1.257604e-04,1.892905e+09,3.969676e-06,4.254652e-03,3.761093e+01,1.602799e+06,2.319245e-28,7.823408e-14,1.003440e-01,7.450581e+00,2.179590e+04,3.272949e+04,3.288574e+04,-4.347165e+01,-7.425538e+01,-5.656895e+01
Si II 1193,8.900748e-06,1.357652e-04,1.446672e-04,1193.462630,0.172630,4.941186e-04,7.173509e+09,3.832025e-06,4.254652e-03,4.068426e+01,1.493570e+06,2.343409e-28,7.366133e-14,1.846598e+00,7.450581e+00,2.179785e+04,3.272949e+04,3.288574e+04,-4.368695e+01,-6.922144e+01,-5.972837e+01
Si II 1193,8.284773e-06,1.153677e-04,1.236534e-04,1193.437554,0.147554,5.075211e-05,7.251202e+08,3.770655e-06,4.254652e-03,3.456975e+01,1.446114e+06,2.646170e-28,8.052941e-14,4.424022e-01,7.450581e+00,2.179785e+04,3.272949e+04,3.288770e+04,-4.084023e+01,-7.334099e+01,-5.398430e+01
Si II 1193,8.137200e-06,1.501805e-04,1.583190e-04,1193.478920,0.188920,0.000000e+00,0.000000e+00,3.561661e-06,4.254652e-03,4.500728e+01,1.290251e+06,2.612591e-28,7.092281e-14,2.289001e+00,7.450581e+00,2.179980e+04,3.272949e+04,3.288770e+04,-4.428264e+01,-6.007814e+01,-6.203818e+01
Si II 1193,7.373652e-06,1.992900e-04,2.066651e-04,1193.536611,0.246611,0.000000e+00,0.000000e+00,3.681582e-06,4.254652e-03,5.972931e+01,1.378599e+06,2.438748e-28,7.072587e-14,1.590077e+00,7.450581e+00,2.180176e+04,3.272949e+04,3.288770e+04,-5.263909e+01,-4.620058e+01,-6.985285e+01
Si II 1193,6.843247e-06,2.315096e-04,2.383545e-04,1193.574426,0.284426,0.000000e+00,0.000000e+00,4.071501e-06,4.254652e-03,6.938142e+01,1.686080e+06,2.558823e-28,9.069250e-14,3.493163e-01,7.450581e+00,2.180176e+04,3.272754e+04,3.288770e+04,-5.429576e+01,-5.024868e+01,-9.257124e+01
Si II 1193,6.726724e-06,2.054901e-04,2.122182e-04,1193.543238,0.253238,0.000000e+00,0.000000e+00,3.861515e-06,4.254652e-03,6.158483e+01,1.516646e+06,2.712808e-28,8.649457e-14,3.496078e-01,7.450581e+00,2.180176e+04,3.272754e+04,3.288965e+04,-5.093761e+01,-5.057332e+01,-8.102043e+01
Si II 1193,6.610105e-06,2.240367e-04,2.306482e-04,1193.565230,0.275230,1.633691e-08,2.507166e+05,4.053387e-06,4.254652e-03,6.714416e+01,1.671110e+06,2.534073e-28,8.901504e-14,2.289001e+00,7.450581e+00,2.180371e+04,3.272754e+04,3.288965e+04,-5.468076e+01,-4.669850e+01,-8.379001e+01
Si II 1193,5.846557e-06,2.022493e-04,2.080970e-04,1193.538320,0.248320,4.175136e-07,6.514097e+06,4.118351e-06,4.254652e-03,6.061420e+01,1.725106e+06,2.692337e-28,9.765683e-14,2.032187e+00,7.450581e+00,2.180566e+04,3.272754e+04,3.288965e+04,-5.637200e+01,-5.468115e+01,-7.067099e+01
Si II 1193,5.168676e-06,2.129304e-04,2.181002e-04,1193.550257,0.260257,1.289008e-05,1.955518e+08,4.000852e-06,4.254652e-03,6.380926e+01,1.628073e+06,3.303900e-28,1.130781e-13,2.568135e-01,7.450581e+00,2.180566e+04,3.272754e+04,3.289160e+04,-7.230106e+01,-7.837563e+01,-6.346343e+01
Si II 1193,5.083010e-06,2.004511e-04,2.055351e-04,1193.535263,0.245263,1.766978e-05,2.717903e+08,4.062669e-06,4.254652e-03,6.006373e+01,1.678772e+06,3.619350e-28,1.277357e-13,9.914965e-01,7.450581e+00,2.180762e+04,3.272754e+04,3.289160e+04,-8.237666e+01,-9.507360e+01,-4.638875e+01
Si II 1193,4.752274e-06,1.931277e-04,1.978809e-04,1193.526129,0.236129,5.171918e-07,7.985662e+06,4.077948e-06,4.254652e-03,5.787026e+01,1.691423e+06,3.651434e-28,1.298219e-13,1.530038e-01,9.313226e-01,2.180713e+04,3.272607e+04,3.289111e+04,-7.072623e+01,-8.971571e+01,-6.092399e+01
Si II 1193,4.701236e-06,1.652641e-04,1.699661e-04,1193.492819,0.202819,4.791041e-07,7.242917e+06,3.991415e-06,4.254652e-03,4.952080e+01,1.620402e+06,3.493214e-28,1.189762e-13,9.340840e-01,9.313226e-01,2.180811e+04,3.272607e+04,3.289111e+04,-6.670830e+01,-8.791293e+01,-4.781214e+01
Si II 1193,4.389651e-06,1.701133e-04,1.745037e-04,1193.498234,0.208234,1.369049e-06,2.088586e+07,4.026574e-06,4.254652e-03,5.096857e+01,1.649075e+06,3.750236e-28,1.299927e-13,2.104163e-01,9.313226e-01,2.180811e+04,3.272607e+04,3.289209e+04,-7.548435e+01,-1.021174e+02,-4.395072e+01
Si II 1193,4.319462e-06,1.518678e-04,1.561880e-04,1193.476378,0.186378,3.383984e-06,5.096345e+07,3.976930e-06,4.254652e-03,4.550551e+01,1.608662e+06,3.375018e-28,1.140330e-13,1.144500e+00,9.313226e-01,2.180908e+04,3.272607e+04,3.289209e+04,-6.846874e+01,-8.951501e+01,-3.581130e+01
Si II 1193,3.937688e-06,1.519545e-04,1.558928e-04,1193.476025,0.186025,1.365904e-04,2.089182e+09,4.039493e-06,4.254652e-03,4.553766e+01,1.659674e+06,3.044776e-28,1.059833e-13,6.922064e-01,9.313226e-01,2.181006e+04,3.272607e+04,3.289209e+04,-6.415292e+01,-7.189765e+01,-3.156754e+01
Si II 1193,3.706787e-06,1.311147e-04,1.348219e-04,1193.450882,0.160882,5.536645e-04,8.685449e+09,4.139425e-06,4.254652e-03,3.929250e+01,1.742805e+06,3.202884e-28,1.170393e-13,2.882748e-01,9.313226e-01,2.181006e+04,3.272510e+04,3.289209e+04,-5.384722e+01,-6.839341e+01,-3.505061e+01
Si II 1193,3.610627e-06,1.111498e-04,1.147609e-04,1193.426943,0.136943,2.576030e-04,4.074224e+09,4.176902e-06,4.254652e-03,3.330630e+01,1.774507e+06,3.334337e-28,1.240600e-13,1.640191e-01,9.313226e-01,2.181006e+04,3.272510e+04,3.289307e+04,-5.374231e+01,-7.584618e+01,-2.650231e+01
Si II 1193,3.555914e-06,1.291386e-04,1.326950e-04,1193.448344,0.158344,6.674559e-02,1.015743e+11,4.360586e-06,4.254652e-03,3.870192e+01,1.934010e+06,3.465194e-28,1.402989e-13,1.144500e+00,9.313226e-01,2.181104e+04,3.272510e+04,3.289307e+04,-5.700387e+01,-6.269438e+01,-2.295050e+01
Si II 1193,3.174141e-06,1.684135e-04,1.715882e-04,1193.494754,0.204754,1.064720e-01,1.471238e+11,4.622462e-06,4.254652e-03,5.047727e+01,2.173280e+06,3.775358e-28,1.716006e-13,1.026878e+00,9.313226e-01,2.181201e+04,3.272510e+04,3.289307e+04,-6.717280e+01,-4.723135e+01,-1.883854e+01
Si II 1193,2.831602e-06,1.490446e-04,1.518766e-04,1193.471233,0.181233,4.617136e-04,7.941006e+09,4.541303e-06,4.254652e-03,4.466941e+01,2.097635e+06,3.838630e-28,1.684767e-13,1.176219e-01,9.313226e-01,2.181201e+04,3.272510e+04,3.289404e+04,-6.758667e+01,-5.590951e+01,-1.057122e+01
Si II 1193,2.792367e-06,1.966410e-04,1.994340e-04,1193.527983,0.237983,1.313208e-03,2.337306e+10,4.701519e-06,4.254652e-03,5.893824e+01,2.248253e+06,3.997467e-28,1.880301e-13,3.929164e-01,9.313226e-01,2.181299e+04,3.272510e+04,3.289404e+04,-7.909658e+01,-4.006927e+01,-9.404893e+00
Si II 1193,2.661301e-06,1.834771e-04,1.861389e-04,1193.512118,0.222118,1.425272e-01,1.969538e+11,4.636672e-06,4.254652e-03,5.499564e+01,2.186662e+06,4.628359e-28,2.118947e-13,7.515839e-01,9.313226e-01,2.181299e+04,3.272412e+04,3.289404e+04,-6.876637e+01,-2.785603e+01,-1.195510e+01
Si II 1193,2.410593e-06,2.346715e-04,2.370827e-04,1193.572908,0.282908,1.062693e-01,1.468637e+11,4.674559e-06,4.254652e-03,7.034179e+01,2.222543e+06,4.605238e-28,2.143567e-13,1.073276e+00,9.313226e-01,2.181396e+04,3.272412e+04,3.289404e+04,-7.834716e+01,-1.182240e+01,-1.715749e+01
Si II 1193,2.052578e-06,2.474764e-04,2.495295e-04,1193.587761,0.297761,1.292163e-04,2.247080e+09,4.593497e-06,4.254652e-03,7.417637e+01,2.146129e+06,4.745412e-28,2.134842e-13,7.122475e-02,9.313226e-01,2.181396e+04,3.272412e+04,3.289502e+04,-8.837923e+01,-3.011948e+01,-1.949056e+01
Si II 1193,2.028819e-06,2.717308e-04,2.737602e-04,1193.616675,0.326675,2.196189e-04,3.789928e+09,4.559273e-06,4.254652e-03,8.144679e+01,2.114269e+06,4.812480e-28,2.133225e-13,1.144500e+00,9.313226e-01,2.181494e+04,3.272412e+04,3.289502e+04,-9.175342e+01,-2.384999e+01,-2.532062e+01
Si II 1193,1.647045e-06,2.691438e-04,2.707912e-04,1193.613132,0.323132,0.000000e+00,0.000000e+00,4.521021e-06,4.254652e-03,8.067217e+01,2.078940e+06,5.085437e-28,2.216529e-13,9.362636e-02,9.313226e-01,2.181592e+04,3.272412e+04,3.289502e+04,-8.973875e+01,-1.982792e+01,-2.458221e+01
Si II 1193,1.615814e-06,2.692618e-04,2.708781e-04,1193.613236,0.323236,2.868670e-06,4.895157e+07,4.508122e-06,4.254652e-03,8.070904e+01,2.067094e+06,5.725460e-28,2.481915e-13,1.026046e+00,9.313226e-01,2.181592e+04,3.272314e+04,3.289502e+04,-8.194796e+01,-1.327578e+01,-3.568558e+01
Si II 1193,1.273553e-06,2.499070e-04,2.511809e-04,1193.589732,0.299732,0.000000e+00,0.000000e+00,4.314346e-06,4.254652e-03,7.490502e+01,1.893210e+06,5.836182e-28,2.318831e-13,2.482757e-02,9.313226e-01,2.181592e+04,3.272314e+04,3.289600e+04,-8.490059e+01,-3.205722e+01,-2.977527e+01
Si II 1193,1.265272e-06,2.496206e-04,2.508862e-04,1193.589380,0.299380,0.000000e+00,0.000000e+00,4.356506e-06,4.254652e-03,7.482101e+01,1.930393e+06,5.733509e-28,2.320851e-13,5.162315e-01,1.164153e-01,2.181665e+04,3.272339e+04,3.289575e+04,-8.315791e+01,-2.142348e+01,-2.520682e+01
Si II 1193,1.093071e-06,2.434929e-04,2.445863e-04,1193.581862,0.291862,0.000000e+00,0.000000e+00,4.296409e-06,4.254652e-03,7.298504e+01,1.877501e+06,6.155416e-28,2.423708e-13,5.601866e-02,1.164153e-01,2.181665e+04,3.272290e+04,3.289575e+04,-7.860742e+01,-1.947125e+01,-2.864699e+01
Si II 1193,1.074385e-06,2.455309e-04,2.466056e-04,1193.584272,0.294272,0.000000e+00,0.000000e+00,4.320381e-06,4.254652e-03,7.359639e+01,1.898511e+06,6.371127e-28,2.535668e-13,5.706212e-01,1.164153e-01,2.181714e+04,3.272290e+04,3.289575e+04,-7.978997e+01,-1.447160e+01,-2.397057e+01
Si II 1193,8.840411e-07,2.375462e-04,2.384305e-04,1193.574517,0.284517,0.000000e+00,0.000000e+00,4.243750e-06,4.254652e-03,7.120247e+01,1.831760e+06,6.649892e-28,2.554253e-13,1.628982e-03,1.164153e-01,2.181714e+04,3.272290e+04,3.289624e+04,-7.958952e+01,-2.003162e+01,-2.279760e+01
Si II 1193,8.834977e-07,2.479676e-04,2.488513e-04,1193.586952,0.296952,0.000000e+00,0.000000e+00,4.310231e-06,4.254652e-03,7.432644e+01,1.889601e+06,6.939017e-28,2.748431e-13,5.722502e-01,1.164153e-01,2.181763e+04,3.272290e+04,3.289624e+04,-8.309704e+01,-1.353602e+01,-1.827111e+01
Si II 1193,6.926108e-07,2.679058e-04,2.685986e-04,1193.610516,0.320516,0.000000e+00,0.000000e+00,4.408127e-06,4.254652e-03,8.030225e+01,1.976411e+06,7.373899e-28,3.053968e-13,3.665865e-01,1.164153e-01,2.181812e+04,3.272290e+04,3.289624e+04,-9.000937e+01,-6.555023e+00,-1.325532e+01
Si II 1193,5.703277e-07,2.784376e-04,2.790081e-04,1193.622938,0.332938,0.000000e+00,0.000000e+00,4.291397e-06,4.254652e-03,8.345895e+01,1.873123e+06,8.127138e-28,3.191262e-13,2.056637e-01,1.164153e-01,2.181812e+04,3.272241e+04,3.289624e+04,-9.185939e+01,-5.153163e+00,-1.598479e+01
Si II 1193,5.017239e-07,3.050567e-04,3.055586e-04,1193.654620,0.364620,0.000000e+00,0.000000e+00,4.364210e-06,4.254652e-03,9.143642e+01,1.937226e+06,8.630065e-28,3.504120e-13,2.156961e-02,1.164153e-01,2.181860e+04,3.272241e+04,3.289624e+04,-1.012135e+02,2.548878e+00,-1.023596e+01
Si II 1193,4.945289e-07,3.040017e-04,3.044963e-04,1193.653352,0.363352,0.000000e+00,0.000000e+00,4.333070e-06,4.254652e-03,9.112070e+01,1.909679e+06,8.842769e-28,3.540620e-13,5.506806e-01,1.164153e-01,2.181860e+04,3.272241e+04,3.289673e+04,-9.886356e+01,9.332385e-01,-1.547999e+01
Si II 1193,3.108370e-07,3.318776e-04,3.321885e-04,1193.686397,0.396397,0.000000e+00,0.000000e+00,4.378517e-06,4.254652e-03,9.947466e+01,1.949948e+06,9.245547e-28,3.779400e-13,5.722502e-01,1.164153e-01,2.181909e+04,3.272241e+04,3.289673e+04,-1.077788e+02,9.425559e+00,-1.093834e+01
Si II 1193,1.199501e-07,3.555215e-04,3.556415e-04,1193.714383,0.424383,2.807905e-07,4.642652e+06,4.368235e-06,4.254652e-03,1.065600e+02,1.940800e+06,9.527076e-28,3.875254e-13,4.476820e-02,1.164153e-01,2.181958e+04,3.272241e+04,3.289673e+04,-1.151095e+02,1.793461e+01,-6.583446e+00
Si II 1193,1.050167e-07,3.626324e-04,3.627374e-04,1193.722851,0.432851,1.108298e-04,1.838265e+09,4.381049e-06,4.254652e-03,1.086916e+02,1.952204e+06,9.587603e-28,3.924058e-13,1.721733e-01,1.164153e-01,2.181958e+04,3.272241e+04,3.289722e+04,-1.149359e+02,1.810710e+01,-1.190686e+01
Si II 1193,4.758443e-08,3.911620e-04,3.912096e-04,1193.756827,0.466827,4.650776e-05,7.724700e+08,4.387486e-06,4.254652e-03,1.172412e+02,1.957945e+06,1.050875e-27,4.316253e-13,1.401426e-01,1.164153e-01,2.181958e+04,3.272192e+04,3.289722e+04,-1.225077e+02,2.227624e+01,-1.379580e+01
Si III 1206,2.733895e-05,1.150286e-04,1.423707e-04,1206.671770,0.171770,1.030027e-05,6.757394e+07,4.968063e-06,5.463881e-02,3.448087e+01,2.510401e+06,3.293191e-29,1.699976e-14,3.389315e-01,5.960464e+01,2.174805e+04,3.274805e+04,3.286133e+04,-1.226039e+01,2.315041e+01,-4.019129e+01
Si III 1206,2.722589e-05,9.449004e-05,1.217185e-04,1206.646853,0.146853,8.544037e-05,4.863816e+08,4.310043e-06,5.463881e-02,2.832462e+01,1.889436e+06,3.798362e-29,1.486155e-14,7.330661e-01,5.960464e+01,2.175195e+04,3.274805e+04,3.286133e+04,-1.135875e+01,8.317605e+00,-3.836115e+01
Si III 1206,2.698136e-05,1.406604e-04,1.676456e-04,1206.702264,0.202264,1.715018e-02,1.508997e+10,4.887908e-06,5.463881e-02,4.216393e+01,2.430048e+06,5.447871e-29,2.736477e-14,3.844935e+00,5.960464e+01,2.175195e+04,3.274805e+04,3.286523e+04,-1.856963e+01,2.200035e+01,-4.654764e+01
Si III 1206,2.569880e-05,1.584122e-04,1.841150e-04,1206.722135,0.222135,8.152091e-05,4.749954e+08,4.410805e-06,5.463881e-02,4.748627e+01,1.978813e+06,4.798903e-29,1.977272e-14,1.102953e-01,5.960464e+01,2.175586e+04,3.274805e+04,3.286523e+04,-3.036118e+01,1.823291e+01,-3.802182e+01
Si III 1206,2.566200e-05,1.569001e-04,1.825661e-04,1206.720266,0.220266,1.166730e-01,5.557519e+10,4.164666e-06,5.463881e-02,4.703112e+01,1.764125e+06,6.225568e-29,2.287962e-14,4.467706e+00,5.960464e+01,2.175586e+04,3.274414e+04,3.286523e+04,-2.320503e+01,1.258015e+01,-5.574781e+01
Si III 1206,2.417170e-05,1.740980e-04,1.982739e-04,1206.739217,0.239217,5.237971e-04,2.502123e+09,3.609677e-06,5.463881e-02,5.218760e+01,1.325274e+06,5.309328e-29,1.473214e-14,9.186548e-01,5.960464e+01,2.175977e+04,3.274414e+04,3.286523e+04,-3.246034e+01,1.873503e+01,-4.460725e+01
Si III 1206,2.386526e-05,2.565363e-04,2.804077e-04,1206.838312,0.338312,7.198459e-02,3.637420e+10,3.814426e-06,5.463881e-02,7.689750e+01,1.479883e+06,7.022289e-29,2.177924e-14,3.659347e+00,5.960464e+01,2.175977e+04,3.274414e+04,3.286914e+04,-5.896095e+01,2.745058e+01,-4.312989e+01
Si III 1206,2.264460e-05,2.341668e-04,2.568167e-04,1206.809849,0.309849,1.783177e-03,8.217490e+09,3.479620e-06,5.463881e-02,7.019314e+01,1.231495e+06,7.737252e-29,2.004037e-14,3.491136e+00,5.960464e+01,2.176367e+04,3.274414e+04,3.286914e+04,-5.883939e+01,1.725620e+01,-3.494099e+01
Si III 1206,2.148006e-05,2.806708e-04,3.021569e-04,1206.864552,0.364552,1.056672e-04,4.781890e+08,3.423429e-06,5.463881e-02,8.413088e+01,1.192042e+06,8.401867e-29,2.103923e-14,1.086865e+00,5.960464e+01,2.176367e+04,3.274023e+04,3.286914e+04,-7.398591e+01,1.403461e+01,-3.976580e+01
Si III 1206,2.111751e-05,2.421057e-04,2.632284e-04,1206.817585,0.317585,2.956074e-05,1.373578e+08,3.513721e-06,5.463881e-02,7.257215e+01,1.255751e+06,9.013533e-29,2.375314e-14,1.104244e+00,5.960464e+01,2.176758e+04,3.274023e+04,3.286914e+04,-5.832998e+01,1.277234e+01,-4.501079e+01
Si III 1206,2.074916e-05,2.406890e-04,2.614432e-04,1206.815431,0.315431,1.512039e-02,9.969486e+09,3.337691e-06,5.463881e-02,7.214350e+01,1.133082e+06,1.085042e-28,2.581204e-14,3.473758e+00,5.960464e+01,2.176758e+04,3.274023e+04,3.287305e+04,-5.739554e+01,-1.492346e+01,-6.652947e+01
Si III 1206,1.959041e-05,1.683231e-04,1.879169e-04,1206.726722,0.226722,1.772919e-02,1.160094e+10,3.298561e-06,5.463881e-02,5.045380e+01,1.106669e+06,9.266370e-29,2.153860e-14,4.578001e+00,5.960464e+01,2.177148e+04,3.274023e+04,3.287305e+04,-3.638942e+01,-1.551003e+01,-5.796057e+01
Si III 1206,1.806332e-05,2.021964e-04,2.202634e-04,1206.765748,0.265748,1.638031e-04,7.928898e+08,3.662944e-06,5.463881e-02,6.060944e+01,1.364676e+06,8.868990e-29,2.540818e-14,1.289832e+00,5.960464e+01,2.177539e+04,3.274023e+04,3.287305e+04,-5.223822e+01,-4.768254e+00,-4.190312e+01
Si III 1206,1.763307e-05,1.821334e-04,1.997697e-04,1206.741022,0.241022,1.093939e-04,5.416461e+08,3.743035e-06,5.463881e-02,5.459486e+01,1.425006e+06,8.129544e-29,2.435844e-14,1.004144e+00,5.960464e+01,2.177539e+04,3.274023e+04,3.287695e+04,-4.751793e+01,-1.428056e+01,-4.423941e+01
Si III 1206,1.729811e-05,2.045680e-04,2.218696e-04,1206.767686,0.267686,6.196171e-04,3.007830e+09,3.671604e-06,5.463881e-02,6.131461e+01,1.371136e+06,9.187488e-29,2.649025e-14,2.284025e+00,5.960464e+01,2.177539e+04,3.273633e+04,3.287695e+04,-5.255253e+01,-3.328040e+01,-6.419342e+01
Si III 1206,1.653622e-05,1.456454e-04,1.621840e-04,1206.695675,0.195675,8.038117e-05,3.956429e+08,3.725004e-06,5.463881e-02,4.365753e+01,1.411310e+06,8.412559e-29,2.491505e-14,4.578001e+00,5.960464e+01,2.177930e+04,3.273633e+04,3.287695e+04,-3.264678e+01,-1.323241e+01,-4.764754e+01
Si III 1206,1.500913e-05,1.236358e-04,1.386468e-04,1206.667277,0.167277,4.226135e-05,2.214958e+08,3.966316e-06,5.463881e-02,3.706097e+01,1.600087e+06,8.278449e-29,2.768873e-14,1.475421e+00,5.960464e+01,2.178320e+04,3.273633e+04,3.287695e+04,-2.220337e+01,-1.501245e+00,-4.444113e+01
Si III 1206,1.451697e-05,1.127067e-04,1.272253e-04,1206.653497,0.153497,0.000000e+00,0.000000e+00,3.700397e-06,5.463881e-02,3.378251e+01,1.392726e+06,9.498524e-29,2.777314e-14,3.102580e+00,5.960464e+01,2.178320e+04,3.273633e+04,3.288086e+04,-1.891754e+01,-1.702798e+01,-5.487519e+01
Si III 1206,1.348203e-05,1.064955e-04,1.199789e-04,1206.644755,0.144755,0.000000e+00,0.000000e+00,3.495957e-06,5.463881e-02,3.192089e+01,1.243086e+06,1.262102e-28,3.297196e-14,1.096816e+00,5.960464e+01,2.178711e+04,3.273633e+04,3.288086e+04,-1.675147e+01,-1.530368e+01,-5.355835e+01
Si III 1206,1.311617e-05,1.280357e-04,1.411535e-04,1206.670302,0.170302,3.068772e-05,1.502829e+08,3.700063e-06,5.463881e-02,3.837437e+01,1.392474e+06,1.222504e-28,3.573753e-14,4.713992e-01,7.450581e+00,2.178613e+04,3.273340e+04,3.287988e+04,-1.454160e+01,-1.527428e+01,-7.347893e+01
Si III 1206,1.295892e-05,1.643106e-04,1.772717e-04,1206.713878,0.213878,4.512913e-06,2.205054e+07,3.697419e-06,5.463881e-02,4.924740e+01,1.390485e+06,1.335258e-28,3.904814e-14,7.207853e-01,7.450581e+00,2.178613e+04,3.273340e+04,3.288184e+04,-2.461040e+01,-1.481669e+01,-7.859444e+01
Si III 1206,1.271849e-05,1.735915e-04,1.863121e-04,1206.724786,0.224786,1.631821e-04,7.864885e+08,3.647265e-06,5.463881e-02,5.202918e+01,1.353018e+06,1.554270e-28,4.424202e-14,2.289001e+00,7.450581e+00,2.178809e+04,3.273340e+04,3.288184e+04,-2.571746e+01,-1.185989e+01,-8.078475e+01
Si III 1206,1.195494e-05,1.578319e-04,1.697888e-04,1206.704850,0.204850,1.406800e-04,6.710702e+08,3.609627e-06,5.463881e-02,4.730665e+01,1.325237e+06,1.640574e-28,4.575194e-14,1.661010e+00,7.450581e+00,2.179004e+04,3.273340e+04,3.288184e+04,-2.512999e+01,-1.433929e+01,-7.253728e+01
Si III 1206,1.140087e-05,1.701552e-04,1.815580e-04,1206.719050,0.219050,6.999582e-09,3.319582e+04,3.583916e-06,5.463881e-02,5.100151e+01,1.306425e+06,1.482260e-28,4.073972e-14,6.279909e-01,7.450581e+00,2.179004e+04,3.273340e+04,3.288379e+04,-3.194510e+01,-1.478882e+01,-6.780181e+01
Si III 1206,1.119139e-05,1.343812e-04,1.455741e-04,1206.675635,0.175635,0.000000e+00,0.000000e+00,3.523995e-06,5.463881e-02,4.027924e+01,1.263105e+06,1.516182e-28,4.029924e-14,4.982361e-01,7.450581e+00,2.179199e+04,3.273340e+04,3.288379e+04,-3.065534e+01,-2.518033e+01,-5.253488e+01
Si III 1206,1.102519e-05,1.418240e-04,1.528508e-04,1206.684414,0.184414,4.925383e-02,2.479772e+10,3.762825e-06,5.463881e-02,4.250914e+01,1.440115e+06,1.429641e-28,4.333010e-14,1.790765e+00,7.450581e+00,2.179199e+04,3.273145e+04,3.288379e+04,-3.174107e+01,-2.835489e+01,-5.801759e+01
Si III 1206,1.042784e-05,1.378485e-04,1.482778e-04,1206.678897,0.178897,1.393292e-01,6.634246e+10,3.743219e-06,5.463881e-02,4.131603e+01,1.425146e+06,1.682519e-28,5.046152e-14,1.753804e+00,7.450581e+00,2.179395e+04,3.273145e+04,3.288379e+04,-3.814371e+01,-4.198765e+01,-5.225766e+01
Si III 1206,9.842822e-06,1.317893e-04,1.416335e-04,1206.670881,0.170881,1.340734e-03,6.604992e+09,3.723737e-06,5.463881e-02,3.949731e+01,1.410350e+06,1.739915e-28,5.164241e-14,5.351966e-01,7.450581e+00,2.179395e+04,3.273145e+04,3.288574e+04,-4.055205e+01,-5.410269e+01,-5.202130e+01
Si III 1206,9.664295e-06,1.265539e-04,1.362194e-04,1206.664349,0.164349,2.024465e-02,1.468960e+10,3.825613e-06,5.463881e-02,3.792460e+01,1.488576e+06,2.046443e-28,6.411042e-14,2.188657e+00,7.450581e+00,2.179590e+04,3.273145e+04,3.288574e+04,-4.470398e+01,-6.816752e+01,-5.026821e+01
Si III 1206,8.934220e-06,1.255156e-04,1.344509e-04,1206.662215,0.162215,1.718744e-02,1.282349e+10,3.969676e-06,5.463881e-02,3.761093e+01,1.602799e+06,2.319245e-28,7.823408e-14,1.003440e-01,7.450581e+00,2.179590e+04,3.272949e+04,3.288574e+04,-4.347165e+01,-7.425538e+01,-5.656895e+01
Si III 1206,8.900748e-06,1.357652e-04,1.446672e-04,1206.674541,0.174541,9.580139e-02,4.846334e+10,3.832025e-06,5.463881e-02,4.068426e+01,1.493570e+06,2.343409e-28,7.366133e-14,1.846598e+00,7.450581e+00,2.179785e+04,3.272949e+04,3.288574e+04,-4.368695e+01,-6.922144e+01,-5.972837e+01
Si III 1206,8.284773e-06,1.153677e-04,1.236534e-04,1206.649188,0.149188,1.418029e-03,7.073464e+09,3.770655e-06,5.463881e-02,3.456975e+01,1.446114e+06,2.646170e-28,8.052941e-14,4.424022e-01,7.450581e+00,2.179785e+04,3.272949e+04,3.288770e+04,-4.084023e+01,-7.334099e+01,-5.398430e+01
Si III 1206,8.137200e-06,1.501805e-04,1.583190e-04,1206.691012,0.191012,2.044634e-10,9.636623e+02,3.561661e-06,5.463881e-02,4.500728e+01,1.290251e+06,2.612591e-28,7.092281e-14,2.289001e+00,7.450581e+00,2.179980e+04,3.272949e+04,3.288770e+04,-4.428264e+01,-6.007814e+01,-6.203818e+01
Si III 1206,7.373652e-06,1.992900e-04,2.066651e-04,1206.749341,0.249341,6.316780e-11,3.077356e+02,3.681582e-06,5.463881e-02,5.972931e+01,1.378599e+06,2.438748e-28,7.072587e-14,1.590077e+00,7.450581e+00,2.180176e+04,3.272949e+04,3.288770e+04,-5.263909e+01,-4.620058e+01,-6.985285e+01
Si III 1206,6.843247e-06,2.315096e-04,2.383545e-04,1206.787575,0.287575,5.709663e-12,3.071745e+01,4.071501e-06,5.463881e-02,6.938142e+01,1.686080e+06,2.558823e-28,9.069250e-14,3.493163e-01,7.450581e+00,2.180176e+04,3.272754e+04,3.288770e+04,-5.429576e+01,-5.024868e+01,-9.257124e+01
Si III 1206,6.726724e-06,2.054901e-04,2.122182e-04,1206.756041,0.256041,2.784849e-11,1.420788e+02,3.861515e-06,5.463881e-02,6.158483e+01,1.516646e+06,2.712808e-28,8.649457e-14,3.496078e-01,7.450581e+00,2.180176e+04,3.272754e+04,3.288965e+04,-5.093761e+01,-5.057332e+01,-8.102043e+01
Si III 1206,6.610105e-06,2.240367e-04,2.306482e-04,1206.778277,0.278277,1.147949e-06,6.150084e+06,4.053387e-06,5.463881e-02,6.714416e+01,1.671110e+06,2.534073e-28,8.901504e-14,2.289001e+00,7.450581e+00,2.180371e+04,3.272754e+04,3.288965e+04,-5.468076e+01,-4.669850e+01,-8.379001e+01
Si III 1206,5.846557e-06,2.022493e-04,2.080970e-04,1206.751069,0.251069,2.934902e-05,1.597881e+08,4.118351e-06,5.463881e-02,6.061420e+01,1.725106e+06,2.692337e-28,9.765683e-14,2.032187e+00,7.450581e+00,2.180566e+04,3.272754e+04,3.288965e+04,-5.637200e+01,-5.468115e+01,-7.067099e+01
Si III 1206,5.168676e-06,2.129304e-04,2.181002e-04,1206.763138,0.263138,9.074660e-04,4.796805e+09,4.000852e-06,5.463881e-02,6.380926e+01,1.628073e+06,3.303900e-28,1.130781e-13,2.568135e-01,7.450581e+00,2.180566e+04,3.272754e+04,3.289160e+04,-7.230106e+01,-7.837563e+01,-6.346343e+01
Si III 1206,5.083010e-06,2.004511e-04,2.055351e-04,1206.747978,0.247978,1.241732e-03,6.666903e+09,4.062669e-06,5.463881e-02,6.006373e+01,1.678772e+06,3.619350e-28,1.277357e-13,9.914965e-01,7.450581e+00,2.180762e+04,3.272754e+04,3.289160e+04,-8.237666e+01,-9.507360e+01,-4.638875e+01
Si III 1206,4.752274e-06,1.931277e-04,1.978809e-04,1206.738743,0.238743,3.633672e-05,1.958850e+08,4.077948e-06,5.463881e-02,5.787026e+01,1.691423e+06,3.651434e-28,1.298219e-13,1.530038e-01,9.313226e-01,2.180713e+04,3.272607e+04,3.289111e+04,-7.072623e+01,-8.971571e+01,-6.092399e+01
Si III 1206,4.701236e-06,1.652641e-04,1.699661e-04,1206.705064,0.205064,3.369762e-05,1.776657e+08,3.991415e-06,5.463881e-02,4.952080e+01,1.620402e+06,3.493214e-28,1.189762e-13,9.340840e-01,9.313226e-01,2.180811e+04,3.272607e+04,3.289111e+04,-6.670830e+01,-8.791293e+01,-4.781214e+01
Si III 1206,4.389651e-06,1.701133e-04,1.745037e-04,1206.710539,0.210539,9.620566e-05,5.123215e+08,4.026574e-06,5.463881e-02,5.096857e+01,1.649075e+06,3.750236e-28,1.299927e-13,2.104163e-01,9.313226e-01,2.180811e+04,3.272607e+04,3.289209e+04,-7.548435e+01,-1.021174e+02,-4.395072e+01
Si III 1206,4.319462e-06,1.518678e-04,1.561880e-04,1206.688441,0.188441,8.377503e-05,4.404314e+08,3.976930e-06,5.463881e-02,4.550551e+01,1.608662e+06,3.375018e-28,1.140330e-13,1.144500e+00,9.313226e-01,2.180908e+04,3.272607e+04,3.289209e+04,-6.846874e+01,-8.951501e+01,-3.581130e+01
Si III 1206,3.937688e-06,1.519545e-04,1.558928e-04,1206.688085,0.188085,1.894505e-03,1.011434e+10,4.039493e-06,5.463881e-02,4.553766e+01,1.659674e+06,3.044776e-28,1.059833e-13,6.922064e-01,9.313226e-01,2.181006e+04,3.272607e+04,3.289209e+04,-6.415292e+01,-7.189765e+01,-3.156754e+01
Si III 1206,3.706787e-06,1.311147e-04,1.348219e-04,1206.662663,0.162663,6.681679e-02,3.459095e+10,4.139425e-06,5.463881e-02,3.929250e+01,1.742805e+06,3.202884e-28,1.170393e-13,2.882748e-01,9.313226e-01,2.181006e+04,3.272510e+04,3.289209e+04,-5.384722e+01,-6.839341e+01,-3.505061e+01
Si III 1206,3.610627e-06,1.111498e-04,1.147609e-04,1206.638459,0.138459,3.124017e-02,1.622379e+10,4.176902e-06,5.463881e-02,3.330630e+01,1.774507e+06,3.334337e-28,1.240600e-13,1.640191e-01,9.313226e-01,2.181006e+04,3.272510e+04,3.289307e+04,-5.374231e+01,-7.584618e+01,-2.650231e+01
Si III 1206,3.555914e-06,1.291386e-04,1.326950e-04,1206.660096,0.160096,8.488134e-01,4.044976e+11,4.360586e-06,5.463881e-02,3.870192e+01,1.934010e+06,3.465194e-28,1.402989e-13,1.144500e+00,9.313226e-01,2.181104e+04,3.272510e+04,3.289307e+04,-5.700387e+01,-6.269438e+01,-2.295050e+01
Si III 1206,3.174141e-06,1.684135e-04,1.715882e-04,1206.707021,0.207021,1.229210e+00,5.862341e+11,4.622462e-06,5.463881e-02,5.047727e+01,2.173280e+06,3.775358e-28,1.716006e-13,1.026878e+00,9.313226e-01,2.181201e+04,3.272510e+04,3.289307e+04,-6.717280e+01,-4.723135e+01,-1.883854e+01
Si III 1206,2.831602e-06,1.490446e-04,1.518766e-04,1206.683239,0.183239,5.905551e-02,3.162153e+10,4.541303e-06,5.463881e-02,4.466941e+01,2.097635e+06,3.838630e-28,1.684767e-13,1.176219e-01,9.313226e-01,2.181201e+04,3.272510e+04,3.289404e+04,-6.758667e+01,-5.590951e+01,-1.057122e+01
Si III 1206,2.792367e-06,1.966410e-04,1.994340e-04,1206.740617,0.240617,1.950908e-01,9.307283e+10,4.701519e-06,5.463881e-02,5.893824e+01,2.248253e+06,3.997467e-28,1.880301e-13,3.929164e-01,9.313226e-01,2.181299e+04,3.272510e+04,3.289404e+04,-7.909658e+01,-4.006927e+01,-9.404893e+00
Si III 1206,2.661301e-06,1.834771e-04,1.861389e-04,1206.724577,0.224577,1.644479e+00,7.843150e+11,4.636672e-06,5.463881e-02,5.499564e+01,2.186662e+06,4.628359e-28,2.118947e-13,7.515839e-01,9.313226e-01,2.181299e+04,3.272412e+04,3.289404e+04,-6.876637e+01,-2.785603e+01,-1.195510e+01
Si III 1206,2.410593e-06,2.346715e-04,2.370827e-04,1206.786040,0.286040,1.226160e+00,5.848675e+11,4.674559e-06,5.463881e-02,7.034179e+01,2.222543e+06,4.605238e-28,2.143567e-13,1.073276e+00,9.313226e-01,2.181396e+04,3.272412e+04,3.289404e+04,-7.834716e+01,-1.182240e+01,-1.715749e+01
Si III 1206,2.052578e-06,2.474764e-04,2.495295e-04,1206.801057,0.301057,1.474343e-03,8.947997e+09,4.593497e-06,5.463881e-02,7.417637e+01,2.146129e+06,4.745412e-28,2.134842e-13,7.122475e-02,9.313226e-01,2.181396e+04,3.272412e+04,3.289502e+04,-8.837923e+01,-3.011948e+01,-1.949056e+01
Si III 1206,2.028819e-06,2.717308e-04,2.737602e-04,1206.830292,0.330292,1.814698e-02,1.509171e+10,4.559273e-06,5.463881e-02,8.144679e+01,2.114269e+06,4.812480e-28,2.133225e-13,1.144500e+00,9.313226e-01,2.181494e+04,3.272412e+04,3.289502e+04,-9.175342e+01,-2.384999e+01,-2.532062e+01
Si III 1206,1.647045e-06,2.691438e-04,2.707912e-04,1206.826710,0.326710,0.000000e+00,0.000000e+00,4.521021e-06,5.463881e-02,8.067217e+01,2.078940e+06,5.085437e-28,2.216529e-13,9.362636e-02,9.313226e-01,2.181592e+04,3.272412e+04,3.289502e+04,-8.973875e+01,-1.982792e+01,-2.458221e+01
Si III 1206,1.615814e-06,2.692618e-04,2.708781e-04,1206.826814,0.326814,3.274334e-05,1.949279e+08,4.508122e-06,5.463881e-02,8.070904e+01,2.067094e+06,5.725460e-28,2.481915e-13,1.026046e+00,9.313226e-01,2.181592e+04,3.272314e+04,3.289502e+04,-8.194796e+01,-1.327578e+01,-3.568558e+01
Si III 1206,1.273553e-06,2.499070e-04,2.511809e-04,1206.803050,0.303050,6.189586e-12,3.527085e+01,4.314346e-06,5.463881e-02,7.490502e+01,1.893210e+06,5.836182e-28,2.318831e-13,2.482757e-02,9.313226e-01,2.181592e+04,3.272314e+04,3.289600e+04,-8.490059e+01,-3.205722e+01,-2.977527e+01
Si III 1206,1.265272e-06,2.496206e-04,2.508862e-04,1206.802694,0.302694,5.140119e-13,2.957806e+00,4.356506e-06,5.463881e-02,7.482101e+01,1.930393e+06,5.733509e-28,2.320851e-13,5.162315e-01,1.164153e-01,2.181665e+04,3.272339e+04,3.289575e+04,-8.315791e+01,-2.142348e+01,-2.520682e+01
Si III 1206,1.093071e-06,2.434929e-04,2.445863e-04,1206.795093,0.295093,3.341839e-12,1.896035e+01,4.296409e-06,5.463881e-02,7.298504e+01,1.877501e+06,6.155416e-28,2.423708e-13,5.601866e-02,1.164153e-01,2.181665e+04,3.272290e+04,3.289575e+04,-7.860742e+01,-1.947125e+01,-2.864699e+01
Si III 1206,1.074385e-06,2.455309e-04,2.466056e-04,1206.797530,0.297530,5.335620e-11,3.045128e+02,4.320381e-06,5.463881e-02,7.359639e+01,1.898511e+06,6.371127e-28,2.535668e-13,5.706212e-01,1.164153e-01,2.181714e+04,3.272290e+04,3.289575e+04,-7.978997e+01,-1.447160e+01,-2.397057e+01
Si III 1206,8.840411e-07,2.375462e-04,2.384305e-04,1206.787666,0.287666,3.940024e-13,2.209013e+00,4.243750e-06,5.463881e-02,7.120247e+01,1.831760e+06,6.649892e-28,2.554253e-13,1.628982e-03,1.164153e-01,2.181714e+04,3.272290e+04,3.289624e+04,-7.958952e+01,-2.003162e+01,-2.279760e+01
Si III 1206,8.834977e-07,2.479676e-04,2.488513e-04,1206.800239,0.300239,1.815249e-10,1.034494e+03,4.310231e-06,5.463881e-02,7.432644e+01,1.889601e+06,6.939017e-28,2.748431e-13,5.722502e-01,1.164153e-01,2.181763e+04,3.272290e+04,3.289624e+04,-8.309704e+01,-1.353602e+01,-1.827111e+01
Si III 1206,6.926108e-07,2.679058e-04,2.685986e-04,1206.824064,0.324064,2.043389e-10,1.189437e+03,4.408127e-06,5.463881e-02,8.030225e+01,1.976411e+06,7.373899e-28,3.053968e-13,3.665865e-01,1.164153e-01,2.181812e+04,3.272290e+04,3.289624e+04,-9.000937e+01,-6.555023e+00,-1.325532e+01
Si III 1206,5.703277e-07,2.784376e-04,2.790081e-04,1206.836623,0.336623,2.207090e-10,1.250948e+03,4.291397e-06,5.463881e-02,8.345895e+01,1.873123e+06,8.127138e-28,3.191262e-13,2.056637e-01,1.164153e-01,2.181812e+04,3.272241e+04,3.289624e+04,-9.185939e+01,-5.153163e+00,-1.598479e+01
Si III 1206,5.017239e-07,3.050567e-04,3.055586e-04,1206.868656,0.368656,3.521148e-11,2.030637e+02,4.364210e-06,5.463881e-02,9.143642e+01,1.937226e+06,8.630065e-28,3.504120e-13,2.156961e-02,1.164153e-01,2.181860e+04,3.272241e+04,3.289624e+04,-1.012135e+02,2.548878e+00,-1.023596e+01
Si III 1206,4.945289e-07,3.040017e-04,3.044963e-04,1206.867375,0.367375,7.669700e-10,4.389846e+03,4.333070e-06,5.463881e-02,9.112070e+01,1.909679e+06,8.842769e-28,3.540620e-13,5.506806e-01,1.164153e-01,2.181860e+04,3.272241e+04,3.289673e+04,-9.886356e+01,9.332385e-01,-1.547999e+01
Si III 1206,3.108370e-07,3.318776e-04,3.321885e-04,1206.900785,0.400785,1.131252e-09,6.546717e+03,4.378517e-06,5.463881e-02,9.947466e+01,1.949948e+06,9.245547e-28,3.779400e-13,5.722502e-01,1.164153e-01,2.181909e+04,3.272241e+04,3.289673e+04,-1.077788e+02,9.425559e+00,-1.093834e+01
Si III 1206,1.199501e-07,3.555215e-04,3.556415e-04,1206.929081,0.429081,1.151976e-06,6.650681e+06,4.368235e-06,5.463881e-02,1.065600e+02,1.940800e+06,9.527076e-28,3.875254e-13,4.476820e-02,1.164153e-01,2.181958e+04,3.272241e+04,3.289673e+04,-1.151095e+02,1.793461e+01,-6.583446e+00
Si III 1206,1.050167e-07,3.626324e-04,3.627374e-04,1206.937643,0.437643,4.549839e-04,2.633060e+09,4.381049e-06,5.463881e-02,1.086916e+02,1.952204e+06,9.587603e-28,3.924058e-13,1.721733e-01,1.164153e-01,2.181958e+04,3.272241e+04,3.289722e+04,-1.149359e+02,1.810710e+01,-1.190686e+01
Si III 1206,4.758443e-08,3.911620e-04,3.912096e-04,1206.971994,0.471994,1.908921e-04,1.106458e+09,4.387486e-06,5.463881e-02,1.172412e+02,1.957945e+06,1.050875e-27,4.316253e-13,1.401426e-01,1.164153e-01,2.181958e+04,3.272192e+04,3.289722e+04,-1.225077e+02,2.227624e+01,-1.379580e+01
